step,node,type,planner,candidate_strategy
1,N9778,control0,candidate_baseline,hard_fault_cluster
2,N33256,observe,candidate_baseline,hard_fault_cluster
3,N2201,control1,candidate_baseline,hard_fault_cluster
4,N2849,control0,candidate_baseline,hard_fault_cluster
5,N33934,observe,candidate_baseline,hard_fault_cluster
6,N10160,control1,candidate_baseline,hard_fault_cluster
7,N6992,control0,candidate_baseline,hard_fault_cluster
8,N8089,observe,candidate_baseline,hard_fault_cluster
9,N34372,control1,candidate_baseline,hard_fault_cluster
10,N6781,control0,candidate_baseline,hard_fault_cluster
11,N7781,observe,candidate_baseline,hard_fault_cluster
12,N9508,control1,candidate_baseline,hard_fault_cluster
13,N4256,control0,candidate_baseline,hard_fault_cluster
14,N2921,observe,candidate_baseline,hard_fault_cluster
15,N83047,control1,candidate_baseline,hard_fault_cluster
16,N5319,control0,candidate_baseline,hard_fault_cluster
17,N8938,observe,candidate_baseline,hard_fault_cluster
18,N7849,control1,candidate_baseline,hard_fault_cluster
19,N11975,control0,candidate_baseline,hard_fault_cluster
20,N35636,observe,candidate_baseline,hard_fault_cluster
21,N3779,control1,candidate_baseline,hard_fault_cluster
22,N11983,control0,candidate_baseline,hard_fault_cluster
23,N12341,observe,candidate_baseline,hard_fault_cluster
24,N9513,control1,candidate_baseline,hard_fault_cluster
25,N12039,control0,candidate_baseline,hard_fault_cluster
26,N12323,observe,candidate_baseline,hard_fault_cluster
27,N13200,control1,candidate_baseline,hard_fault_cluster
28,N12015,control0,candidate_baseline,hard_fault_cluster
29,N12351,observe,candidate_baseline,hard_fault_cluster
30,N39525,control1,candidate_baseline,hard_fault_cluster
31,N12071,control0,candidate_baseline,hard_fault_cluster
32,N12344,observe,candidate_baseline,hard_fault_cluster
33,N3971,control1,candidate_baseline,hard_fault_cluster
34,N12055,control0,candidate_baseline,hard_fault_cluster
35,N33985,observe,candidate_baseline,hard_fault_cluster
36,N45604,control1,candidate_baseline,hard_fault_cluster
37,N12111,control0,candidate_baseline,hard_fault_cluster
38,N8774,observe,candidate_baseline,hard_fault_cluster
39,N43138,control1,candidate_baseline,hard_fault_cluster
40,N12119,control0,candidate_baseline,hard_fault_cluster
41,N8825,observe,candidate_baseline,hard_fault_cluster
42,N43136,control1,candidate_baseline,hard_fault_cluster
43,N12143,control0,candidate_baseline,hard_fault_cluster
44,N8778,observe,candidate_baseline,hard_fault_cluster
45,N2231,control1,candidate_baseline,hard_fault_cluster
46,N12103,control0,candidate_baseline,hard_fault_cluster
47,N8776,observe,candidate_baseline,hard_fault_cluster
48,N2192,control1,candidate_baseline,hard_fault_cluster
49,N12135,control0,candidate_baseline,hard_fault_cluster
50,N8820,observe,candidate_baseline,hard_fault_cluster
51,N43438,control1,candidate_baseline,hard_fault_cluster
52,N12095,control0,candidate_baseline,hard_fault_cluster
53,N8814,observe,candidate_baseline,hard_fault_cluster
54,N43105,control1,candidate_baseline,hard_fault_cluster
55,N11923,control0,candidate_baseline,hard_fault_cluster
56,N8764,observe,candidate_baseline,hard_fault_cluster
57,N27363,control1,candidate_baseline,hard_fault_cluster
58,N11952,control0,candidate_baseline,hard_fault_cluster
59,N8821,observe,candidate_baseline,hard_fault_cluster
60,N26503,control1,candidate_baseline,hard_fault_cluster
61,N12791,control0,candidate_baseline,hard_fault_cluster
62,N8823,observe,candidate_baseline,hard_fault_cluster
63,N26512,control1,candidate_baseline,hard_fault_cluster
64,N12866,control0,candidate_baseline,hard_fault_cluster
65,N8824,observe,candidate_baseline,hard_fault_cluster
66,N26514,control1,candidate_baseline,hard_fault_cluster
67,N12824,control0,candidate_baseline,hard_fault_cluster
68,N8833,observe,candidate_baseline,hard_fault_cluster
69,N26509,control1,candidate_baseline,hard_fault_cluster
70,N12863,control0,candidate_baseline,hard_fault_cluster
71,N8836,observe,candidate_baseline,hard_fault_cluster
72,N26510,control1,candidate_baseline,hard_fault_cluster
73,N12794,control0,candidate_baseline,hard_fault_cluster
74,N8809,observe,candidate_baseline,hard_fault_cluster
75,N27366,control1,candidate_baseline,hard_fault_cluster
76,N12836,control0,candidate_baseline,hard_fault_cluster
77,N8813,observe,candidate_baseline,hard_fault_cluster
78,N27354,control1,candidate_baseline,hard_fault_cluster
79,N12797,control0,candidate_baseline,hard_fault_cluster
80,N8812,observe,candidate_baseline,hard_fault_cluster
81,N27357,control1,candidate_baseline,hard_fault_cluster
82,N12830,control0,candidate_baseline,hard_fault_cluster
83,N8811,observe,candidate_baseline,hard_fault_cluster
84,N27349,control1,candidate_baseline,hard_fault_cluster
85,N12803,control0,candidate_baseline,hard_fault_cluster
86,N8810,observe,candidate_baseline,hard_fault_cluster
87,N27351,control1,candidate_baseline,hard_fault_cluster
88,N12806,control0,candidate_baseline,hard_fault_cluster
89,N8815,observe,candidate_baseline,hard_fault_cluster
90,N27353,control1,candidate_baseline,hard_fault_cluster
91,N12809,control0,candidate_baseline,hard_fault_cluster
92,N8808,observe,candidate_baseline,hard_fault_cluster
93,N26505,control1,candidate_baseline,hard_fault_cluster
94,N12821,control0,candidate_baseline,hard_fault_cluster
95,N12369,observe,candidate_baseline,hard_fault_cluster
96,N27359,control1,candidate_baseline,hard_fault_cluster
97,N12812,control0,candidate_baseline,hard_fault_cluster
98,N12385,observe,candidate_baseline,hard_fault_cluster
99,N29495,control1,candidate_baseline,hard_fault_cluster
100,N6868,control0,candidate_baseline,hard_fault_cluster
101,N12392,observe,candidate_baseline,hard_fault_cluster
102,N42464,control1,candidate_baseline,hard_fault_cluster
103,N6892,control0,candidate_baseline,hard_fault_cluster
104,N12399,observe,candidate_baseline,hard_fault_cluster
105,N26518,control1,candidate_baseline,hard_fault_cluster
106,N7643,control0,candidate_baseline,hard_fault_cluster
107,N12417,observe,candidate_baseline,hard_fault_cluster
108,N27362,control1,candidate_baseline,hard_fault_cluster
109,N4557,control0,candidate_baseline,hard_fault_cluster
110,N12433,observe,candidate_baseline,hard_fault_cluster
111,N20345,control1,candidate_baseline,hard_fault_cluster
112,N4505,control0,candidate_baseline,hard_fault_cluster
113,N12424,observe,candidate_baseline,hard_fault_cluster
114,N39551,control1,candidate_baseline,hard_fault_cluster
115,N4609,control0,candidate_baseline,hard_fault_cluster
116,N12447,observe,candidate_baseline,hard_fault_cluster
117,N40662,control1,candidate_baseline,hard_fault_cluster
118,N4660,control0,candidate_baseline,hard_fault_cluster
119,N12465,observe,candidate_baseline,hard_fault_cluster
120,N27360,control1,candidate_baseline,hard_fault_cluster
121,N4761,control0,candidate_baseline,hard_fault_cluster
122,N7469,observe,candidate_baseline,hard_fault_cluster
123,N31076,control1,candidate_baseline,hard_fault_cluster
124,N4709,control0,candidate_baseline,hard_fault_cluster
125,N7507,observe,candidate_baseline,hard_fault_cluster
126,N31089,control1,candidate_baseline,hard_fault_cluster
127,N4813,control0,candidate_baseline,hard_fault_cluster
128,N7445,observe,candidate_baseline,hard_fault_cluster
129,N31074,control1,candidate_baseline,hard_fault_cluster
130,N4350,control0,candidate_baseline,hard_fault_cluster
131,N7455,observe,candidate_baseline,hard_fault_cluster
132,N60321,control1,candidate_baseline,hard_fault_cluster
133,N4298,control0,candidate_baseline,hard_fault_cluster
134,N7277,observe,candidate_baseline,hard_fault_cluster
135,N31084,control1,candidate_baseline,hard_fault_cluster
136,N4402,control0,candidate_baseline,hard_fault_cluster
137,N7280,observe,candidate_baseline,hard_fault_cluster
138,N31079,control1,candidate_baseline,hard_fault_cluster
139,N4453,control0,candidate_baseline,hard_fault_cluster
140,N12604,observe,candidate_baseline,hard_fault_cluster
141,N31080,control1,candidate_baseline,hard_fault_cluster
142,N7112,control0,candidate_baseline,hard_fault_cluster
143,N12611,observe,candidate_baseline,hard_fault_cluster
144,N31081,control1,candidate_baseline,hard_fault_cluster
145,N7021,control0,candidate_baseline,hard_fault_cluster
146,N12569,observe,candidate_baseline,hard_fault_cluster
147,N31083,control1,candidate_baseline,hard_fault_cluster
148,N7064,control0,candidate_baseline,hard_fault_cluster
149,N12570,observe,candidate_baseline,hard_fault_cluster
150,N31087,control1,candidate_baseline,hard_fault_cluster
151,N7032,control0,candidate_baseline,hard_fault_cluster
152,N81972,observe,candidate_baseline,hard_fault_cluster
153,N31085,control1,candidate_baseline,hard_fault_cluster
154,N7376,control0,candidate_baseline,hard_fault_cluster
155,N7310,observe,candidate_baseline,hard_fault_cluster
156,N31086,control1,candidate_baseline,hard_fault_cluster
157,N7123,control0,candidate_baseline,hard_fault_cluster
158,N7162,observe,candidate_baseline,hard_fault_cluster
159,N29398,control1,candidate_baseline,hard_fault_cluster
160,N7344,control0,candidate_baseline,hard_fault_cluster
161,N7270,observe,candidate_baseline,hard_fault_cluster
162,N31078,control1,candidate_baseline,hard_fault_cluster
163,N7049,control0,candidate_baseline,hard_fault_cluster
164,N7199,observe,candidate_baseline,hard_fault_cluster
165,N29406,control1,candidate_baseline,hard_fault_cluster
166,N7292,control0,candidate_baseline,hard_fault_cluster
167,N7151,observe,candidate_baseline,hard_fault_cluster
168,N31082,control1,candidate_baseline,hard_fault_cluster
169,N7324,control0,candidate_baseline,hard_fault_cluster
170,N7210,observe,candidate_baseline,hard_fault_cluster
171,N31088,control1,candidate_baseline,hard_fault_cluster
172,N12671,control0,candidate_baseline,hard_fault_cluster
173,N7177,observe,candidate_baseline,hard_fault_cluster
174,N56213,control1,candidate_baseline,hard_fault_cluster
175,N12637,control0,candidate_baseline,hard_fault_cluster
176,N7218,observe,candidate_baseline,hard_fault_cluster
177,N56211,control1,candidate_baseline,hard_fault_cluster
178,N12641,control0,candidate_baseline,hard_fault_cluster
179,N7274,observe,candidate_baseline,hard_fault_cluster
180,N56203,control1,candidate_baseline,hard_fault_cluster
181,N12706,control0,candidate_baseline,hard_fault_cluster
182,N7225,observe,candidate_baseline,hard_fault_cluster
183,N56199,control1,candidate_baseline,hard_fault_cluster
184,N7083,control0,candidate_baseline,hard_fault_cluster
185,N7222,observe,candidate_baseline,hard_fault_cluster
186,N56221,control1,candidate_baseline,hard_fault_cluster
187,N7115,control0,candidate_baseline,hard_fault_cluster
188,N12328,observe,candidate_baseline,hard_fault_cluster
189,N56217,control1,candidate_baseline,hard_fault_cluster
190,N7131,control0,candidate_baseline,hard_fault_cluster
191,N12232,observe,candidate_baseline,hard_fault_cluster
192,N57934,control1,candidate_baseline,hard_fault_cluster
193,N12740,control0,candidate_baseline,hard_fault_cluster
194,N12247,observe,candidate_baseline,hard_fault_cluster
195,N57951,control1,candidate_baseline,hard_fault_cluster
196,N7067,control0,candidate_baseline,hard_fault_cluster
197,N12262,observe,candidate_baseline,hard_fault_cluster
198,N57952,control1,candidate_baseline,hard_fault_cluster
199,N12674,control0,candidate_baseline,hard_fault_cluster
200,N12280,observe,candidate_baseline,hard_fault_cluster
201,N57977,control1,candidate_baseline,hard_fault_cluster
202,N12216,control0,candidate_baseline,hard_fault_cluster
203,N12309,observe,candidate_baseline,hard_fault_cluster
204,N57976,control1,candidate_baseline,hard_fault_cluster
205,N12294,control0,candidate_baseline,hard_fault_cluster
206,N80361,observe,candidate_baseline,hard_fault_cluster
207,N57980,control1,candidate_baseline,hard_fault_cluster
208,N7671,control0,candidate_baseline,hard_fault_cluster
209,N13066,observe,candidate_baseline,hard_fault_cluster
210,N58021,control1,candidate_baseline,hard_fault_cluster
211,N7669,control0,candidate_baseline,hard_fault_cluster
212,N13062,observe,candidate_baseline,hard_fault_cluster
213,N57968,control1,candidate_baseline,hard_fault_cluster
214,N7673,control0,candidate_baseline,hard_fault_cluster
215,N39312,observe,candidate_baseline,hard_fault_cluster
216,N58133,control1,candidate_baseline,hard_fault_cluster
217,N75990,control0,candidate_baseline,hard_fault_cluster
218,N80908,observe,candidate_baseline,hard_fault_cluster
219,N56735,control1,candidate_baseline,hard_fault_cluster
220,N28737,control0,candidate_baseline,hard_fault_cluster
221,N33886,observe,candidate_baseline,hard_fault_cluster
222,N56739,control1,candidate_baseline,hard_fault_cluster
223,N35799,control0,candidate_baseline,hard_fault_cluster
224,N34080,observe,candidate_baseline,hard_fault_cluster
225,N56715,control1,candidate_baseline,hard_fault_cluster
226,N90162,control0,candidate_baseline,hard_fault_cluster
227,N34088,observe,candidate_baseline,hard_fault_cluster
228,N56727,control1,candidate_baseline,hard_fault_cluster
229,N12158,control0,candidate_baseline,hard_fault_cluster
230,N34084,observe,candidate_baseline,hard_fault_cluster
231,N59217,control1,candidate_baseline,hard_fault_cluster
232,N24568,control0,candidate_baseline,hard_fault_cluster
233,N75062,observe,candidate_baseline,hard_fault_cluster
234,N59221,control1,candidate_baseline,hard_fault_cluster
235,N31044,control0,candidate_baseline,hard_fault_cluster
236,N34076,observe,candidate_baseline,hard_fault_cluster
237,N59225,control1,candidate_baseline,hard_fault_cluster
238,N29390,control0,candidate_baseline,hard_fault_cluster
239,N34073,observe,candidate_baseline,hard_fault_cluster
240,N59180,control1,candidate_baseline,hard_fault_cluster
241,N31045,control0,candidate_baseline,hard_fault_cluster
242,N34097,observe,candidate_baseline,hard_fault_cluster
243,N59182,control1,candidate_baseline,hard_fault_cluster
244,N31051,control0,candidate_baseline,hard_fault_cluster
245,N34113,observe,candidate_baseline,hard_fault_cluster
246,N58049,control1,candidate_baseline,hard_fault_cluster
247,N31050,control0,candidate_baseline,hard_fault_cluster
248,N34117,observe,candidate_baseline,hard_fault_cluster
249,N56225,control1,candidate_baseline,hard_fault_cluster
250,N27574,control0,candidate_baseline,hard_fault_cluster
251,N34125,observe,candidate_baseline,hard_fault_cluster
252,N59227,control1,candidate_baseline,hard_fault_cluster
253,N26769,control0,candidate_baseline,hard_fault_cluster
254,N3429,observe,candidate_baseline,hard_fault_cluster
255,N59092,control1,candidate_baseline,hard_fault_cluster
256,N26792,control0,candidate_baseline,hard_fault_cluster
257,N34105,observe,candidate_baseline,hard_fault_cluster
258,N58135,control1,candidate_baseline,hard_fault_cluster
259,N26796,control0,candidate_baseline,hard_fault_cluster
260,N34109,observe,candidate_baseline,hard_fault_cluster
261,N48521,control1,candidate_baseline,hard_fault_cluster
262,N26788,control0,candidate_baseline,hard_fault_cluster
263,N3437,observe,candidate_baseline,hard_fault_cluster
264,N48526,control1,candidate_baseline,hard_fault_cluster
265,N26773,control0,candidate_baseline,hard_fault_cluster
266,N8937,observe,candidate_baseline,hard_fault_cluster
267,N48672,control1,candidate_baseline,hard_fault_cluster
268,N26782,control0,candidate_baseline,hard_fault_cluster
269,N3765,observe,candidate_baseline,hard_fault_cluster
270,N48531,control1,candidate_baseline,hard_fault_cluster
271,N27551,control0,candidate_baseline,hard_fault_cluster
272,N75321,observe,candidate_baseline,hard_fault_cluster
273,N48506,control1,candidate_baseline,hard_fault_cluster
274,N27509,control0,candidate_baseline,hard_fault_cluster
275,N9502,observe,candidate_baseline,hard_fault_cluster
276,N48536,control1,candidate_baseline,hard_fault_cluster
277,N26654,control0,candidate_baseline,hard_fault_cluster
278,N7639,observe,candidate_baseline,hard_fault_cluster
279,N48541,control1,candidate_baseline,hard_fault_cluster
280,N31240,control0,candidate_baseline,hard_fault_cluster
281,N12357,observe,candidate_baseline,hard_fault_cluster
282,N48516,control1,candidate_baseline,hard_fault_cluster
283,N31225,control0,candidate_baseline,hard_fault_cluster
284,N12615,observe,candidate_baseline,hard_fault_cluster
285,N48488,control1,candidate_baseline,hard_fault_cluster
286,N31221,control0,candidate_baseline,hard_fault_cluster
287,N12211,observe,candidate_baseline,hard_fault_cluster
288,N48483,control1,candidate_baseline,hard_fault_cluster
289,N31236,control0,candidate_baseline,hard_fault_cluster
290,N12335,observe,candidate_baseline,hard_fault_cluster
291,N48478,control1,candidate_baseline,hard_fault_cluster
292,N31234,control0,candidate_baseline,hard_fault_cluster
293,N1985,observe,candidate_baseline,hard_fault_cluster
294,N48511,control1,candidate_baseline,hard_fault_cluster
295,N31209,control0,candidate_baseline,hard_fault_cluster
296,N12401,observe,candidate_baseline,hard_fault_cluster
297,N48697,control1,candidate_baseline,hard_fault_cluster
298,N31219,control0,candidate_baseline,hard_fault_cluster
299,N12463,observe,candidate_baseline,hard_fault_cluster
300,N48667,control1,candidate_baseline,hard_fault_cluster
301,N31213,control0,candidate_baseline,hard_fault_cluster
302,N7411,observe,candidate_baseline,hard_fault_cluster
303,N48453,control1,candidate_baseline,hard_fault_cluster
304,N31223,control0,candidate_baseline,hard_fault_cluster
305,N12607,observe,candidate_baseline,hard_fault_cluster
306,N48458,control1,candidate_baseline,hard_fault_cluster
307,N31217,control0,candidate_baseline,hard_fault_cluster
308,N12325,observe,candidate_baseline,hard_fault_cluster
309,N48677,control1,candidate_baseline,hard_fault_cluster
310,N31211,control0,candidate_baseline,hard_fault_cluster
311,N12229,observe,candidate_baseline,hard_fault_cluster
312,N48682,control1,candidate_baseline,hard_fault_cluster
313,N31244,control0,candidate_baseline,hard_fault_cluster
314,N12214,observe,candidate_baseline,hard_fault_cluster
315,N48687,control1,candidate_baseline,hard_fault_cluster
316,N31215,control0,candidate_baseline,hard_fault_cluster
317,N12277,observe,candidate_baseline,hard_fault_cluster
318,N48463,control1,candidate_baseline,hard_fault_cluster
319,N31207,control0,candidate_baseline,hard_fault_cluster
320,N12293,observe,candidate_baseline,hard_fault_cluster
321,N48692,control1,candidate_baseline,hard_fault_cluster
322,N27507,control0,candidate_baseline,hard_fault_cluster
323,N12312,observe,candidate_baseline,hard_fault_cluster
324,N48468,control1,candidate_baseline,hard_fault_cluster
325,N29423,control0,candidate_baseline,hard_fault_cluster
326,N12782,observe,candidate_baseline,hard_fault_cluster
327,N48473,control1,candidate_baseline,hard_fault_cluster
328,N29422,control0,candidate_baseline,hard_fault_cluster
329,N12709,observe,candidate_baseline,hard_fault_cluster
330,N48702,control1,candidate_baseline,hard_fault_cluster
331,N2146,control0,candidate_baseline,hard_fault_cluster
332,N83070,observe,candidate_baseline,hard_fault_cluster
333,N47248,control1,candidate_baseline,hard_fault_cluster
334,N29458,control0,candidate_baseline,hard_fault_cluster
335,N43140,observe,candidate_baseline,hard_fault_cluster
336,N48745,control1,candidate_baseline,hard_fault_cluster
337,N97059,control0,candidate_baseline,hard_fault_cluster
338,N51484,observe,candidate_baseline,hard_fault_cluster
339,N48720,control1,candidate_baseline,hard_fault_cluster
340,N98454,control0,candidate_baseline,hard_fault_cluster
341,N34068,observe,candidate_baseline,hard_fault_cluster
342,N48750,control1,candidate_baseline,hard_fault_cluster
343,N98456,control0,candidate_baseline,hard_fault_cluster
344,N3777,observe,candidate_baseline,hard_fault_cluster
345,N48755,control1,candidate_baseline,hard_fault_cluster
346,N98458,control0,candidate_baseline,hard_fault_cluster
347,N1984,observe,candidate_baseline,hard_fault_cluster
348,N48740,control1,candidate_baseline,hard_fault_cluster
349,N96918,control0,candidate_baseline,hard_fault_cluster
350,N32323,observe,candidate_baseline,hard_fault_cluster
351,N48730,control1,candidate_baseline,hard_fault_cluster
352,N27493,control0,candidate_baseline,hard_fault_cluster
353,N12373,observe,candidate_baseline,hard_fault_cluster
354,N48725,control1,candidate_baseline,hard_fault_cluster
355,N27495,control0,candidate_baseline,hard_fault_cluster
356,N33981,observe,candidate_baseline,hard_fault_cluster
357,N48735,control1,candidate_baseline,hard_fault_cluster
358,N27497,control0,candidate_baseline,hard_fault_cluster
359,N55423,observe,candidate_baseline,hard_fault_cluster
360,N29355,control1,candidate_baseline,hard_fault_cluster
361,N27505,control0,candidate_baseline,hard_fault_cluster
362,N12581,observe,candidate_baseline,hard_fault_cluster
363,N47628,control1,candidate_baseline,hard_fault_cluster
364,N26649,control0,candidate_baseline,hard_fault_cluster
365,N7285,observe,candidate_baseline,hard_fault_cluster
366,N27858,control1,candidate_baseline,hard_fault_cluster
367,N27503,control0,candidate_baseline,hard_fault_cluster
368,N9610,observe,candidate_baseline,hard_fault_cluster
369,N26508,control1,candidate_baseline,hard_fault_cluster
370,N98460,control0,candidate_baseline,hard_fault_cluster
371,N12275,observe,candidate_baseline,hard_fault_cluster
372,N48580,control1,candidate_baseline,hard_fault_cluster
373,N26651,control0,candidate_baseline,hard_fault_cluster
374,N19878,observe,candidate_baseline,hard_fault_cluster
375,N48595,control1,candidate_baseline,hard_fault_cluster
376,N98462,control0,candidate_baseline,hard_fault_cluster
377,N12316,observe,candidate_baseline,hard_fault_cluster
378,N48590,control1,candidate_baseline,hard_fault_cluster
379,N98464,control0,candidate_baseline,hard_fault_cluster
380,N9218,observe,candidate_baseline,hard_fault_cluster
381,N48585,control1,candidate_baseline,hard_fault_cluster
382,N98466,control0,candidate_baseline,hard_fault_cluster
383,N9601,observe,candidate_baseline,hard_fault_cluster
384,N48575,control1,candidate_baseline,hard_fault_cluster
385,N26644,control0,candidate_baseline,hard_fault_cluster
386,N33181,observe,candidate_baseline,hard_fault_cluster
387,N48570,control1,candidate_baseline,hard_fault_cluster
388,N98468,control0,candidate_baseline,hard_fault_cluster
389,N2696,observe,candidate_baseline,hard_fault_cluster
390,N48565,control1,candidate_baseline,hard_fault_cluster
391,N98470,control0,candidate_baseline,hard_fault_cluster
392,N2247,observe,candidate_baseline,hard_fault_cluster
393,N48560,control1,candidate_baseline,hard_fault_cluster
394,N98472,control0,candidate_baseline,hard_fault_cluster
395,N33699,observe,candidate_baseline,hard_fault_cluster
396,N39556,control1,candidate_baseline,hard_fault_cluster
397,N27501,control0,candidate_baseline,hard_fault_cluster
398,N7636,observe,candidate_baseline,hard_fault_cluster
399,N47632,control1,candidate_baseline,hard_fault_cluster
400,N98474,control0,candidate_baseline,hard_fault_cluster
401,N43163,observe,candidate_baseline,hard_fault_cluster
402,N47642,control1,candidate_baseline,hard_fault_cluster
403,N98476,control0,candidate_baseline,hard_fault_cluster
404,N32333,observe,candidate_baseline,hard_fault_cluster
405,N48648,control1,candidate_baseline,hard_fault_cluster
406,N98478,control0,candidate_baseline,hard_fault_cluster
407,N43008,observe,candidate_baseline,hard_fault_cluster
408,N48643,control1,candidate_baseline,hard_fault_cluster
409,N98480,control0,candidate_baseline,hard_fault_cluster
410,N9593,observe,candidate_baseline,hard_fault_cluster
411,N48638,control1,candidate_baseline,hard_fault_cluster
412,N26646,control0,candidate_baseline,hard_fault_cluster
413,N2698,observe,candidate_baseline,hard_fault_cluster
414,N48633,control1,candidate_baseline,hard_fault_cluster
415,N96920,control0,candidate_baseline,hard_fault_cluster
416,N55087,observe,candidate_baseline,hard_fault_cluster
417,N48628,control1,candidate_baseline,hard_fault_cluster
418,N26647,control0,candidate_baseline,hard_fault_cluster
419,N35563,observe,candidate_baseline,hard_fault_cluster
420,N48623,control1,candidate_baseline,hard_fault_cluster
421,N27499,control0,candidate_baseline,hard_fault_cluster
422,N36290,observe,candidate_baseline,hard_fault_cluster
423,N48618,control1,candidate_baseline,hard_fault_cluster
424,N26642,control0,candidate_baseline,hard_fault_cluster
425,N12389,observe,candidate_baseline,hard_fault_cluster
426,N48613,control1,candidate_baseline,hard_fault_cluster
427,N31250,control0,candidate_baseline,hard_fault_cluster
428,N3293,observe,candidate_baseline,hard_fault_cluster
429,N48804,control1,candidate_baseline,hard_fault_cluster
430,N27593,control0,candidate_baseline,hard_fault_cluster
431,N33965,observe,candidate_baseline,hard_fault_cluster
432,N48779,control1,candidate_baseline,hard_fault_cluster
433,N30920,control0,candidate_baseline,hard_fault_cluster
434,N12547,observe,candidate_baseline,hard_fault_cluster
435,N48799,control1,candidate_baseline,hard_fault_cluster
436,N6796,control0,candidate_baseline,hard_fault_cluster
437,N12259,observe,candidate_baseline,hard_fault_cluster
438,N48784,control1,candidate_baseline,hard_fault_cluster
439,N26640,control0,candidate_baseline,hard_fault_cluster
440,N9645,observe,candidate_baseline,hard_fault_cluster
441,N48809,control1,candidate_baseline,hard_fault_cluster
442,N29124,control0,candidate_baseline,hard_fault_cluster
443,N7365,observe,candidate_baseline,hard_fault_cluster
444,N48794,control1,candidate_baseline,hard_fault_cluster
445,N29040,control0,candidate_baseline,hard_fault_cluster
446,N12271,observe,candidate_baseline,hard_fault_cluster
447,N48774,control1,candidate_baseline,hard_fault_cluster
448,N29683,control0,candidate_baseline,hard_fault_cluster
449,N55426,observe,candidate_baseline,hard_fault_cluster
450,N48789,control1,candidate_baseline,hard_fault_cluster
451,N12167,control0,candidate_baseline,hard_fault_cluster
452,N56556,observe,candidate_baseline,hard_fault_cluster
453,N40663,control1,candidate_baseline,hard_fault_cluster
454,N31053,control0,candidate_baseline,hard_fault_cluster
455,N51500,observe,candidate_baseline,hard_fault_cluster
456,N47646,control1,candidate_baseline,hard_fault_cluster
457,N29527,control0,candidate_baseline,hard_fault_cluster
458,N7640,observe,candidate_baseline,hard_fault_cluster
459,N45338,control1,candidate_baseline,hard_fault_cluster
460,N26800,control0,candidate_baseline,hard_fault_cluster
461,N12405,observe,candidate_baseline,hard_fault_cluster
462,N48827,control1,candidate_baseline,hard_fault_cluster
463,N27595,control0,candidate_baseline,hard_fault_cluster
464,N33949,observe,candidate_baseline,hard_fault_cluster
465,N48832,control1,candidate_baseline,hard_fault_cluster
466,N28915,control0,candidate_baseline,hard_fault_cluster
467,N19876,observe,candidate_baseline,hard_fault_cluster
468,N48837,control1,candidate_baseline,hard_fault_cluster
469,N27491,control0,candidate_baseline,hard_fault_cluster
470,N19834,observe,candidate_baseline,hard_fault_cluster
471,N48842,control1,candidate_baseline,hard_fault_cluster
472,N57703,control0,candidate_baseline,hard_fault_cluster
473,N12243,observe,candidate_baseline,hard_fault_cluster
474,N48846,control1,candidate_baseline,hard_fault_cluster
475,N26684,control0,candidate_baseline,hard_fault_cluster
476,N9608,observe,candidate_baseline,hard_fault_cluster
477,N48851,control1,candidate_baseline,hard_fault_cluster
478,N31121,control0,candidate_baseline,hard_fault_cluster
479,N5157,observe,candidate_baseline,hard_fault_cluster
480,N48861,control1,candidate_baseline,hard_fault_cluster
481,N29685,control0,candidate_baseline,hard_fault_cluster
482,N7381,observe,candidate_baseline,hard_fault_cluster
483,N48856,control1,candidate_baseline,hard_fault_cluster
484,N29457,control0,candidate_baseline,hard_fault_cluster
485,N12255,observe,candidate_baseline,hard_fault_cluster
486,N47635,control1,candidate_baseline,hard_fault_cluster
487,N39549,control0,candidate_baseline,hard_fault_cluster
488,N12649,observe,candidate_baseline,hard_fault_cluster
489,N45346,control1,candidate_baseline,hard_fault_cluster
490,N98450,control0,candidate_baseline,hard_fault_cluster
491,N2870,observe,candidate_baseline,hard_fault_cluster
492,N45452,control1,candidate_baseline,hard_fault_cluster
493,N28847,control0,candidate_baseline,hard_fault_cluster
494,N55425,observe,candidate_baseline,hard_fault_cluster
495,N45432,control1,candidate_baseline,hard_fault_cluster
496,N26691,control0,candidate_baseline,hard_fault_cluster
497,N12421,observe,candidate_baseline,hard_fault_cluster
498,N45442,control1,candidate_baseline,hard_fault_cluster
499,N17825,control0,candidate_baseline,hard_fault_cluster
500,N56541,observe,candidate_baseline,hard_fault_cluster
501,N45447,control1,candidate_baseline,hard_fault_cluster
502,N22388,control0,candidate_baseline,hard_fault_cluster
503,N7432,observe,candidate_baseline,hard_fault_cluster
504,N45437,control1,candidate_baseline,hard_fault_cluster
505,N22385,control0,candidate_baseline,hard_fault_cluster
506,N12291,observe,candidate_baseline,hard_fault_cluster
507,N45427,control1,candidate_baseline,hard_fault_cluster
508,N22392,control0,candidate_baseline,hard_fault_cluster
509,N7644,observe,candidate_baseline,hard_fault_cluster
510,N47639,control1,candidate_baseline,hard_fault_cluster
511,N22477,control0,candidate_baseline,hard_fault_cluster
512,N3810,observe,candidate_baseline,hard_fault_cluster
513,N47649,control1,candidate_baseline,hard_fault_cluster
514,N27489,control0,candidate_baseline,hard_fault_cluster
515,N7349,observe,candidate_baseline,hard_fault_cluster
516,N45422,control1,candidate_baseline,hard_fault_cluster
517,N27599,control0,candidate_baseline,hard_fault_cluster
518,N12220,observe,candidate_baseline,hard_fault_cluster
519,N45342,control1,candidate_baseline,hard_fault_cluster
520,N26261,control0,candidate_baseline,hard_fault_cluster
521,N35739,observe,candidate_baseline,hard_fault_cluster
522,N47653,control1,candidate_baseline,hard_fault_cluster
523,N39555,control0,candidate_baseline,hard_fault_cluster
524,N12683,observe,candidate_baseline,hard_fault_cluster
525,N45417,control1,candidate_baseline,hard_fault_cluster
526,N29687,control0,candidate_baseline,hard_fault_cluster
527,N55412,observe,candidate_baseline,hard_fault_cluster
528,N45412,control1,candidate_baseline,hard_fault_cluster
529,N31125,control0,candidate_baseline,hard_fault_cluster
530,N10955,observe,candidate_baseline,hard_fault_cluster
531,N57780,control1,candidate_baseline,hard_fault_cluster
532,N26638,control0,candidate_baseline,hard_fault_cluster
533,N34236,observe,candidate_baseline,hard_fault_cluster
534,N45407,control1,candidate_baseline,hard_fault_cluster
535,N29528,control0,candidate_baseline,hard_fault_cluster
536,N3363,observe,candidate_baseline,hard_fault_cluster
537,N45334,control1,candidate_baseline,hard_fault_cluster
538,N89115,control0,candidate_baseline,hard_fault_cluster
539,N47062,observe,candidate_baseline,hard_fault_cluster
540,N45354,control1,candidate_baseline,hard_fault_cluster
541,N85019,control0,candidate_baseline,hard_fault_cluster
542,N12437,observe,candidate_baseline,hard_fault_cluster
543,N45402,control1,candidate_baseline,hard_fault_cluster
544,N26678,control0,candidate_baseline,hard_fault_cluster
545,N51485,observe,candidate_baseline,hard_fault_cluster
546,N45387,control1,candidate_baseline,hard_fault_cluster
547,N26275,control0,candidate_baseline,hard_fault_cluster
548,N7496,observe,candidate_baseline,hard_fault_cluster
549,N45392,control1,candidate_baseline,hard_fault_cluster
550,N26266,control0,candidate_baseline,hard_fault_cluster
551,N12227,observe,candidate_baseline,hard_fault_cluster
552,N45397,control1,candidate_baseline,hard_fault_cluster
553,N85115,control0,candidate_baseline,hard_fault_cluster
554,N7397,observe,candidate_baseline,hard_fault_cluster
555,N2041,control1,candidate_baseline,hard_fault_cluster
556,N85009,control0,candidate_baseline,hard_fault_cluster
557,N12236,observe,candidate_baseline,hard_fault_cluster
558,N45350,control1,candidate_baseline,hard_fault_cluster
559,N85105,control0,candidate_baseline,hard_fault_cluster
560,N32402,observe,candidate_baseline,hard_fault_cluster
561,N56794,control1,candidate_baseline,hard_fault_cluster
562,N85055,control0,candidate_baseline,hard_fault_cluster
563,N12208,observe,candidate_baseline,hard_fault_cluster
564,N45370,control1,candidate_baseline,hard_fault_cluster
565,N85135,control0,candidate_baseline,hard_fault_cluster
566,N3379,observe,candidate_baseline,hard_fault_cluster
567,N45378,control1,candidate_baseline,hard_fault_cluster
568,N85079,control0,candidate_baseline,hard_fault_cluster
569,N56543,observe,candidate_baseline,hard_fault_cluster
570,N45362,control1,candidate_baseline,hard_fault_cluster
571,N85171,control0,candidate_baseline,hard_fault_cluster
572,N12453,observe,candidate_baseline,hard_fault_cluster
573,N57981,control1,candidate_baseline,hard_fault_cluster
574,N85029,control0,candidate_baseline,hard_fault_cluster
575,N7464,observe,candidate_baseline,hard_fault_cluster
576,N48061,control1,candidate_baseline,hard_fault_cluster
577,N27601,control0,candidate_baseline,hard_fault_cluster
578,N12659,observe,candidate_baseline,hard_fault_cluster
579,N48041,control1,candidate_baseline,hard_fault_cluster
580,N18172,control0,candidate_baseline,hard_fault_cluster
581,N12307,observe,candidate_baseline,hard_fault_cluster
582,N48031,control1,candidate_baseline,hard_fault_cluster
583,N85125,control0,candidate_baseline,hard_fault_cluster
584,N7333,observe,candidate_baseline,hard_fault_cluster
585,N48056,control1,candidate_baseline,hard_fault_cluster
586,N26057,control0,candidate_baseline,hard_fault_cluster
587,N12268,observe,candidate_baseline,hard_fault_cluster
588,N48051,control1,candidate_baseline,hard_fault_cluster
589,N26060,control0,candidate_baseline,hard_fault_cluster
590,N45831,observe,candidate_baseline,hard_fault_cluster
591,N48046,control1,candidate_baseline,hard_fault_cluster
592,N85069,control0,candidate_baseline,hard_fault_cluster
593,N39603,observe,candidate_baseline,hard_fault_cluster
594,N48026,control1,candidate_baseline,hard_fault_cluster
595,N27894,control0,candidate_baseline,hard_fault_cluster
596,N3371,observe,candidate_baseline,hard_fault_cluster
597,N48036,control1,candidate_baseline,hard_fault_cluster
598,N85099,control0,candidate_baseline,hard_fault_cluster
599,N12717,observe,candidate_baseline,hard_fault_cluster
600,N59231,control1,candidate_baseline,hard_fault_cluster
601,N85161,control0,candidate_baseline,hard_fault_cluster
602,N7528,observe,candidate_baseline,hard_fault_cluster
603,N48094,control1,candidate_baseline,hard_fault_cluster
604,N85191,control0,candidate_baseline,hard_fault_cluster
605,N12625,observe,candidate_baseline,hard_fault_cluster
606,N48114,control1,candidate_baseline,hard_fault_cluster
607,N26011,control0,candidate_baseline,hard_fault_cluster
608,N7301,observe,candidate_baseline,hard_fault_cluster
609,N48079,control1,candidate_baseline,hard_fault_cluster
610,N85089,control0,candidate_baseline,hard_fault_cluster
611,N12300,observe,candidate_baseline,hard_fault_cluster
612,N48084,control1,candidate_baseline,hard_fault_cluster
613,N85181,control0,candidate_baseline,hard_fault_cluster
614,N12339,observe,candidate_baseline,hard_fault_cluster
615,N48089,control1,candidate_baseline,hard_fault_cluster
616,N38464,control0,candidate_baseline,hard_fault_cluster
617,N3347,observe,candidate_baseline,hard_fault_cluster
618,N48104,control1,candidate_baseline,hard_fault_cluster
619,N28849,control0,candidate_baseline,hard_fault_cluster
620,N8128,observe,candidate_baseline,hard_fault_cluster
621,N48099,control1,candidate_baseline,hard_fault_cluster
622,N28807,control0,candidate_baseline,hard_fault_cluster
623,N12273,observe,candidate_baseline,hard_fault_cluster
624,N48109,control1,candidate_baseline,hard_fault_cluster
625,N26693,control0,candidate_baseline,hard_fault_cluster
626,N7147,observe,candidate_baseline,hard_fault_cluster
627,N45374,control1,candidate_baseline,hard_fault_cluster
628,N27791,control0,candidate_baseline,hard_fault_cluster
629,N12239,observe,candidate_baseline,hard_fault_cluster
630,N48245,control1,candidate_baseline,hard_fault_cluster
631,N29689,control0,candidate_baseline,hard_fault_cluster
632,N12513,observe,candidate_baseline,hard_fault_cluster
633,N48240,control1,candidate_baseline,hard_fault_cluster
634,N20381,control0,candidate_baseline,hard_fault_cluster
635,N3355,observe,candidate_baseline,hard_fault_cluster
636,N48275,control1,candidate_baseline,hard_fault_cluster
637,N27896,control0,candidate_baseline,hard_fault_cluster
638,N12371,observe,candidate_baseline,hard_fault_cluster
639,N48270,control1,candidate_baseline,hard_fault_cluster
640,N27862,control0,candidate_baseline,hard_fault_cluster
641,N12257,observe,candidate_baseline,hard_fault_cluster
642,N48265,control1,candidate_baseline,hard_fault_cluster
643,N56758,control0,candidate_baseline,hard_fault_cluster
644,N7227,observe,candidate_baseline,hard_fault_cluster
645,N48260,control1,candidate_baseline,hard_fault_cluster
646,N95763,control0,candidate_baseline,hard_fault_cluster
647,N12284,observe,candidate_baseline,hard_fault_cluster
648,N48255,control1,candidate_baseline,hard_fault_cluster
649,N29529,control0,candidate_baseline,hard_fault_cluster
650,N12519,observe,candidate_baseline,hard_fault_cluster
651,N48250,control1,candidate_baseline,hard_fault_cluster
652,N27487,control0,candidate_baseline,hard_fault_cluster
653,N7548,observe,candidate_baseline,hard_fault_cluster
654,N45358,control1,candidate_baseline,hard_fault_cluster
655,N27790,control0,candidate_baseline,hard_fault_cluster
656,N8121,observe,candidate_baseline,hard_fault_cluster
657,N45330,control1,candidate_baseline,hard_fault_cluster
658,N20279,control0,candidate_baseline,hard_fault_cluster
659,N12355,observe,candidate_baseline,hard_fault_cluster
660,N29387,control1,candidate_baseline,hard_fault_cluster
661,N25922,control0,candidate_baseline,hard_fault_cluster
662,N33193,observe,candidate_baseline,hard_fault_cluster
663,N13800,control1,candidate_baseline,hard_fault_cluster
664,N27653,control0,candidate_baseline,hard_fault_cluster
665,N12209,observe,candidate_baseline,hard_fault_cluster
666,N57933,control1,candidate_baseline,hard_fault_cluster
667,N26239,control0,candidate_baseline,hard_fault_cluster
668,N7179,observe,candidate_baseline,hard_fault_cluster
669,N48313,control1,candidate_baseline,hard_fault_cluster
670,N26247,control0,candidate_baseline,hard_fault_cluster
671,N12287,observe,candidate_baseline,hard_fault_cluster
672,N48318,control1,candidate_baseline,hard_fault_cluster
673,N26243,control0,candidate_baseline,hard_fault_cluster
674,N3332,observe,candidate_baseline,hard_fault_cluster
675,N48308,control1,candidate_baseline,hard_fault_cluster
676,N26251,control0,candidate_baseline,hard_fault_cluster
677,N12524,observe,candidate_baseline,hard_fault_cluster
678,N48303,control1,candidate_baseline,hard_fault_cluster
679,N26235,control0,candidate_baseline,hard_fault_cluster
680,N12387,observe,candidate_baseline,hard_fault_cluster
681,N48323,control1,candidate_baseline,hard_fault_cluster
682,N27864,control0,candidate_baseline,hard_fault_cluster
683,N95153,observe,candidate_baseline,hard_fault_cluster
684,N48328,control1,candidate_baseline,hard_fault_cluster
685,N27898,control0,candidate_baseline,hard_fault_cluster
686,N7243,observe,candidate_baseline,hard_fault_cluster
687,N48298,control1,candidate_baseline,hard_fault_cluster
688,N26358,control0,candidate_baseline,hard_fault_cluster
689,N12289,observe,candidate_baseline,hard_fault_cluster
690,N48293,control1,candidate_baseline,hard_fault_cluster
691,N25924,control0,candidate_baseline,hard_fault_cluster
692,N12252,observe,candidate_baseline,hard_fault_cluster
693,N2030,control1,candidate_baseline,hard_fault_cluster
694,N26337,control0,candidate_baseline,hard_fault_cluster
695,N3386,observe,candidate_baseline,hard_fault_cluster
696,N47589,control1,candidate_baseline,hard_fault_cluster
697,N26351,control0,candidate_baseline,hard_fault_cluster
698,N12403,observe,candidate_baseline,hard_fault_cluster
699,N48168,control1,candidate_baseline,hard_fault_cluster
700,N26330,control0,candidate_baseline,hard_fault_cluster
701,N12528,observe,candidate_baseline,hard_fault_cluster
702,N48163,control1,candidate_baseline,hard_fault_cluster
703,N26344,control0,candidate_baseline,hard_fault_cluster
704,N7163,observe,candidate_baseline,hard_fault_cluster
705,N48158,control1,candidate_baseline,hard_fault_cluster
706,N34840,control0,candidate_baseline,hard_fault_cluster
707,N12223,observe,candidate_baseline,hard_fault_cluster
708,N48153,control1,candidate_baseline,hard_fault_cluster
709,N32591,control0,candidate_baseline,hard_fault_cluster
710,N12451,observe,candidate_baseline,hard_fault_cluster
711,N48148,control1,candidate_baseline,hard_fault_cluster
712,N32587,control0,candidate_baseline,hard_fault_cluster
713,N12562,observe,candidate_baseline,hard_fault_cluster
714,N48143,control1,candidate_baseline,hard_fault_cluster
715,N32583,control0,candidate_baseline,hard_fault_cluster
716,N8133,observe,candidate_baseline,hard_fault_cluster
717,N48138,control1,candidate_baseline,hard_fault_cluster
718,N32619,control0,candidate_baseline,hard_fault_cluster
719,N3325,observe,candidate_baseline,hard_fault_cluster
720,N48133,control1,candidate_baseline,hard_fault_cluster
721,N32595,control0,candidate_baseline,hard_fault_cluster
722,N7195,observe,candidate_baseline,hard_fault_cluster
723,N47597,control1,candidate_baseline,hard_fault_cluster
724,N32625,control0,candidate_baseline,hard_fault_cluster
725,N12303,observe,candidate_baseline,hard_fault_cluster
726,N13794,control1,candidate_baseline,hard_fault_cluster
727,N32622,control0,candidate_baseline,hard_fault_cluster
728,N33187,observe,candidate_baseline,hard_fault_cluster
729,N47613,control1,candidate_baseline,hard_fault_cluster
730,N32616,control0,candidate_baseline,hard_fault_cluster
731,N12553,observe,candidate_baseline,hard_fault_cluster
732,N2037,control1,candidate_baseline,hard_fault_cluster
733,N32628,control0,candidate_baseline,hard_fault_cluster
734,N7259,observe,candidate_baseline,hard_fault_cluster
735,N48211,control1,candidate_baseline,hard_fault_cluster
736,N32613,control0,candidate_baseline,hard_fault_cluster
737,N12319,observe,candidate_baseline,hard_fault_cluster
738,N48206,control1,candidate_baseline,hard_fault_cluster
739,N32610,control0,candidate_baseline,hard_fault_cluster
740,N8124,observe,candidate_baseline,hard_fault_cluster
741,N48216,control1,candidate_baseline,hard_fault_cluster
742,N32607,control0,candidate_baseline,hard_fault_cluster
743,N3554,observe,candidate_baseline,hard_fault_cluster
744,N48201,control1,candidate_baseline,hard_fault_cluster
745,N32604,control0,candidate_baseline,hard_fault_cluster
746,N12587,observe,candidate_baseline,hard_fault_cluster
747,N48221,control1,candidate_baseline,hard_fault_cluster
748,N32601,control0,candidate_baseline,hard_fault_cluster
749,N33183,observe,candidate_baseline,hard_fault_cluster
750,N48196,control1,candidate_baseline,hard_fault_cluster
751,N32598,control0,candidate_baseline,hard_fault_cluster
752,N3470,observe,candidate_baseline,hard_fault_cluster
753,N48186,control1,candidate_baseline,hard_fault_cluster
754,N26365,control0,candidate_baseline,hard_fault_cluster
755,N8132,observe,candidate_baseline,hard_fault_cluster
756,N48191,control1,candidate_baseline,hard_fault_cluster
757,N28736,control0,candidate_baseline,hard_fault_cluster
758,N12665,observe,candidate_baseline,hard_fault_cluster
759,N48382,control1,candidate_baseline,hard_fault_cluster
760,N32645,control0,candidate_baseline,hard_fault_cluster
761,N7213,observe,candidate_baseline,hard_fault_cluster
762,N48377,control1,candidate_baseline,hard_fault_cluster
763,N32643,control0,candidate_baseline,hard_fault_cluster
764,N3527,observe,candidate_baseline,hard_fault_cluster
765,N48372,control1,candidate_baseline,hard_fault_cluster
766,N32651,control0,candidate_baseline,hard_fault_cluster
767,N33177,observe,candidate_baseline,hard_fault_cluster
768,N48367,control1,candidate_baseline,hard_fault_cluster
769,N32639,control0,candidate_baseline,hard_fault_cluster
770,N12662,observe,candidate_baseline,hard_fault_cluster
771,N48362,control1,candidate_baseline,hard_fault_cluster
772,N32653,control0,candidate_baseline,hard_fault_cluster
773,N8122,observe,candidate_baseline,hard_fault_cluster
774,N48357,control1,candidate_baseline,hard_fault_cluster
775,N32655,control0,candidate_baseline,hard_fault_cluster
776,N7261,observe,candidate_baseline,hard_fault_cluster
777,N48352,control1,candidate_baseline,hard_fault_cluster
778,N32641,control0,candidate_baseline,hard_fault_cluster
779,N3563,observe,candidate_baseline,hard_fault_cluster
780,N48347,control1,candidate_baseline,hard_fault_cluster
781,N32637,control0,candidate_baseline,hard_fault_cluster
782,N12663,observe,candidate_baseline,hard_fault_cluster
783,N22040,control1,candidate_baseline,hard_fault_cluster
784,N32657,control0,candidate_baseline,hard_fault_cluster
785,N3506,observe,candidate_baseline,hard_fault_cluster
786,N47617,control1,candidate_baseline,hard_fault_cluster
787,N32647,control0,candidate_baseline,hard_fault_cluster
788,N81147,observe,candidate_baseline,hard_fault_cluster
789,N7712,control1,candidate_baseline,hard_fault_cluster
790,N32649,control0,candidate_baseline,hard_fault_cluster
791,N12654,observe,candidate_baseline,hard_fault_cluster
792,N48400,control1,candidate_baseline,hard_fault_cluster
793,N36598,control0,candidate_baseline,hard_fault_cluster
794,N3536,observe,candidate_baseline,hard_fault_cluster
795,N48425,control1,candidate_baseline,hard_fault_cluster
796,N36592,control0,candidate_baseline,hard_fault_cluster
797,N32370,observe,candidate_baseline,hard_fault_cluster
798,N48420,control1,candidate_baseline,hard_fault_cluster
799,N36595,control0,candidate_baseline,hard_fault_cluster
800,N12628,observe,candidate_baseline,hard_fault_cluster
801,N48415,control1,candidate_baseline,hard_fault_cluster
802,N36601,control0,candidate_baseline,hard_fault_cluster
803,N8125,observe,candidate_baseline,hard_fault_cluster
804,N48410,control1,candidate_baseline,hard_fault_cluster
805,N36604,control0,candidate_baseline,hard_fault_cluster
806,N3478,observe,candidate_baseline,hard_fault_cluster
807,N48405,control1,candidate_baseline,hard_fault_cluster
808,N36583,control0,candidate_baseline,hard_fault_cluster
809,N32363,observe,candidate_baseline,hard_fault_cluster
810,N48430,control1,candidate_baseline,hard_fault_cluster
811,N36574,control0,candidate_baseline,hard_fault_cluster
812,N12624,observe,candidate_baseline,hard_fault_cluster
813,N48435,control1,candidate_baseline,hard_fault_cluster
814,N36607,control0,candidate_baseline,hard_fault_cluster
815,N3486,observe,candidate_baseline,hard_fault_cluster
816,N47604,control1,candidate_baseline,hard_fault_cluster
817,N36568,control0,candidate_baseline,hard_fault_cluster
818,N8141,observe,candidate_baseline,hard_fault_cluster
819,N47608,control1,candidate_baseline,hard_fault_cluster
820,N36589,control0,candidate_baseline,hard_fault_cluster
821,N12620,observe,candidate_baseline,hard_fault_cluster
822,N49643,control1,candidate_baseline,hard_fault_cluster
823,N36610,control0,candidate_baseline,hard_fault_cluster
824,N3496,observe,candidate_baseline,hard_fault_cluster
825,N47620,control1,candidate_baseline,hard_fault_cluster
826,N36580,control0,candidate_baseline,hard_fault_cluster
827,N79073,observe,candidate_baseline,hard_fault_cluster
828,N7727,control1,candidate_baseline,hard_fault_cluster
829,N36571,control0,candidate_baseline,hard_fault_cluster
830,N12518,observe,candidate_baseline,hard_fault_cluster
831,N44669,control1,candidate_baseline,hard_fault_cluster
832,N36577,control0,candidate_baseline,hard_fault_cluster
833,N8139,observe,candidate_baseline,hard_fault_cluster
834,N13801,control1,candidate_baseline,hard_fault_cluster
835,N36586,control0,candidate_baseline,hard_fault_cluster
836,N33503,observe,candidate_baseline,hard_fault_cluster
837,N47624,control1,candidate_baseline,hard_fault_cluster
838,N32659,control0,candidate_baseline,hard_fault_cluster
839,N74440,observe,candidate_baseline,hard_fault_cluster
840,N45326,control1,candidate_baseline,hard_fault_cluster
841,N38673,control0,candidate_baseline,hard_fault_cluster
842,N12522,observe,candidate_baseline,hard_fault_cluster
843,N43733,control1,candidate_baseline,hard_fault_cluster
844,N29583,control0,candidate_baseline,hard_fault_cluster
845,N3545,observe,candidate_baseline,hard_fault_cluster
846,N56796,control1,candidate_baseline,hard_fault_cluster
847,N34844,control0,candidate_baseline,hard_fault_cluster
848,N34231,observe,candidate_baseline,hard_fault_cluster
849,N2078,control1,candidate_baseline,hard_fault_cluster
850,N20349,control0,candidate_baseline,hard_fault_cluster
851,N8130,observe,candidate_baseline,hard_fault_cluster
852,N2036,control1,candidate_baseline,hard_fault_cluster
853,N20383,control0,candidate_baseline,hard_fault_cluster
854,N33520,observe,candidate_baseline,hard_fault_cluster
855,N51036,control1,candidate_baseline,hard_fault_cluster
856,N25855,control0,candidate_baseline,hard_fault_cluster
857,N74448,observe,candidate_baseline,hard_fault_cluster
858,N7726,control1,candidate_baseline,hard_fault_cluster
859,N38702,control0,candidate_baseline,hard_fault_cluster
860,N12556,observe,candidate_baseline,hard_fault_cluster
861,N20546,control1,candidate_baseline,hard_fault_cluster
862,N15296,control0,candidate_baseline,hard_fault_cluster
863,N34240,observe,candidate_baseline,hard_fault_cluster
864,N59124,control1,candidate_baseline,hard_fault_cluster
865,N27789,control0,candidate_baseline,hard_fault_cluster
866,N8137,observe,candidate_baseline,hard_fault_cluster
867,N49640,control1,candidate_baseline,hard_fault_cluster
868,N32661,control0,candidate_baseline,hard_fault_cluster
869,N38444,observe,candidate_baseline,hard_fault_cluster
870,N59082,control1,candidate_baseline,hard_fault_cluster
871,N38470,control0,candidate_baseline,hard_fault_cluster
872,N3516,observe,candidate_baseline,hard_fault_cluster
873,N2082,control1,candidate_baseline,hard_fault_cluster
874,N38468,control0,candidate_baseline,hard_fault_cluster
875,N12550,observe,candidate_baseline,hard_fault_cluster
876,N49658,control1,candidate_baseline,hard_fault_cluster
877,N89874,control0,candidate_baseline,hard_fault_cluster
878,N3401,observe,candidate_baseline,hard_fault_cluster
879,N49688,control1,candidate_baseline,hard_fault_cluster
880,N34848,control0,candidate_baseline,hard_fault_cluster
881,N12560,observe,candidate_baseline,hard_fault_cluster
882,N49664,control1,candidate_baseline,hard_fault_cluster
883,N34535,control0,candidate_baseline,hard_fault_cluster
884,N8135,observe,candidate_baseline,hard_fault_cluster
885,N49676,control1,candidate_baseline,hard_fault_cluster
886,N34527,control0,candidate_baseline,hard_fault_cluster
887,N3574,observe,candidate_baseline,hard_fault_cluster
888,N49694,control1,candidate_baseline,hard_fault_cluster
889,N34559,control0,candidate_baseline,hard_fault_cluster
890,N12584,observe,candidate_baseline,hard_fault_cluster
891,N49670,control1,candidate_baseline,hard_fault_cluster
892,N34531,control0,candidate_baseline,hard_fault_cluster
893,N7939,observe,candidate_baseline,hard_fault_cluster
894,N49652,control1,candidate_baseline,hard_fault_cluster
895,N34547,control0,candidate_baseline,hard_fault_cluster
896,N8129,observe,candidate_baseline,hard_fault_cluster
897,N49682,control1,candidate_baseline,hard_fault_cluster
898,N34543,control0,candidate_baseline,hard_fault_cluster
899,N12595,observe,candidate_baseline,hard_fault_cluster
900,N49712,control1,candidate_baseline,hard_fault_cluster
901,N34551,control0,candidate_baseline,hard_fault_cluster
902,N3298,observe,candidate_baseline,hard_fault_cluster
903,N49730,control1,candidate_baseline,hard_fault_cluster
904,N34563,control0,candidate_baseline,hard_fault_cluster
905,N74454,observe,candidate_baseline,hard_fault_cluster
906,N49721,control1,candidate_baseline,hard_fault_cluster
907,N34583,control0,candidate_baseline,hard_fault_cluster
908,N12590,observe,candidate_baseline,hard_fault_cluster
909,N49709,control1,candidate_baseline,hard_fault_cluster
910,N34539,control0,candidate_baseline,hard_fault_cluster
911,N8131,observe,candidate_baseline,hard_fault_cluster
912,N49691,control1,candidate_baseline,hard_fault_cluster
913,N34579,control0,candidate_baseline,hard_fault_cluster
914,N7604,observe,candidate_baseline,hard_fault_cluster
915,N49706,control1,candidate_baseline,hard_fault_cluster
916,N34575,control0,candidate_baseline,hard_fault_cluster
917,N32357,observe,candidate_baseline,hard_fault_cluster
918,N49703,control1,candidate_baseline,hard_fault_cluster
919,N34555,control0,candidate_baseline,hard_fault_cluster
920,N12594,observe,candidate_baseline,hard_fault_cluster
921,N49727,control1,candidate_baseline,hard_fault_cluster
922,N34571,control0,candidate_baseline,hard_fault_cluster
923,N8142,observe,candidate_baseline,hard_fault_cluster
924,N49700,control1,candidate_baseline,hard_fault_cluster
925,N34567,control0,candidate_baseline,hard_fault_cluster
926,N12597,observe,candidate_baseline,hard_fault_cluster
927,N49715,control1,candidate_baseline,hard_fault_cluster
928,N25933,control0,candidate_baseline,hard_fault_cluster
929,N74280,observe,candidate_baseline,hard_fault_cluster
930,N49718,control1,candidate_baseline,hard_fault_cluster
931,N30677,control0,candidate_baseline,hard_fault_cluster
932,N74760,observe,candidate_baseline,hard_fault_cluster
933,N49661,control1,candidate_baseline,hard_fault_cluster
934,N26010,control0,candidate_baseline,hard_fault_cluster
935,N8136,observe,candidate_baseline,hard_fault_cluster
936,N49673,control1,candidate_baseline,hard_fault_cluster
937,N20278,control0,candidate_baseline,hard_fault_cluster
938,N3323,observe,candidate_baseline,hard_fault_cluster
939,N49655,control1,candidate_baseline,hard_fault_cluster
940,N34623,control0,candidate_baseline,hard_fault_cluster
941,N51503,observe,candidate_baseline,hard_fault_cluster
942,N49679,control1,candidate_baseline,hard_fault_cluster
943,N36641,control0,candidate_baseline,hard_fault_cluster
944,N76133,observe,candidate_baseline,hard_fault_cluster
945,N49667,control1,candidate_baseline,hard_fault_cluster
946,N36643,control0,candidate_baseline,hard_fault_cluster
947,N8140,observe,candidate_baseline,hard_fault_cluster
948,N49649,control1,candidate_baseline,hard_fault_cluster
949,N34852,control0,candidate_baseline,hard_fault_cluster
950,N8138,observe,candidate_baseline,hard_fault_cluster
951,N49685,control1,candidate_baseline,hard_fault_cluster
952,N33416,control0,candidate_baseline,hard_fault_cluster
953,N75956,observe,candidate_baseline,hard_fault_cluster
954,N49724,control1,candidate_baseline,hard_fault_cluster
955,N33409,control0,candidate_baseline,hard_fault_cluster
956,N51489,observe,candidate_baseline,hard_fault_cluster
957,N49697,control1,candidate_baseline,hard_fault_cluster
958,N33402,control0,candidate_baseline,hard_fault_cluster
959,N3393,observe,candidate_baseline,hard_fault_cluster
960,N49646,control1,candidate_baseline,hard_fault_cluster
961,N33431,control0,candidate_baseline,hard_fault_cluster
962,N8123,observe,candidate_baseline,hard_fault_cluster
963,N2076,control1,candidate_baseline,hard_fault_cluster
964,N33388,control0,candidate_baseline,hard_fault_cluster
965,N55415,observe,candidate_baseline,hard_fault_cluster
966,N38134,control1,candidate_baseline,hard_fault_cluster
967,N33395,control0,candidate_baseline,hard_fault_cluster
968,N3421,observe,candidate_baseline,hard_fault_cluster
969,N40952,control1,candidate_baseline,hard_fault_cluster
970,N25818,control0,candidate_baseline,hard_fault_cluster
971,N8126,observe,candidate_baseline,hard_fault_cluster
972,N40883,control1,candidate_baseline,hard_fault_cluster
973,N33463,control0,candidate_baseline,hard_fault_cluster
974,N3427,observe,candidate_baseline,hard_fault_cluster
975,N40929,control1,candidate_baseline,hard_fault_cluster
976,N33471,control0,candidate_baseline,hard_fault_cluster
977,N51504,observe,candidate_baseline,hard_fault_cluster
978,N40906,control1,candidate_baseline,hard_fault_cluster
979,N33493,control0,candidate_baseline,hard_fault_cluster
980,N8134,observe,candidate_baseline,hard_fault_cluster
981,N40975,control1,candidate_baseline,hard_fault_cluster
982,N33510,control0,candidate_baseline,hard_fault_cluster
983,N3407,observe,candidate_baseline,hard_fault_cluster
984,N40837,control1,candidate_baseline,hard_fault_cluster
985,N33447,control0,candidate_baseline,hard_fault_cluster
986,N74452,observe,candidate_baseline,hard_fault_cluster
987,N40860,control1,candidate_baseline,hard_fault_cluster
988,N33482,control0,candidate_baseline,hard_fault_cluster
989,N3457,observe,candidate_baseline,hard_fault_cluster
990,N40814,control1,candidate_baseline,hard_fault_cluster
991,N33455,control0,candidate_baseline,hard_fault_cluster
992,N8143,observe,candidate_baseline,hard_fault_cluster
993,N13836,control1,candidate_baseline,hard_fault_cluster
994,N27483,control0,candidate_baseline,hard_fault_cluster
