node,total_undetected_faults,output_sa0,output_sa1,input_edge_sa0,input_edge_sa1
N10298,2,1,1,0,0
N10299,2,1,1,0,0
N10333,2,1,1,0,0
N10339,2,1,1,0,0
N10353,2,1,1,0,0
N10362,2,1,1,0,0
N10430,2,1,1,0,0
N10431,2,1,1,0,0
N10432,2,1,1,0,0
N10435,2,1,1,0,0
N10439,2,1,1,0,0
N12513,2,1,1,0,0
N12514,2,1,1,0,0
N12515,2,1,1,0,0
N12516,2,1,1,0,0
N12517,2,1,1,0,0
N12518,2,1,1,0,0
N12549,2,1,1,0,0
N12552,2,1,1,0,0
N12568,2,1,1,0,0
N12617,2,1,1,0,0
N12619,2,1,1,0,0
N12626,2,1,1,0,0
N12630,2,1,1,0,0
N12633,2,1,1,0,0
N12634,2,1,1,0,0
N12635,2,1,1,0,0
N12636,2,1,1,0,0
N12637,2,1,1,0,0
N12638,2,1,1,0,0
N12706,2,1,1,0,0
N12707,2,1,1,0,0
N12708,2,1,1,0,0
N12752,2,1,1,0,0
N12761,2,1,1,0,0
N12817,2,1,1,0,0
N1397,2,1,1,0,0
N1398,2,1,1,0,0
N1399,2,1,1,0,0
N1400,2,1,1,0,0
N1417,2,1,1,0,0
N1418,2,1,1,0,0
N1419,2,1,1,0,0
N1420,2,1,1,0,0
N1421,2,1,1,0,0
N1422,2,1,1,0,0
N1423,2,1,1,0,0
N1424,2,1,1,0,0
N1425,2,1,1,0,0
N1426,2,1,1,0,0
N1427,2,1,1,0,0
N1428,2,1,1,0,0
N14642,2,1,1,0,0
N14643,2,1,1,0,0
N14650,2,1,1,0,0
N14651,2,1,1,0,0
N14657,2,1,1,0,0
N14658,2,1,1,0,0
N14664,2,1,1,0,0
N14665,2,1,1,0,0
N14671,2,1,1,0,0
N14672,2,1,1,0,0
N14678,2,1,1,0,0
N14679,2,1,1,0,0
N14726,2,1,1,0,0
N14727,2,1,1,0,0
N14728,2,1,1,0,0
N14798,2,1,1,0,0
N14800,2,1,1,0,0
N14802,2,1,1,0,0
N14815,2,1,1,0,0
N14818,2,1,1,0,0
N14896,2,1,1,0,0
N14899,2,1,1,0,0
N14900,2,1,1,0,0
N14901,2,1,1,0,0
N14902,2,1,1,0,0
N14903,2,1,1,0,0
N14947,2,1,1,0,0
N14965,2,1,1,0,0
N15019,2,1,1,0,0
N15033,2,1,1,0,0
N15040,2,1,1,0,0
N15778,2,1,1,0,0
N15780,2,1,1,0,0
N15782,2,1,1,0,0
N15784,2,1,1,0,0
N15786,2,1,1,0,0
N15790,2,1,1,0,0
N15792,2,1,1,0,0
N15794,2,1,1,0,0
N15869,2,1,1,0,0
N15870,2,1,1,0,0
N15871,2,1,1,0,0
N15872,2,1,1,0,0
N15978,2,1,1,0,0
N15981,2,1,1,0,0
N15983,2,1,1,0,0
N15986,2,1,1,0,0
N15987,2,1,1,0,0
N15994,2,1,1,0,0
N16027,2,1,1,0,0
N4162,2,1,1,0,0
N4163,2,1,1,0,0
N4164,2,1,1,0,0
N4165,2,1,1,0,0
N4166,2,1,1,0,0
N4167,2,1,1,0,0
N4168,2,1,1,0,0
N4169,2,1,1,0,0
N4170,2,1,1,0,0
N4171,2,1,1,0,0
N4172,2,1,1,0,0
N4173,2,1,1,0,0
N4174,2,1,1,0,0
N4175,2,1,1,0,0
N4176,2,1,1,0,0
N4177,2,1,1,0,0
N4178,2,1,1,0,0
N4193,2,1,1,0,0
N4195,2,1,1,0,0
N4196,2,1,1,0,0
N4197,2,1,1,0,0
N4198,2,1,1,0,0
N4199,2,1,1,0,0
N4200,2,1,1,0,0
N4201,2,1,1,0,0
N4202,2,1,1,0,0
N4203,2,1,1,0,0
N4204,2,1,1,0,0
N4205,2,1,1,0,0
N4206,2,1,1,0,0
N4207,2,1,1,0,0
N4208,2,1,1,0,0
N4209,2,1,1,0,0
N4210,2,1,1,0,0
N4211,2,1,1,0,0
N4212,2,1,1,0,0
N4227,2,1,1,0,0
N4228,2,1,1,0,0
N4229,2,1,1,0,0
N4230,2,1,1,0,0
N4231,2,1,1,0,0
N4232,2,1,1,0,0
N4233,2,1,1,0,0
N4234,2,1,1,0,0
N4235,2,1,1,0,0
N4236,2,1,1,0,0
N4237,2,1,1,0,0
N4238,2,1,1,0,0
N4239,2,1,1,0,0
N4240,2,1,1,0,0
N4241,2,1,1,0,0
N4242,2,1,1,0,0
N4243,2,1,1,0,0
N4244,2,1,1,0,0
N4245,2,1,1,0,0
N4647,2,1,1,0,0
N4648,2,1,1,0,0
N4649,2,1,1,0,0
N4650,2,1,1,0,0
N4651,2,1,1,0,0
N4652,2,1,1,0,0
N4653,2,1,1,0,0
N4656,2,1,1,0,0
N4666,2,1,1,0,0
N4667,2,1,1,0,0
N4668,2,1,1,0,0
N4669,2,1,1,0,0
N4670,2,1,1,0,0
N4671,2,1,1,0,0
N4672,2,1,1,0,0
N4673,2,1,1,0,0
N4674,2,1,1,0,0
N4675,2,1,1,0,0
N4676,2,1,1,0,0
N4677,2,1,1,0,0
N4678,2,1,1,0,0
N6512,2,1,1,0,0
N6551,2,1,1,0,0
N6572,2,1,1,0,0
N6573,2,1,1,0,0
N8775,2,1,1,0,0
N8931,2,1,1,0,0
N8933,2,1,1,0,0
N8935,2,1,1,0,0
N8937,2,1,1,0,0
N8939,2,1,1,0,0
N8943,2,1,1,0,0
N8945,2,1,1,0,0
N8947,2,1,1,0,0
N907,2,1,1,0,0
N908,2,1,1,0,0
N909,2,1,1,0,0
N910,2,1,1,0,0
N911,2,1,1,0,0
N912,2,1,1,0,0
N913,2,1,1,0,0
N914,2,1,1,0,0
N915,2,1,1,0,0
N916,2,1,1,0,0
N917,2,1,1,0,0
N918,2,1,1,0,0
N919,2,1,1,0,0
N920,2,1,1,0,0
N925,2,1,1,0,0
N939,2,1,1,0,0
N940,2,1,1,0,0
N941,2,1,1,0,0
N942,2,1,1,0,0
N943,2,1,1,0,0
N944,2,1,1,0,0
N945,2,1,1,0,0
N946,2,1,1,0,0
N947,2,1,1,0,0
N948,2,1,1,0,0
N949,2,1,1,0,0
N950,2,1,1,0,0
N951,2,1,1,0,0
N952,2,1,1,0,0
N957,2,1,1,0,0
N958,2,1,1,0,0
N959,2,1,1,0,0
N10297,1,0,1,0,0
N10323,1,0,1,0,0
N10325,1,0,1,0,0
N10326,1,0,1,0,0
N10327,1,0,1,0,0
N10328,1,0,1,0,0
N10329,1,0,1,0,0
N10330,1,0,1,0,0
N10331,1,0,1,0,0
N10332,1,0,1,0,0
N10334,1,0,1,0,0
N10335,1,0,1,0,0
N10336,1,0,1,0,0
N10337,1,0,1,0,0
N10338,1,0,1,0,0
N10340,1,0,1,0,0
N10341,1,0,1,0,0
N10342,1,0,1,0,0
N10343,1,0,1,0,0
N10344,1,0,1,0,0
N10345,1,0,1,0,0
N10346,1,0,1,0,0
N10347,1,0,1,0,0
N10348,1,0,1,0,0
N10349,1,0,1,0,0
N10350,1,0,1,0,0
N10351,1,0,1,0,0
N10352,1,0,1,0,0
N10354,1,0,1,0,0
N10355,1,0,1,0,0
N10356,1,0,1,0,0
N10357,1,0,1,0,0
N10358,1,0,1,0,0
N10359,1,0,1,0,0
N10361,1,0,1,0,0
N10364,1,0,1,0,0
N10365,1,0,1,0,0
N10366,1,0,1,0,0
N10370,1,0,1,0,0
N10380,1,0,1,0,0
N10381,1,0,1,0,0
N10382,1,0,1,0,0
N10383,1,0,1,0,0
N10384,1,0,1,0,0
N10385,1,0,1,0,0
N10386,1,0,1,0,0
N10387,1,0,1,0,0
N10388,1,0,1,0,0
N10389,1,0,1,0,0
N10390,1,0,1,0,0
N10393,1,0,1,0,0
N10394,1,0,1,0,0
N10395,1,0,1,0,0
N10396,1,0,1,0,0
N10397,1,0,1,0,0
N10398,1,0,1,0,0
N10415,1,0,1,0,0
N10423,1,1,0,0,0
N10424,1,0,1,0,0
N10425,1,0,1,0,0
N10426,1,0,1,0,0
N10427,1,0,1,0,0
N10428,1,0,1,0,0
N10429,1,0,1,0,0
N10433,1,0,1,0,0
N10434,1,0,1,0,0
N10436,1,0,1,0,0
N10437,1,0,1,0,0
N10438,1,0,1,0,0
N10440,1,0,1,0,0
N10441,1,0,1,0,0
N10442,1,0,1,0,0
N10443,1,0,1,0,0
N10444,1,0,1,0,0
N10445,1,0,1,0,0
N10446,1,0,1,0,0
N10447,1,0,1,0,0
N10448,1,0,1,0,0
N10449,1,0,1,0,0
N10450,1,0,1,0,0
N10451,1,0,1,0,0
N10452,1,0,1,0,0
N10453,1,0,1,0,0
N10454,1,0,1,0,0
N10455,1,0,1,0,0
N10456,1,0,1,0,0
N10457,1,0,1,0,0
N10458,1,0,1,0,0
N10459,1,0,1,0,0
N10460,1,0,1,0,0
N10461,1,0,1,0,0
N10462,1,0,1,0,0
N10463,1,0,1,0,0
N10464,1,0,1,0,0
N10465,1,0,1,0,0
N10466,1,0,1,0,0
N10467,1,0,1,0,0
N10468,1,0,1,0,0
N10469,1,0,1,0,0
N10471,1,0,1,0,0
N10472,1,0,1,0,0
N10474,1,0,1,0,0
N10475,1,0,1,0,0
N10476,1,0,1,0,0
N10478,1,0,1,0,0
N10479,1,0,1,0,0
N10480,1,0,1,0,0
N10481,1,0,1,0,0
N10482,1,0,1,0,0
N10483,1,0,1,0,0
N10484,1,0,1,0,0
N10486,1,0,1,0,0
N10488,1,0,1,0,0
N10497,1,0,1,0,0
N12526,1,0,1,0,0
N12527,1,0,1,0,0
N12528,1,0,1,0,0
N12529,1,0,1,0,0
N12530,1,0,1,0,0
N12531,1,0,1,0,0
N12532,1,0,1,0,0
N12533,1,0,1,0,0
N12534,1,0,1,0,0
N12535,1,0,1,0,0
N12536,1,0,1,0,0
N12537,1,0,1,0,0
N12538,1,0,1,0,0
N12539,1,0,1,0,0
N12540,1,0,1,0,0
N12541,1,0,1,0,0
N12542,1,0,1,0,0
N12543,1,0,1,0,0
N12544,1,0,1,0,0
N12545,1,0,1,0,0
N12546,1,0,1,0,0
N12547,1,0,1,0,0
N12548,1,0,1,0,0
N12550,1,0,1,0,0
N12551,1,0,1,0,0
N12553,1,0,1,0,0
N12554,1,0,1,0,0
N12555,1,0,1,0,0
N12556,1,0,1,0,0
N12557,1,0,1,0,0
N12558,1,0,1,0,0
N12559,1,0,1,0,0
N12560,1,0,1,0,0
N12561,1,0,1,0,0
N12562,1,0,1,0,0
N12563,1,0,1,0,0
N12564,1,0,1,0,0
N12565,1,0,1,0,0
N12566,1,0,1,0,0
N12567,1,0,1,0,0
N12569,1,0,1,0,0
N12570,1,0,1,0,0
N12571,1,0,1,0,0
N12572,1,0,1,0,0
N12573,1,0,1,0,0
N12575,1,0,1,0,0
N12576,1,0,1,0,0
N12582,1,0,1,0,0
N12583,1,0,1,0,0
N12584,1,0,1,0,0
N12585,1,0,1,0,0
N12586,1,0,1,0,0
N12587,1,0,1,0,0
N12588,1,0,1,0,0
N12589,1,0,1,0,0
N12590,1,0,1,0,0
N12591,1,0,1,0,0
N12592,1,0,1,0,0
N12593,1,0,1,0,0
N12594,1,0,1,0,0
N12595,1,0,1,0,0
N12596,1,0,1,0,0
N12597,1,0,1,0,0
N12598,1,0,1,0,0
N12599,1,0,1,0,0
N12600,1,0,1,0,0
N12601,1,0,1,0,0
N12602,1,0,1,0,0
N12603,1,0,1,0,0
N12605,1,0,1,0,0
N12606,1,0,1,0,0
N12611,1,0,1,0,0
N12618,1,0,1,0,0
N12620,1,0,1,0,0
N12621,1,0,1,0,0
N12622,1,0,1,0,0
N12623,1,0,1,0,0
N12624,1,0,1,0,0
N12625,1,0,1,0,0
N12627,1,1,0,0,0
N12628,1,0,1,0,0
N12629,1,0,1,0,0
N12631,1,0,1,0,0
N12632,1,0,1,0,0
N12639,1,0,1,0,0
N12640,1,0,1,0,0
N12641,1,0,1,0,0
N12642,1,0,1,0,0
N12643,1,0,1,0,0
N12644,1,0,1,0,0
N12645,1,0,1,0,0
N12646,1,0,1,0,0
N12647,1,0,1,0,0
N12648,1,0,1,0,0
N12649,1,0,1,0,0
N12650,1,0,1,0,0
N12651,1,0,1,0,0
N12652,1,0,1,0,0
N12653,1,0,1,0,0
N12654,1,0,1,0,0
N12655,1,0,1,0,0
N12656,1,0,1,0,0
N12657,1,0,1,0,0
N12658,1,0,1,0,0
N12659,1,0,1,0,0
N12660,1,0,1,0,0
N12661,1,0,1,0,0
N12662,1,0,1,0,0
N12663,1,0,1,0,0
N12664,1,0,1,0,0
N12665,1,0,1,0,0
N12666,1,0,1,0,0
N12667,1,0,1,0,0
N12668,1,0,1,0,0
N12669,1,0,1,0,0
N12670,1,0,1,0,0
N12671,1,0,1,0,0
N12672,1,0,1,0,0
N12673,1,0,1,0,0
N12674,1,0,1,0,0
N12675,1,0,1,0,0
N12676,1,0,1,0,0
N12677,1,0,1,0,0
N12678,1,0,1,0,0
N12679,1,0,1,0,0
N12680,1,0,1,0,0
N12681,1,0,1,0,0
N12682,1,0,1,0,0
N12683,1,0,1,0,0
N12684,1,0,1,0,0
N12685,1,0,1,0,0
N12686,1,0,1,0,0
N12687,1,0,1,0,0
N12688,1,0,1,0,0
N12690,1,0,1,0,0
N12700,1,0,1,0,0
N12725,1,0,1,0,0
N12726,1,0,1,0,0
N12727,1,0,1,0,0
N12728,1,0,1,0,0
N12729,1,0,1,0,0
N12730,1,0,1,0,0
N12731,1,0,1,0,0
N12732,1,0,1,0,0
N12733,1,0,1,0,0
N12734,1,0,1,0,0
N12735,1,0,1,0,0
N12736,1,0,1,0,0
N12737,1,0,1,0,0
N12738,1,0,1,0,0
N12739,1,0,1,0,0
N12740,1,0,1,0,0
N12741,1,0,1,0,0
N12742,1,0,1,0,0
N12743,1,0,1,0,0
N12748,1,0,1,0,0
N12749,1,0,1,0,0
N12750,1,0,1,0,0
N12751,1,0,1,0,0
N12753,1,0,1,0,0
N12754,1,0,1,0,0
N12755,1,0,1,0,0
N12756,1,0,1,0,0
N12757,1,0,1,0,0
N12758,1,0,1,0,0
N12759,1,0,1,0,0
N12760,1,0,1,0,0
N12762,1,0,1,0,0
N12763,1,0,1,0,0
N12764,1,0,1,0,0
N12778,1,0,1,0,0
N12779,1,0,1,0,0
N12781,1,0,1,0,0
N12782,1,0,1,0,0
N12783,1,0,1,0,0
N12784,1,0,1,0,0
N12785,1,0,1,0,0
N12786,1,0,1,0,0
N12787,1,0,1,0,0
N12788,1,0,1,0,0
N12789,1,0,1,0,0
N12790,1,0,1,0,0
N12791,1,0,1,0,0
N12792,1,0,1,0,0
N12793,1,0,1,0,0
N12794,1,0,1,0,0
N12795,1,0,1,0,0
N12796,1,0,1,0,0
N12797,1,0,1,0,0
N12798,1,0,1,0,0
N12799,1,0,1,0,0
N12809,1,0,1,0,0
N12811,1,0,1,0,0
N12813,1,0,1,0,0
N12814,1,0,1,0,0
N12815,1,0,1,0,0
N12816,1,0,1,0,0
N12818,1,0,1,0,0
N12819,1,0,1,0,0
N12820,1,0,1,0,0
N12821,1,0,1,0,0
N12822,1,0,1,0,0
N12827,1,0,1,0,0
N12828,1,0,1,0,0
N12829,1,0,1,0,0
N12830,1,0,1,0,0
N12831,1,0,1,0,0
N12832,1,0,1,0,0
N12833,1,0,1,0,0
N12834,1,0,1,0,0
N12835,1,0,1,0,0
N12836,1,0,1,0,0
N12837,1,0,1,0,0
N12838,1,0,1,0,0
N12839,1,0,1,0,0
N12840,1,0,1,0,0
N12841,1,0,1,0,0
N12842,1,0,1,0,0
N12843,1,0,1,0,0
N12844,1,0,1,0,0
N12845,1,0,1,0,0
N12846,1,0,1,0,0
N12847,1,0,1,0,0
N12848,1,0,1,0,0
N12849,1,0,1,0,0
N12850,1,0,1,0,0
N12851,1,0,1,0,0
N12852,1,0,1,0,0
N12853,1,0,1,0,0
N12854,1,0,1,0,0
N12855,1,0,1,0,0
N12856,1,0,1,0,0
N12857,1,0,1,0,0
N12858,1,0,1,0,0
N12859,1,0,1,0,0
N12860,1,0,1,0,0
N12861,1,0,1,0,0
N12862,1,0,1,0,0
N12863,1,0,1,0,0
N12864,1,0,1,0,0
N12865,1,0,1,0,0
N12866,1,0,1,0,0
N12867,1,0,1,0,0
N12868,1,0,1,0,0
N12869,1,0,1,0,0
N12870,1,0,1,0,0
N12871,1,0,1,0,0
N12872,1,0,1,0,0
N12873,1,0,1,0,0
N12874,1,0,1,0,0
N12878,1,0,1,0,0
N12879,1,0,1,0,0
N12886,1,0,1,0,0
N12887,1,0,1,0,0
N12901,1,0,1,0,0
N12904,1,0,1,0,0
N14081,1,0,1,0,0
N1414,1,0,1,0,0
N1415,1,0,1,0,0
N1416,1,0,1,0,0
N1433,1,0,1,0,0
N1434,1,0,1,0,0
N1435,1,0,1,0,0
N1436,1,0,1,0,0
N1437,1,0,1,0,0
N1438,1,0,1,0,0
N1439,1,0,1,0,0
N1440,1,0,1,0,0
N14400,1,1,0,0,0
N1441,1,0,1,0,0
N1442,1,0,1,0,0
N14420,1,0,1,0,0
N14421,1,0,1,0,0
N14422,1,0,1,0,0
N14423,1,0,1,0,0
N14424,1,0,1,0,0
N14425,1,0,1,0,0
N14426,1,0,1,0,0
N14427,1,0,1,0,0
N14428,1,0,1,0,0
N14429,1,0,1,0,0
N14430,1,0,1,0,0
N14431,1,0,1,0,0
N14432,1,0,1,0,0
N14433,1,0,1,0,0
N14434,1,0,1,0,0
N14435,1,0,1,0,0
N14436,1,0,1,0,0
N14437,1,0,1,0,0
N14438,1,0,1,0,0
N14439,1,0,1,0,0
N14440,1,0,1,0,0
N14441,1,0,1,0,0
N14442,1,0,1,0,0
N14443,1,0,1,0,0
N14471,1,0,1,0,0
N14476,1,0,1,0,0
N14489,1,1,0,0,0
N14490,1,1,0,0,0
N14491,1,1,0,0,0
N14492,1,1,0,0,0
N14493,1,1,0,0,0
N14494,1,1,0,0,0
N14495,1,1,0,0,0
N14496,1,1,0,0,0
N14497,1,1,0,0,0
N14498,1,1,0,0,0
N14499,1,1,0,0,0
N14515,1,0,1,0,0
N14517,1,0,1,0,0
N14519,1,0,1,0,0
N14521,1,0,1,0,0
N14523,1,0,1,0,0
N14525,1,0,1,0,0
N14527,1,0,1,0,0
N14529,1,0,1,0,0
N14531,1,0,1,0,0
N14533,1,0,1,0,0
N14535,1,0,1,0,0
N14537,1,0,1,0,0
N14553,1,0,1,0,0
N14554,1,0,1,0,0
N14555,1,0,1,0,0
N14556,1,0,1,0,0
N14557,1,0,1,0,0
N14558,1,0,1,0,0
N14559,1,0,1,0,0
N14560,1,0,1,0,0
N14561,1,0,1,0,0
N14562,1,0,1,0,0
N14563,1,0,1,0,0
N14564,1,0,1,0,0
N14565,1,0,1,0,0
N14566,1,0,1,0,0
N14567,1,0,1,0,0
N14568,1,0,1,0,0
N14569,1,0,1,0,0
N14570,1,0,1,0,0
N14571,1,0,1,0,0
N14572,1,0,1,0,0
N14573,1,0,1,0,0
N14574,1,0,1,0,0
N14575,1,0,1,0,0
N14576,1,0,1,0,0
N14577,1,0,1,0,0
N14578,1,0,1,0,0
N14579,1,0,1,0,0
N14580,1,0,1,0,0
N14581,1,0,1,0,0
N14582,1,0,1,0,0
N14583,1,0,1,0,0
N14584,1,0,1,0,0
N14586,1,0,1,0,0
N14587,1,0,1,0,0
N14590,1,0,1,0,0
N14591,1,0,1,0,0
N14592,1,0,1,0,0
N14593,1,0,1,0,0
N14594,1,0,1,0,0
N14595,1,0,1,0,0
N14596,1,0,1,0,0
N14611,1,0,1,0,0
N14612,1,0,1,0,0
N14613,1,0,1,0,0
N14614,1,0,1,0,0
N14615,1,0,1,0,0
N14616,1,0,1,0,0
N14617,1,0,1,0,0
N14618,1,0,1,0,0
N14619,1,0,1,0,0
N14620,1,0,1,0,0
N14621,1,0,1,0,0
N14622,1,0,1,0,0
N14623,1,0,1,0,0
N14624,1,0,1,0,0
N14625,1,0,1,0,0
N14626,1,0,1,0,0
N14627,1,0,1,0,0
N14628,1,0,1,0,0
N14629,1,0,1,0,0
N14630,1,0,1,0,0
N14632,1,0,1,0,0
N14644,1,0,1,0,0
N14645,1,0,1,0,0
N14646,1,0,1,0,0
N14647,1,0,1,0,0
N14648,1,0,1,0,0
N14649,1,0,1,0,0
N14652,1,0,1,0,0
N14653,1,0,1,0,0
N14654,1,0,1,0,0
N14655,1,0,1,0,0
N14656,1,0,1,0,0
N14659,1,0,1,0,0
N14660,1,0,1,0,0
N14661,1,0,1,0,0
N14662,1,0,1,0,0
N14663,1,0,1,0,0
N14666,1,0,1,0,0
N14667,1,0,1,0,0
N14668,1,0,1,0,0
N14669,1,0,1,0,0
N14670,1,0,1,0,0
N14673,1,0,1,0,0
N14674,1,0,1,0,0
N14675,1,0,1,0,0
N14676,1,0,1,0,0
N14677,1,0,1,0,0
N14680,1,0,1,0,0
N14681,1,0,1,0,0
N14682,1,0,1,0,0
N14683,1,0,1,0,0
N14684,1,0,1,0,0
N14685,1,0,1,0,0
N14686,1,0,1,0,0
N14687,1,0,1,0,0
N14689,1,0,1,0,0
N14690,1,0,1,0,0
N14692,1,0,1,0,0
N14695,1,0,1,0,0
N14696,1,0,1,0,0
N14698,1,0,1,0,0
N14701,1,0,1,0,0
N14724,1,0,1,0,0
N14729,1,1,0,0,0
N14730,1,1,0,0,0
N14756,1,0,1,0,0
N14757,1,0,1,0,0
N14758,1,0,1,0,0
N14759,1,0,1,0,0
N14760,1,0,1,0,0
N14761,1,0,1,0,0
N14762,1,0,1,0,0
N14763,1,0,1,0,0
N14764,1,0,1,0,0
N14765,1,0,1,0,0
N14766,1,0,1,0,0
N14773,1,0,1,0,0
N14775,1,0,1,0,0
N14776,1,0,1,0,0
N14777,1,0,1,0,0
N14778,1,0,1,0,0
N14779,1,0,1,0,0
N14780,1,0,1,0,0
N14781,1,0,1,0,0
N14782,1,0,1,0,0
N14783,1,0,1,0,0
N14784,1,0,1,0,0
N14785,1,0,1,0,0
N14786,1,0,1,0,0
N14787,1,0,1,0,0
N14789,1,0,1,0,0
N14795,1,0,1,0,0
N14796,1,0,1,0,0
N14803,1,0,1,0,0
N14805,1,0,1,0,0
N14806,1,0,1,0,0
N14808,1,0,1,0,0
N14809,1,0,1,0,0
N14811,1,0,1,0,0
N14816,1,0,1,0,0
N14832,1,1,0,0,0
N14834,1,0,1,0,0
N14836,1,0,1,0,0
N14837,1,0,1,0,0
N14838,1,1,0,0,0
N14839,1,1,0,0,0
N14840,1,0,1,0,0
N14845,1,0,1,0,0
N14846,1,0,1,0,0
N14853,1,0,1,0,0
N14857,1,0,1,0,0
N14863,1,0,1,0,0
N14867,1,1,0,0,0
N14875,1,0,1,0,0
N14877,1,0,1,0,0
N14879,1,0,1,0,0
N14881,1,0,1,0,0
N14883,1,0,1,0,0
N14885,1,0,1,0,0
N14887,1,0,1,0,0
N14891,1,0,1,0,0
N14893,1,0,1,0,0
N14927,1,0,1,0,0
N14928,1,0,1,0,0
N14929,1,0,1,0,0
N14931,1,0,1,0,0
N14932,1,0,1,0,0
N14934,1,0,1,0,0
N14935,1,0,1,0,0
N14936,1,0,1,0,0
N14937,1,0,1,0,0
N14938,1,0,1,0,0
N14939,1,0,1,0,0
N14940,1,0,1,0,0
N14941,1,0,1,0,0
N14942,1,0,1,0,0
N14943,1,0,1,0,0
N14944,1,0,1,0,0
N14945,1,0,1,0,0
N14946,1,0,1,0,0
N14948,1,0,1,0,0
N14949,1,0,1,0,0
N14950,1,0,1,0,0
N14951,1,0,1,0,0
N14952,1,0,1,0,0
N14953,1,0,1,0,0
N14954,1,0,1,0,0
N14955,1,0,1,0,0
N14956,1,0,1,0,0
N14957,1,0,1,0,0
N14958,1,0,1,0,0
N14959,1,0,1,0,0
N14960,1,0,1,0,0
N14961,1,0,1,0,0
N14962,1,0,1,0,0
N14963,1,0,1,0,0
N14964,1,0,1,0,0
N14966,1,0,1,0,0
N14967,1,0,1,0,0
N14983,1,0,1,0,0
N14986,1,0,1,0,0
N14987,1,0,1,0,0
N14988,1,0,1,0,0
N14989,1,0,1,0,0
N14990,1,0,1,0,0
N14991,1,0,1,0,0
N14992,1,0,1,0,0
N14993,1,0,1,0,0
N14994,1,0,1,0,0
N14995,1,0,1,0,0
N14996,1,0,1,0,0
N14997,1,0,1,0,0
N14998,1,0,1,0,0
N14999,1,0,1,0,0
N15000,1,0,1,0,0
N15001,1,0,1,0,0
N15002,1,0,1,0,0
N15003,1,0,1,0,0
N15004,1,0,1,0,0
N15020,1,0,1,0,0
N15022,1,0,1,0,0
N15023,1,0,1,0,0
N15024,1,0,1,0,0
N15025,1,0,1,0,0
N15027,1,0,1,0,0
N15028,1,0,1,0,0
N15030,1,0,1,0,0
N15031,1,0,1,0,0
N15032,1,0,1,0,0
N15034,1,0,1,0,0
N15035,1,0,1,0,0
N15036,1,0,1,0,0
N15037,1,0,1,0,0
N15038,1,0,1,0,0
N15039,1,0,1,0,0
N15041,1,0,1,0,0
N15042,1,0,1,0,0
N15043,1,0,1,0,0
N15044,1,0,1,0,0
N15045,1,0,1,0,0
N15046,1,0,1,0,0
N15047,1,0,1,0,0
N15048,1,0,1,0,0
N15049,1,0,1,0,0
N15050,1,0,1,0,0
N15051,1,0,1,0,0
N15052,1,0,1,0,0
N15053,1,0,1,0,0
N15054,1,0,1,0,0
N15055,1,0,1,0,0
N15056,1,0,1,0,0
N15057,1,0,1,0,0
N15058,1,0,1,0,0
N15059,1,0,1,0,0
N15060,1,0,1,0,0
N15061,1,0,1,0,0
N15062,1,0,1,0,0
N15063,1,0,1,0,0
N15064,1,0,1,0,0
N15065,1,0,1,0,0
N15066,1,0,1,0,0
N15067,1,0,1,0,0
N15068,1,0,1,0,0
N15069,1,0,1,0,0
N15070,1,0,1,0,0
N15071,1,0,1,0,0
N15072,1,0,1,0,0
N15073,1,0,1,0,0
N15075,1,0,1,0,0
N15076,1,0,1,0,0
N15077,1,0,1,0,0
N15096,1,0,1,0,0
N15098,1,0,1,0,0
N15100,1,1,0,0,0
N15101,1,0,1,0,0
N15103,1,0,1,0,0
N15744,1,0,1,0,0
N15745,1,0,1,0,0
N15746,1,0,1,0,0
N15747,1,0,1,0,0
N15748,1,0,1,0,0
N15749,1,0,1,0,0
N15750,1,0,1,0,0
N15751,1,0,1,0,0
N15752,1,0,1,0,0
N15753,1,0,1,0,0
N15754,1,0,1,0,0
N15755,1,0,1,0,0
N15756,1,0,1,0,0
N15757,1,0,1,0,0
N15758,1,0,1,0,0
N15759,1,0,1,0,0
N15760,1,0,1,0,0
N15761,1,0,1,0,0
N15762,1,0,1,0,0
N15763,1,0,1,0,0
N15767,1,0,1,0,0
N15768,1,0,1,0,0
N15769,1,0,1,0,0
N15770,1,0,1,0,0
N15771,1,1,0,0,0
N15775,1,0,1,0,0
N15776,1,0,1,0,0
N15801,1,1,0,0,0
N15810,1,1,0,0,0
N15813,1,1,0,0,0
N15814,1,1,0,0,0
N15815,1,1,0,0,0
N15816,1,1,0,0,0
N15817,1,1,0,0,0
N15818,1,1,0,0,0
N15819,1,1,0,0,0
N15821,1,0,1,0,0
N15825,1,0,1,0,0
N15827,1,0,1,0,0
N15829,1,0,1,0,0
N15831,1,0,1,0,0
N15833,1,0,1,0,0
N15835,1,0,1,0,0
N15839,1,0,1,0,0
N15843,1,0,1,0,0
N15846,1,0,1,0,0
N15850,1,0,1,0,0
N15852,1,0,1,0,0
N15854,1,0,1,0,0
N15856,1,0,1,0,0
N15858,1,0,1,0,0
N15860,1,0,1,0,0
N15864,1,0,1,0,0
N15866,1,0,1,0,0
N15868,1,0,1,0,0
N15877,1,0,1,0,0
N15879,1,0,1,0,0
N15880,1,0,1,0,0
N15881,1,0,1,0,0
N15882,1,0,1,0,0
N15883,1,0,1,0,0
N15884,1,0,1,0,0
N15885,1,0,1,0,0
N15886,1,0,1,0,0
N15887,1,0,1,0,0
N15888,1,0,1,0,0
N15889,1,0,1,0,0
N15890,1,0,1,0,0
N15891,1,0,1,0,0
N15892,1,0,1,0,0
N15893,1,0,1,0,0
N15894,1,0,1,0,0
N15895,1,0,1,0,0
N15896,1,0,1,0,0
N15897,1,0,1,0,0
N15898,1,0,1,0,0
N15899,1,0,1,0,0
N15900,1,0,1,0,0
N15901,1,0,1,0,0
N15902,1,0,1,0,0
N15903,1,0,1,0,0
N15904,1,0,1,0,0
N15905,1,0,1,0,0
N15906,1,0,1,0,0
N15907,1,0,1,0,0
N15908,1,0,1,0,0
N15909,1,0,1,0,0
N15910,1,0,1,0,0
N15911,1,0,1,0,0
N15912,1,0,1,0,0
N15913,1,0,1,0,0
N15914,1,0,1,0,0
N15915,1,0,1,0,0
N15916,1,0,1,0,0
N15917,1,0,1,0,0
N15918,1,0,1,0,0
N15919,1,0,1,0,0
N15920,1,0,1,0,0
N15921,1,0,1,0,0
N15922,1,0,1,0,0
N15923,1,0,1,0,0
N15926,1,0,1,0,0
N15927,1,0,1,0,0
N15929,1,0,1,0,0
N15934,1,0,1,0,0
N15937,1,0,1,0,0
N15938,1,0,1,0,0
N15939,1,0,1,0,0
N15940,1,0,1,0,0
N15941,1,0,1,0,0
N15942,1,0,1,0,0
N15943,1,0,1,0,0
N15944,1,0,1,0,0
N15945,1,0,1,0,0
N15946,1,0,1,0,0
N15947,1,0,1,0,0
N15948,1,0,1,0,0
N15949,1,0,1,0,0
N15950,1,0,1,0,0
N15951,1,0,1,0,0
N15952,1,0,1,0,0
N15953,1,0,1,0,0
N15954,1,0,1,0,0
N15955,1,0,1,0,0
N15956,1,0,1,0,0
N15957,1,0,1,0,0
N15958,1,0,1,0,0
N15959,1,0,1,0,0
N15960,1,0,1,0,0
N15970,1,0,1,0,0
N15976,1,0,1,0,0
N15977,1,0,1,0,0
N15979,1,0,1,0,0
N15980,1,0,1,0,0
N15982,1,0,1,0,0
N15984,1,0,1,0,0
N15985,1,0,1,0,0
N15988,1,0,1,0,0
N15989,1,0,1,0,0
N15990,1,0,1,0,0
N15991,1,0,1,0,0
N15992,1,0,1,0,0
N15993,1,0,1,0,0
N15995,1,0,1,0,0
N15996,1,0,1,0,0
N15997,1,0,1,0,0
N15998,1,0,1,0,0
N15999,1,0,1,0,0
N16000,1,0,1,0,0
N16001,1,0,1,0,0
N16002,1,0,1,0,0
N16003,1,0,1,0,0
N16004,1,0,1,0,0
N16005,1,0,1,0,0
N16006,1,0,1,0,0
N16007,1,0,1,0,0
N16008,1,0,1,0,0
N16009,1,0,1,0,0
N16010,1,0,1,0,0
N16011,1,0,1,0,0
N16012,1,0,1,0,0
N16013,1,0,1,0,0
N16014,1,0,1,0,0
N16015,1,0,1,0,0
N16016,1,0,1,0,0
N16017,1,0,1,0,0
N16018,1,0,1,0,0
N16019,1,0,1,0,0
N16020,1,0,1,0,0
N16021,1,0,1,0,0
N16022,1,0,1,0,0
N16023,1,0,1,0,0
N16024,1,0,1,0,0
N16025,1,0,1,0,0
N16026,1,0,1,0,0
N16028,1,0,1,0,0
N16029,1,0,1,0,0
N16030,1,0,1,0,0
N16031,1,0,1,0,0
N16032,1,0,1,0,0
N16033,1,0,1,0,0
N16034,1,0,1,0,0
N16035,1,0,1,0,0
N16038,1,0,1,0,0
N16042,1,0,1,0,0
N16044,1,0,1,0,0
N16046,1,0,1,0,0
N1672,1,0,1,0,0
N1673,1,0,1,0,0
N1674,1,0,1,0,0
N1675,1,0,1,0,0
N1676,1,0,1,0,0
N1677,1,0,1,0,0
N1678,1,0,1,0,0
N1679,1,0,1,0,0
N1680,1,0,1,0,0
N1681,1,0,1,0,0
N1682,1,0,1,0,0
N1683,1,0,1,0,0
N1684,1,0,1,0,0
N1714,1,0,1,0,0
N1715,1,0,1,0,0
N1716,1,0,1,0,0
N1717,1,0,1,0,0
N1719,1,0,1,0,0
N1720,1,0,1,0,0
N1721,1,0,1,0,0
N1722,1,0,1,0,0
N1723,1,0,1,0,0
N1724,1,0,1,0,0
N1725,1,0,1,0,0
N1726,1,0,1,0,0
N1727,1,0,1,0,0
N1728,1,0,1,0,0
N1729,1,0,1,0,0
N1730,1,0,1,0,0
N1738,1,0,1,0,0
N1739,1,0,1,0,0
N1740,1,0,1,0,0
N1741,1,0,1,0,0
N1743,1,0,1,0,0
N1744,1,0,1,0,0
N1745,1,0,1,0,0
N1746,1,0,1,0,0
N1747,1,0,1,0,0
N1748,1,0,1,0,0
N1749,1,0,1,0,0
N1750,1,0,1,0,0
N1751,1,0,1,0,0
N1752,1,0,1,0,0
N1753,1,0,1,0,0
N1792,1,0,1,0,0
N1942,1,0,1,0,0
N1943,1,0,1,0,0
N1948,1,0,1,0,0
N1949,1,0,1,0,0
N1950,1,0,1,0,0
N1951,1,0,1,0,0
N1952,1,0,1,0,0
N1953,1,0,1,0,0
N1954,1,0,1,0,0
N1955,1,0,1,0,0
N1956,1,0,1,0,0
N1957,1,0,1,0,0
N1958,1,0,1,0,0
N1959,1,0,1,0,0
N1960,1,0,1,0,0
N1961,1,0,1,0,0
N1962,1,0,1,0,0
N1963,1,0,1,0,0
N1964,1,0,1,0,0
N1965,1,0,1,0,0
N1966,1,0,1,0,0
N1967,1,0,1,0,0
N1968,1,0,1,0,0
N1969,1,0,1,0,0
N1970,1,0,1,0,0
N1971,1,0,1,0,0
N1972,1,0,1,0,0
N1973,1,0,1,0,0
N1974,1,0,1,0,0
N1975,1,0,1,0,0
N1976,1,0,1,0,0
N1977,1,0,1,0,0
N1984,1,0,1,0,0
N2003,1,0,1,0,0
N2008,1,0,1,0,0
N2027,1,0,1,0,0
N2046,1,0,1,0,0
N20649,1,0,1,0,0
N2065,1,0,1,0,0
N20651,1,0,1,0,0
N20653,1,0,1,0,0
N20655,1,0,1,0,0
N20659,1,0,1,0,0
N20661,1,0,1,0,0
N20663,1,0,1,0,0
N20665,1,0,1,0,0
N2084,1,0,1,0,0
N20868,1,0,1,0,0
N2103,1,0,1,0,0
N21031,1,0,1,0,0
N21032,1,0,1,0,0
N21033,1,0,1,0,0
N21034,1,0,1,0,0
N21035,1,0,1,0,0
N21036,1,0,1,0,0
N21037,1,0,1,0,0
N21038,1,0,1,0,0
N21039,1,0,1,0,0
N21040,1,0,1,0,0
N21041,1,0,1,0,0
N21042,1,0,1,0,0
N21043,1,0,1,0,0
N21044,1,0,1,0,0
N21045,1,0,1,0,0
N21046,1,0,1,0,0
N21047,1,0,1,0,0
N21048,1,0,1,0,0
N21188,1,0,1,0,0
N21189,1,0,1,0,0
N21190,1,0,1,0,0
N21191,1,0,1,0,0
N21192,1,0,1,0,0
N21193,1,0,1,0,0
N21194,1,0,1,0,0
N21195,1,0,1,0,0
N21196,1,0,1,0,0
N21197,1,0,1,0,0
N21198,1,0,1,0,0
N21199,1,0,1,0,0
N21200,1,0,1,0,0
N21201,1,0,1,0,0
N21202,1,0,1,0,0
N21206,1,0,1,0,0
N2122,1,0,1,0,0
N2141,1,0,1,0,0
N21452,1,0,1,0,0
N21460,1,0,1,0,0
N21462,1,0,1,0,0
N21464,1,0,1,0,0
N21466,1,0,1,0,0
N21468,1,0,1,0,0
N21470,1,0,1,0,0
N21472,1,0,1,0,0
N21474,1,0,1,0,0
N21476,1,0,1,0,0
N21478,1,0,1,0,0
N21480,1,0,1,0,0
N21482,1,0,1,0,0
N21484,1,0,1,0,0
N21486,1,0,1,0,0
N21488,1,0,1,0,0
N21490,1,0,1,0,0
N21492,1,0,1,0,0
N21494,1,0,1,0,0
N21496,1,0,1,0,0
N21498,1,0,1,0,0
N21522,1,0,1,0,0
N21526,1,0,1,0,0
N21528,1,0,1,0,0
N21530,1,0,1,0,0
N21532,1,0,1,0,0
N21534,1,0,1,0,0
N21536,1,0,1,0,0
N21538,1,0,1,0,0
N21540,1,0,1,0,0
N21542,1,0,1,0,0
N21544,1,0,1,0,0
N21546,1,0,1,0,0
N21548,1,0,1,0,0
N21550,1,0,1,0,0
N21552,1,0,1,0,0
N21554,1,0,1,0,0
N21556,1,0,1,0,0
N21558,1,0,1,0,0
N21560,1,0,1,0,0
N2160,1,0,1,0,0
N21765,1,0,1,0,0
N2179,1,0,1,0,0
N21929,1,0,1,0,0
N21930,1,0,1,0,0
N21931,1,0,1,0,0
N21932,1,0,1,0,0
N21933,1,0,1,0,0
N21934,1,0,1,0,0
N21935,1,0,1,0,0
N21936,1,0,1,0,0
N21937,1,0,1,0,0
N21938,1,0,1,0,0
N21939,1,0,1,0,0
N21940,1,0,1,0,0
N21941,1,0,1,0,0
N21942,1,0,1,0,0
N21943,1,0,1,0,0
N21944,1,0,1,0,0
N21945,1,0,1,0,0
N21946,1,0,1,0,0
N2198,1,0,1,0,0
N22080,1,0,1,0,0
N22081,1,0,1,0,0
N22082,1,0,1,0,0
N22083,1,0,1,0,0
N22084,1,0,1,0,0
N22085,1,0,1,0,0
N22086,1,0,1,0,0
N22087,1,0,1,0,0
N22088,1,0,1,0,0
N22089,1,0,1,0,0
N22090,1,0,1,0,0
N22091,1,0,1,0,0
N22092,1,0,1,0,0
N22093,1,0,1,0,0
N22094,1,0,1,0,0
N22095,1,0,1,0,0
N22096,1,0,1,0,0
N2217,1,0,1,0,0
N2236,1,0,1,0,0
N22419,1,0,1,0,0
N22420,1,0,1,0,0
N22432,1,0,1,0,0
N22433,1,0,1,0,0
N22445,1,0,1,0,0
N22446,1,0,1,0,0
N22457,1,0,1,0,0
N22458,1,0,1,0,0
N22469,1,0,1,0,0
N22470,1,0,1,0,0
N22481,1,0,1,0,0
N22482,1,0,1,0,0
N22493,1,0,1,0,0
N22494,1,0,1,0,0
N22504,1,0,1,0,0
N22505,1,0,1,0,0
N22516,1,0,1,0,0
N22517,1,0,1,0,0
N22527,1,0,1,0,0
N22528,1,0,1,0,0
N22538,1,0,1,0,0
N22539,1,0,1,0,0
N22549,1,0,1,0,0
N2255,1,0,1,0,0
N22550,1,0,1,0,0
N22560,1,0,1,0,0
N22570,1,0,1,0,0
N22571,1,0,1,0,0
N22580,1,0,1,0,0
N22581,1,0,1,0,0
N22590,1,0,1,0,0
N22605,1,0,1,0,0
N22672,1,0,1,0,0
N2274,1,0,1,0,0
N22821,1,0,1,0,0
N22822,1,0,1,0,0
N22832,1,0,1,0,0
N22833,1,0,1,0,0
N22834,1,0,1,0,0
N22835,1,0,1,0,0
N22849,1,0,1,0,0
N22851,1,0,1,0,0
N22853,1,0,1,0,0
N22854,1,0,1,0,0
N2293,1,0,1,0,0
N22957,1,0,1,0,0
N22958,1,0,1,0,0
N22959,1,0,1,0,0
N22960,1,0,1,0,0
N22961,1,0,1,0,0
N22962,1,0,1,0,0
N22963,1,0,1,0,0
N22964,1,0,1,0,0
N22965,1,0,1,0,0
N22969,1,0,1,0,0
N22971,1,0,1,0,0
N22973,1,0,1,0,0
N22975,1,0,1,0,0
N22977,1,0,1,0,0
N22978,1,0,1,0,0
N22980,1,0,1,0,0
N22982,1,0,1,0,0
N22994,1,0,1,0,0
N22995,1,0,1,0,0
N22996,1,0,1,0,0
N22997,1,0,1,0,0
N2312,1,0,1,0,0
N23133,1,0,1,0,0
N23134,1,0,1,0,0
N23135,1,0,1,0,0
N23136,1,0,1,0,0
N23137,1,0,1,0,0
N23138,1,0,1,0,0
N23139,1,0,1,0,0
N23140,1,0,1,0,0
N23141,1,0,1,0,0
N23142,1,0,1,0,0
N23143,1,0,1,0,0
N23144,1,0,1,0,0
N23145,1,0,1,0,0
N23146,1,0,1,0,0
N23147,1,0,1,0,0
N23148,1,0,1,0,0
N23150,1,0,1,0,0
N23151,1,0,1,0,0
N23153,1,0,1,0,0
N23154,1,0,1,0,0
N23156,1,0,1,0,0
N23157,1,0,1,0,0
N23159,1,0,1,0,0
N23160,1,0,1,0,0
N23162,1,0,1,0,0
N23163,1,0,1,0,0
N23171,1,0,1,0,0
N23208,1,0,1,0,0
N23217,1,0,1,0,0
N23219,1,0,1,0,0
N23221,1,0,1,0,0
N23223,1,0,1,0,0
N23231,1,0,1,0,0
N23243,1,0,1,0,0
N23244,1,0,1,0,0
N23246,1,0,1,0,0
N23247,1,0,1,0,0
N23248,1,0,1,0,0
N23250,1,0,1,0,0
N2331,1,0,1,0,0
N23390,1,0,1,0,0
N23391,1,0,1,0,0
N23395,1,0,1,0,0
N23396,1,0,1,0,0
N23397,1,0,1,0,0
N23398,1,0,1,0,0
N23400,1,0,1,0,0
N23401,1,0,1,0,0
N23402,1,0,1,0,0
N2350,1,0,1,0,0
N2369,1,0,1,0,0
N2388,1,0,1,0,0
N2407,1,0,1,0,0
N2426,1,0,1,0,0
N2445,1,0,1,0,0
N2464,1,0,1,0,0
N2483,1,0,1,0,0
N2502,1,0,1,0,0
N2517,1,0,1,0,0
N2521,1,0,1,0,0
N2539,1,0,1,0,0
N2559,1,0,1,0,0
N2715,1,0,1,0,0
N2723,1,0,1,0,0
N29770,1,0,1,0,0
N29771,1,0,1,0,0
N29772,1,0,1,0,0
N29773,1,0,1,0,0
N29774,1,0,1,0,0
N29775,1,0,1,0,0
N29776,1,0,1,0,0
N29777,1,0,1,0,0
N29860,1,0,1,0,0
N29861,1,0,1,0,0
N29862,1,0,1,0,0
N29863,1,0,1,0,0
N29864,1,0,1,0,0
N29865,1,0,1,0,0
N30975,1,0,1,0,0
N30976,1,0,1,0,0
N32532,1,0,1,0,0
N32533,1,0,1,0,0
N32536,1,0,0,0,1
N3335,1,0,1,0,0
N3336,1,0,1,0,0
N3337,1,0,1,0,0
N3338,1,0,1,0,0
N3339,1,0,1,0,0
N3340,1,0,1,0,0
N3341,1,0,1,0,0
N3342,1,0,1,0,0
N3366,1,0,1,0,0
N3368,1,0,1,0,0
N3370,1,0,1,0,0
N3372,1,0,1,0,0
N3375,1,0,1,0,0
N3376,1,0,1,0,0
N3377,1,0,1,0,0
N3378,1,0,1,0,0
N3379,1,0,1,0,0
N3380,1,0,1,0,0
N3381,1,0,1,0,0
N3382,1,0,1,0,0
N3383,1,0,1,0,0
N3384,1,0,1,0,0
N3385,1,0,1,0,0
N3386,1,0,1,0,0
N3387,1,0,1,0,0
N3388,1,0,1,0,0
N3389,1,0,1,0,0
N3390,1,0,1,0,0
N3391,1,0,1,0,0
N3392,1,0,1,0,0
N3393,1,0,1,0,0
N3394,1,0,1,0,0
N3395,1,0,1,0,0
N3396,1,0,1,0,0
N3397,1,0,1,0,0
N3398,1,0,1,0,0
N3399,1,0,1,0,0
N3400,1,0,1,0,0
N3401,1,0,1,0,0
N3402,1,0,1,0,0
N3403,1,0,1,0,0
N3404,1,0,1,0,0
N3405,1,0,1,0,0
N3406,1,0,1,0,0
N34065,1,0,1,0,0
N34066,1,0,1,0,0
N3407,1,0,1,0,0
N3408,1,0,1,0,0
N34085,1,0,1,0,0
N34086,1,0,1,0,0
N34087,1,0,1,0,0
N34088,1,0,1,0,0
N34089,1,0,1,0,0
N3409,1,0,1,0,0
N34090,1,0,1,0,0
N34091,1,0,1,0,0
N34092,1,0,1,0,0
N34093,1,0,1,0,0
N34094,1,0,1,0,0
N3410,1,0,1,0,0
N3413,1,0,1,0,0
N3416,1,0,1,0,0
N34191,1,0,1,0,0
N34192,1,0,1,0,0
N3423,1,0,1,0,0
N34242,1,0,1,0,0
N3426,1,0,1,0,0
N3429,1,0,1,0,0
N3432,1,0,1,0,0
N3435,1,0,1,0,0
N3438,1,0,1,0,0
N3441,1,0,1,0,0
N3442,1,0,1,0,0
N3444,1,0,1,0,0
N3445,1,0,1,0,0
N3447,1,0,1,0,0
N3448,1,0,1,0,0
N3450,1,0,1,0,0
N3451,1,0,1,0,0
N3453,1,0,1,0,0
N3456,1,0,1,0,0
N3457,1,0,1,0,0
N3458,1,0,1,0,0
N3459,1,0,1,0,0
N3460,1,0,1,0,0
N3461,1,0,1,0,0
N3462,1,0,1,0,0
N3463,1,0,1,0,0
N3464,1,0,1,0,0
N3465,1,0,1,0,0
N3466,1,0,1,0,0
N3467,1,0,1,0,0
N3468,1,0,1,0,0
N3469,1,0,1,0,0
N3470,1,0,1,0,0
N3471,1,0,1,0,0
N3472,1,0,1,0,0
N3473,1,0,1,0,0
N3474,1,0,1,0,0
N3475,1,0,1,0,0
N3476,1,0,1,0,0
N3477,1,0,1,0,0
N3478,1,0,1,0,0
N3479,1,0,1,0,0
N3480,1,0,1,0,0
N34807,1,0,1,0,0
N34809,1,0,1,0,0
N3481,1,0,1,0,0
N34810,1,0,1,0,0
N34811,1,0,1,0,0
N34812,1,0,1,0,0
N34813,1,0,1,0,0
N34814,1,0,1,0,0
N34815,1,0,1,0,0
N34816,1,0,1,0,0
N3482,1,0,1,0,0
N3483,1,0,1,0,0
N3484,1,0,1,0,0
N3485,1,0,1,0,0
N3486,1,0,1,0,0
N3487,1,0,1,0,0
N3488,1,0,1,0,0
N3489,1,0,1,0,0
N3490,1,0,1,0,0
N3491,1,0,1,0,0
N3547,1,0,1,0,0
N3550,1,0,1,0,0
N3554,1,0,1,0,0
N3562,1,0,1,0,0
N3569,1,0,1,0,0
N3576,1,0,1,0,0
N3583,1,0,1,0,0
N3590,1,0,1,0,0
N3597,1,0,1,0,0
N3604,1,0,1,0,0
N3611,1,0,1,0,0
N3618,1,0,1,0,0
N3625,1,0,1,0,0
N3632,1,0,1,0,0
N3639,1,0,1,0,0
N3646,1,0,1,0,0
N3653,1,0,1,0,0
N3660,1,0,1,0,0
N3667,1,0,1,0,0
N3674,1,0,1,0,0
N3681,1,0,1,0,0
N3686,1,0,1,0,0
N38441,1,0,1,0,0
N38442,1,0,1,0,0
N38444,1,0,1,0,0
N38445,1,0,1,0,0
N38447,1,0,1,0,0
N38448,1,0,1,0,0
N38450,1,0,1,0,0
N38451,1,0,1,0,0
N38453,1,0,1,0,0
N38454,1,0,1,0,0
N38456,1,0,1,0,0
N38457,1,0,1,0,0
N38459,1,0,1,0,0
N38460,1,0,1,0,0
N38462,1,0,1,0,0
N38463,1,0,1,0,0
N38465,1,0,1,0,0
N38466,1,0,1,0,0
N38468,1,0,1,0,0
N38469,1,0,1,0,0
N38471,1,0,1,0,0
N38472,1,0,1,0,0
N38474,1,0,1,0,0
N38475,1,0,1,0,0
N38477,1,0,1,0,0
N38478,1,0,1,0,0
N38480,1,0,1,0,0
N38481,1,0,1,0,0
N38483,1,0,1,0,0
N38484,1,0,1,0,0
N38486,1,0,1,0,0
N38487,1,0,1,0,0
N38489,1,0,1,0,0
N38490,1,0,1,0,0
N38492,1,0,1,0,0
N38493,1,0,1,0,0
N38495,1,0,1,0,0
N38496,1,0,1,0,0
N38498,1,0,1,0,0
N38499,1,0,1,0,0
N38501,1,0,1,0,0
N38502,1,0,1,0,0
N38504,1,0,1,0,0
N38505,1,0,1,0,0
N38507,1,0,1,0,0
N38508,1,0,1,0,0
N38510,1,0,1,0,0
N38511,1,0,1,0,0
N38513,1,0,1,0,0
N38514,1,0,1,0,0
N38516,1,0,1,0,0
N38517,1,0,1,0,0
N38519,1,0,1,0,0
N38520,1,0,1,0,0
N38522,1,0,1,0,0
N38523,1,0,1,0,0
N38525,1,0,1,0,0
N38526,1,0,1,0,0
N38528,1,0,1,0,0
N38529,1,0,1,0,0
N38531,1,0,1,0,0
N38532,1,0,1,0,0
N38534,1,0,1,0,0
N38535,1,0,1,0,0
N38537,1,0,1,0,0
N38538,1,0,1,0,0
N38540,1,0,1,0,0
N38541,1,0,1,0,0
N38543,1,0,1,0,0
N38544,1,0,1,0,0
N38546,1,0,1,0,0
N38547,1,0,1,0,0
N38549,1,0,1,0,0
N38550,1,0,1,0,0
N38552,1,0,1,0,0
N38553,1,0,1,0,0
N38555,1,0,1,0,0
N38556,1,0,1,0,0
N38558,1,0,1,0,0
N38559,1,0,1,0,0
N38561,1,0,1,0,0
N38562,1,0,1,0,0
N38564,1,0,1,0,0
N38565,1,0,1,0,0
N38567,1,0,1,0,0
N38568,1,0,1,0,0
N38570,1,0,1,0,0
N38571,1,0,1,0,0
N38573,1,0,1,0,0
N38574,1,0,1,0,0
N38576,1,0,1,0,0
N38577,1,0,1,0,0
N38579,1,0,1,0,0
N38580,1,0,1,0,0
N38582,1,0,1,0,0
N38583,1,0,1,0,0
N38585,1,0,1,0,0
N38586,1,0,1,0,0
N38588,1,0,1,0,0
N38589,1,0,1,0,0
N38591,1,0,1,0,0
N38592,1,0,1,0,0
N38594,1,0,1,0,0
N38595,1,0,1,0,0
N38597,1,0,1,0,0
N38598,1,0,1,0,0
N38600,1,0,1,0,0
N38601,1,0,1,0,0
N38603,1,0,1,0,0
N38604,1,0,1,0,0
N38606,1,0,1,0,0
N38607,1,0,1,0,0
N38609,1,0,1,0,0
N38610,1,0,1,0,0
N38612,1,0,1,0,0
N38613,1,0,1,0,0
N38615,1,0,1,0,0
N38616,1,0,1,0,0
N38618,1,0,1,0,0
N38619,1,0,1,0,0
N38621,1,0,1,0,0
N38622,1,0,1,0,0
N38624,1,0,1,0,0
N38625,1,0,1,0,0
N38627,1,0,1,0,0
N38628,1,0,1,0,0
N38630,1,0,1,0,0
N38631,1,0,1,0,0
N38633,1,0,1,0,0
N38634,1,0,1,0,0
N38636,1,0,1,0,0
N38637,1,0,1,0,0
N38639,1,0,1,0,0
N38640,1,0,1,0,0
N38642,1,0,1,0,0
N38643,1,0,1,0,0
N38645,1,0,1,0,0
N38646,1,0,1,0,0
N38648,1,0,1,0,0
N38649,1,0,1,0,0
N38651,1,0,1,0,0
N38652,1,0,1,0,0
N38654,1,0,1,0,0
N38655,1,0,1,0,0
N38657,1,0,1,0,0
N38658,1,0,1,0,0
N38660,1,0,1,0,0
N38661,1,0,1,0,0
N38663,1,0,1,0,0
N38664,1,0,1,0,0
N38666,1,0,1,0,0
N38667,1,0,1,0,0
N38669,1,0,1,0,0
N38670,1,0,1,0,0
N38672,1,0,1,0,0
N38673,1,0,1,0,0
N38675,1,0,1,0,0
N38676,1,0,1,0,0
N38678,1,0,1,0,0
N38679,1,0,1,0,0
N38681,1,0,1,0,0
N38682,1,0,1,0,0
N38684,1,0,1,0,0
N38685,1,0,1,0,0
N38687,1,0,1,0,0
N38688,1,0,1,0,0
N38690,1,0,1,0,0
N38691,1,0,1,0,0
N38693,1,0,1,0,0
N38694,1,0,1,0,0
N38696,1,0,1,0,0
N38697,1,0,1,0,0
N38699,1,0,1,0,0
N38700,1,0,1,0,0
N38702,1,0,1,0,0
N38703,1,0,1,0,0
N38705,1,0,1,0,0
N38706,1,0,1,0,0
N38708,1,0,1,0,0
N38709,1,0,1,0,0
N38711,1,0,1,0,0
N38712,1,0,1,0,0
N38714,1,0,1,0,0
N38715,1,0,1,0,0
N38717,1,0,1,0,0
N38718,1,0,1,0,0
N38720,1,0,1,0,0
N38721,1,0,1,0,0
N38723,1,0,1,0,0
N38724,1,0,1,0,0
N38726,1,0,1,0,0
N38727,1,0,1,0,0
N38729,1,0,1,0,0
N38730,1,0,1,0,0
N38732,1,0,1,0,0
N38733,1,0,1,0,0
N38735,1,0,1,0,0
N38736,1,0,1,0,0
N38738,1,0,1,0,0
N38739,1,0,1,0,0
N38741,1,0,1,0,0
N38742,1,0,1,0,0
N38744,1,0,1,0,0
N38745,1,0,1,0,0
N38747,1,0,1,0,0
N38748,1,0,1,0,0
N38750,1,0,1,0,0
N38751,1,0,1,0,0
N38753,1,0,1,0,0
N38754,1,0,1,0,0
N38756,1,0,1,0,0
N38757,1,0,1,0,0
N38759,1,0,1,0,0
N38760,1,0,1,0,0
N38762,1,0,1,0,0
N38763,1,0,1,0,0
N38765,1,0,1,0,0
N38766,1,0,1,0,0
N38768,1,0,1,0,0
N38769,1,0,1,0,0
N38771,1,0,1,0,0
N38772,1,0,1,0,0
N38774,1,0,1,0,0
N38775,1,0,1,0,0
N38777,1,0,1,0,0
N38778,1,0,1,0,0
N38780,1,0,1,0,0
N38781,1,0,1,0,0
N38783,1,0,1,0,0
N38784,1,0,1,0,0
N38786,1,0,1,0,0
N38787,1,0,1,0,0
N38789,1,0,1,0,0
N38790,1,0,1,0,0
N38792,1,0,1,0,0
N38793,1,0,1,0,0
N38795,1,0,1,0,0
N38796,1,0,1,0,0
N38798,1,0,1,0,0
N38799,1,0,1,0,0
N38801,1,0,1,0,0
N38802,1,0,1,0,0
N38804,1,0,1,0,0
N38805,1,0,1,0,0
N38807,1,0,1,0,0
N38808,1,0,1,0,0
N38810,1,0,1,0,0
N38811,1,0,1,0,0
N38813,1,0,1,0,0
N38814,1,0,1,0,0
N38816,1,0,1,0,0
N38817,1,0,1,0,0
N38819,1,0,1,0,0
N38820,1,0,1,0,0
N38822,1,0,1,0,0
N38823,1,0,1,0,0
N38825,1,0,1,0,0
N38826,1,0,1,0,0
N38828,1,0,1,0,0
N38829,1,0,1,0,0
N38831,1,0,1,0,0
N38832,1,0,1,0,0
N38834,1,0,1,0,0
N38835,1,0,1,0,0
N38837,1,0,1,0,0
N38838,1,0,1,0,0
N38840,1,0,1,0,0
N38841,1,0,1,0,0
N38843,1,0,1,0,0
N38844,1,0,1,0,0
N38846,1,0,1,0,0
N38847,1,0,1,0,0
N38849,1,0,1,0,0
N38850,1,0,1,0,0
N38852,1,0,1,0,0
N38853,1,0,1,0,0
N38855,1,0,1,0,0
N38856,1,0,1,0,0
N38858,1,0,1,0,0
N38859,1,0,1,0,0
N38861,1,0,1,0,0
N38862,1,0,1,0,0
N38864,1,0,1,0,0
N38865,1,0,1,0,0
N38867,1,0,1,0,0
N38868,1,0,1,0,0
N38870,1,0,1,0,0
N38871,1,0,1,0,0
N38873,1,0,1,0,0
N38874,1,0,1,0,0
N38876,1,0,1,0,0
N38877,1,0,1,0,0
N38879,1,0,1,0,0
N38880,1,0,1,0,0
N38882,1,0,1,0,0
N38883,1,0,1,0,0
N38885,1,0,1,0,0
N38886,1,0,1,0,0
N38888,1,0,1,0,0
N38889,1,0,1,0,0
N38891,1,0,1,0,0
N38892,1,0,1,0,0
N38894,1,0,1,0,0
N38895,1,0,1,0,0
N38898,1,0,1,0,0
N38901,1,0,1,0,0
N38904,1,0,1,0,0
N38907,1,0,1,0,0
N38909,1,0,1,0,0
N38910,1,0,1,0,0
N38912,1,0,1,0,0
N38913,1,0,1,0,0
N38915,1,0,1,0,0
N38919,1,0,1,0,0
N38922,1,0,1,0,0
N38925,1,0,1,0,0
N38927,1,0,1,0,0
N38928,1,0,1,0,0
N38930,1,0,1,0,0
N38931,1,0,1,0,0
N38933,1,0,1,0,0
N38934,1,0,1,0,0
N38936,1,0,1,0,0
N38937,1,0,1,0,0
N38939,1,0,1,0,0
N38940,1,0,1,0,0
N38942,1,0,1,0,0
N38943,1,0,1,0,0
N38945,1,0,1,0,0
N38946,1,0,1,0,0
N38948,1,0,1,0,0
N38949,1,0,1,0,0
N38951,1,0,1,0,0
N38952,1,0,1,0,0
N38954,1,0,1,0,0
N38955,1,0,1,0,0
N38957,1,0,1,0,0
N38958,1,0,1,0,0
N38960,1,0,1,0,0
N38961,1,0,1,0,0
N38963,1,0,1,0,0
N38964,1,0,1,0,0
N38966,1,0,1,0,0
N38967,1,0,1,0,0
N38969,1,0,1,0,0
N38970,1,0,1,0,0
N38972,1,0,1,0,0
N38973,1,0,1,0,0
N38975,1,0,1,0,0
N38976,1,0,1,0,0
N38978,1,0,1,0,0
N38979,1,0,1,0,0
N38981,1,0,1,0,0
N38982,1,0,1,0,0
N38984,1,0,1,0,0
N38985,1,0,1,0,0
N38987,1,0,1,0,0
N38988,1,0,1,0,0
N38990,1,0,1,0,0
N38991,1,0,1,0,0
N38993,1,0,1,0,0
N38994,1,0,1,0,0
N38996,1,0,1,0,0
N38997,1,0,1,0,0
N38999,1,0,1,0,0
N39000,1,0,1,0,0
N39002,1,0,1,0,0
N39003,1,0,1,0,0
N39005,1,0,1,0,0
N39006,1,0,1,0,0
N39008,1,0,1,0,0
N39009,1,0,1,0,0
N39011,1,0,1,0,0
N39012,1,0,1,0,0
N39014,1,0,1,0,0
N39015,1,0,1,0,0
N39017,1,0,1,0,0
N39020,1,0,1,0,0
N39021,1,0,1,0,0
N39023,1,0,1,0,0
N39024,1,0,1,0,0
N39026,1,0,1,0,0
N39027,1,0,1,0,0
N39029,1,0,1,0,0
N39030,1,0,1,0,0
N39032,1,0,1,0,0
N39033,1,0,1,0,0
N39035,1,0,1,0,0
N39036,1,0,1,0,0
N39038,1,0,1,0,0
N39039,1,0,1,0,0
N39041,1,0,1,0,0
N39042,1,0,1,0,0
N39044,1,0,1,0,0
N39045,1,0,1,0,0
N39047,1,0,1,0,0
N39048,1,0,1,0,0
N3905,1,0,1,0,0
N39051,1,0,1,0,0
N39054,1,0,1,0,0
N39056,1,0,1,0,0
N39057,1,0,1,0,0
N39059,1,0,1,0,0
N3906,1,0,1,0,0
N39060,1,0,1,0,0
N39062,1,0,1,0,0
N39063,1,0,1,0,0
N39065,1,0,1,0,0
N39066,1,0,1,0,0
N39068,1,0,1,0,0
N39069,1,0,1,0,0
N3907,1,0,1,0,0
N39071,1,0,1,0,0
N39072,1,0,1,0,0
N39074,1,0,1,0,0
N39075,1,0,1,0,0
N39077,1,0,1,0,0
N39078,1,0,1,0,0
N3908,1,0,1,0,0
N39080,1,0,1,0,0
N39081,1,0,1,0,0
N39083,1,0,1,0,0
N39084,1,0,1,0,0
N39086,1,0,1,0,0
N39087,1,0,1,0,0
N39089,1,0,1,0,0
N3909,1,0,1,0,0
N39090,1,0,1,0,0
N39092,1,0,1,0,0
N39093,1,0,1,0,0
N39095,1,0,1,0,0
N39096,1,0,1,0,0
N39098,1,0,1,0,0
N39099,1,0,1,0,0
N3910,1,0,1,0,0
N39102,1,0,1,0,0
N39104,1,0,1,0,0
N39105,1,0,1,0,0
N39107,1,0,1,0,0
N39108,1,0,1,0,0
N3911,1,0,1,0,0
N39110,1,0,1,0,0
N39111,1,0,1,0,0
N39113,1,0,1,0,0
N39114,1,0,1,0,0
N39116,1,0,1,0,0
N39117,1,0,1,0,0
N39119,1,0,1,0,0
N3912,1,0,1,0,0
N39120,1,0,1,0,0
N39122,1,0,1,0,0
N39123,1,0,1,0,0
N3913,1,0,1,0,0
N39137,1,0,1,0,0
N39138,1,0,1,0,0
N3914,1,0,1,0,0
N39140,1,0,1,0,0
N39141,1,0,1,0,0
N3915,1,0,1,0,0
N3916,1,0,1,0,0
N3917,1,0,1,0,0
N39173,1,0,1,0,0
N39174,1,0,1,0,0
N39176,1,0,1,0,0
N39177,1,0,1,0,0
N39179,1,0,1,0,0
N3918,1,0,1,0,0
N39180,1,0,1,0,0
N39182,1,0,1,0,0
N39183,1,0,1,0,0
N39185,1,0,1,0,0
N39186,1,0,1,0,0
N39188,1,0,1,0,0
N39189,1,0,1,0,0
N3919,1,0,1,0,0
N39191,1,0,1,0,0
N39192,1,0,1,0,0
N39194,1,0,1,0,0
N39195,1,0,1,0,0
N39197,1,0,1,0,0
N39198,1,0,1,0,0
N3920,1,0,1,0,0
N39200,1,0,1,0,0
N39201,1,0,1,0,0
N39203,1,0,1,0,0
N39204,1,0,1,0,0
N39206,1,0,1,0,0
N39207,1,0,1,0,0
N39209,1,0,1,0,0
N3921,1,0,1,0,0
N39210,1,0,1,0,0
N39212,1,0,1,0,0
N39213,1,0,1,0,0
N39215,1,0,1,0,0
N39216,1,0,1,0,0
N39218,1,0,1,0,0
N39219,1,0,1,0,0
N3922,1,0,1,0,0
N39221,1,0,1,0,0
N39222,1,0,1,0,0
N39224,1,0,1,0,0
N39225,1,0,1,0,0
N39227,1,0,1,0,0
N39228,1,0,1,0,0
N3923,1,0,1,0,0
N39230,1,0,1,0,0
N39231,1,0,1,0,0
N39233,1,0,1,0,0
N39234,1,0,1,0,0
N39236,1,0,1,0,0
N39237,1,0,1,0,0
N39239,1,0,1,0,0
N3924,1,0,1,0,0
N39240,1,0,1,0,0
N39242,1,0,1,0,0
N39243,1,0,1,0,0
N39245,1,0,1,0,0
N39246,1,0,1,0,0
N39248,1,0,1,0,0
N39249,1,0,1,0,0
N3925,1,0,1,0,0
N3926,1,0,1,0,0
N3927,1,0,1,0,0
N3928,1,0,1,0,0
N3929,1,0,1,0,0
N3930,1,0,1,0,0
N3931,1,0,1,0,0
N3932,1,0,1,0,0
N3933,1,0,1,0,0
N3934,1,0,1,0,0
N3935,1,0,1,0,0
N3936,1,0,1,0,0
N3937,1,0,1,0,0
N3938,1,0,1,0,0
N3939,1,0,1,0,0
N3940,1,0,1,0,0
N3941,1,0,1,0,0
N3942,1,0,1,0,0
N39421,1,0,1,0,0
N3943,1,0,1,0,0
N39437,1,0,1,0,0
N39438,1,0,1,0,0
N3944,1,0,1,0,0
N39447,1,0,1,0,0
N3945,1,0,1,0,0
N3946,1,0,1,0,0
N39466,1,0,1,0,0
N3947,1,0,1,0,0
N39470,1,0,1,0,0
N3948,1,0,1,0,0
N39486,1,0,1,0,0
N3949,1,0,1,0,0
N39495,1,0,1,0,0
N3950,1,0,1,0,0
N3951,1,0,1,0,0
N39512,1,0,1,0,0
N39516,1,0,1,0,0
N3952,1,0,1,0,0
N3953,1,0,1,0,0
N39538,1,0,1,0,0
N3954,1,0,1,0,0
N39547,1,0,1,0,0
N3955,1,0,1,0,0
N3956,1,0,1,0,0
N39563,1,0,1,0,0
N3957,1,0,1,0,0
N39573,1,0,1,0,0
N3958,1,0,1,0,0
N3959,1,0,1,0,0
N3960,1,0,1,0,0
N3961,1,0,1,0,0
N3962,1,0,1,0,0
N3963,1,0,1,0,0
N3964,1,0,1,0,0
N3965,1,0,1,0,0
N3966,1,0,1,0,0
N3967,1,0,1,0,0
N3968,1,0,1,0,0
N3969,1,0,1,0,0
N3970,1,0,1,0,0
N3971,1,0,1,0,0
N3972,1,0,1,0,0
N3973,1,0,1,0,0
N3974,1,0,1,0,0
N3975,1,0,1,0,0
N3976,1,0,1,0,0
N3977,1,0,1,0,0
N3978,1,0,1,0,0
N3979,1,0,1,0,0
N3980,1,0,1,0,0
N3981,1,0,1,0,0
N3982,1,0,1,0,0
N3983,1,0,1,0,0
N3984,1,0,1,0,0
N3985,1,0,1,0,0
N3986,1,0,1,0,0
N3987,1,0,1,0,0
N3988,1,0,1,0,0
N3989,1,0,1,0,0
N3990,1,0,1,0,0
N3991,1,0,1,0,0
N3992,1,0,1,0,0
N3993,1,0,1,0,0
N3994,1,0,1,0,0
N3995,1,0,1,0,0
N3996,1,0,1,0,0
N3997,1,0,1,0,0
N3998,1,0,1,0,0
N3999,1,0,1,0,0
N4000,1,0,1,0,0
N4001,1,0,1,0,0
N4009,1,0,1,0,0
N40097,1,0,1,0,0
N4011,1,0,1,0,0
N4012,1,0,1,0,0
N40127,1,0,1,0,0
N4013,1,0,1,0,0
N4014,1,0,1,0,0
N40148,1,0,1,0,0
N4015,1,0,1,0,0
N40150,1,0,1,0,0
N40152,1,0,1,0,0
N40154,1,0,1,0,0
N40156,1,0,1,0,0
N40158,1,0,1,0,0
N4016,1,0,1,0,0
N40160,1,0,1,0,0
N40162,1,0,1,0,0
N40164,1,0,1,0,0
N40166,1,0,1,0,0
N40168,1,0,1,0,0
N4017,1,0,1,0,0
N40170,1,0,1,0,0
N40172,1,0,1,0,0
N40174,1,0,1,0,0
N40176,1,0,1,0,0
N40178,1,0,1,0,0
N4018,1,0,1,0,0
N40180,1,0,1,0,0
N40182,1,0,1,0,0
N40184,1,0,1,0,0
N40186,1,0,1,0,0
N40188,1,0,1,0,0
N40190,1,0,1,0,0
N40192,1,0,1,0,0
N40194,1,0,1,0,0
N40196,1,0,1,0,0
N40198,1,0,1,0,0
N40200,1,0,1,0,0
N40202,1,0,1,0,0
N40204,1,0,1,0,0
N40206,1,0,1,0,0
N40208,1,0,1,0,0
N40210,1,0,1,0,0
N40212,1,0,1,0,0
N4025,1,0,1,0,0
N4027,1,0,1,0,0
N4039,1,0,1,0,0
N4041,1,0,1,0,0
N4043,1,0,1,0,0
N4045,1,0,1,0,0
N4047,1,0,1,0,0
N4049,1,0,1,0,0
N4051,1,0,1,0,0
N4052,1,0,1,0,0
N4053,1,0,1,0,0
N4054,1,0,1,0,0
N4055,1,0,1,0,0
N4056,1,0,1,0,0
N4057,1,0,1,0,0
N4058,1,0,1,0,0
N4059,1,0,1,0,0
N4060,1,0,1,0,0
N4061,1,0,1,0,0
N4062,1,0,1,0,0
N4063,1,0,1,0,0
N4064,1,0,1,0,0
N4065,1,0,1,0,0
N4066,1,0,1,0,0
N4067,1,0,1,0,0
N4068,1,0,1,0,0
N4069,1,0,1,0,0
N4070,1,0,1,0,0
N4071,1,0,1,0,0
N4072,1,0,1,0,0
N4073,1,0,1,0,0
N4074,1,0,1,0,0
N40834,1,0,1,0,0
N40838,1,0,1,0,0
N40848,1,0,1,0,0
N40863,1,0,1,0,0
N40872,1,0,1,0,0
N40891,1,0,1,0,0
N40910,1,0,1,0,0
N40919,1,0,1,0,0
N40935,1,0,1,0,0
N40939,1,0,1,0,0
N40953,1,0,1,0,0
N40962,1,0,1,0,0
N40964,1,0,1,0,0
N40972,1,0,1,0,0
N41125,1,0,1,0,0
N41185,1,0,1,0,0
N41206,1,0,1,0,0
N41208,1,0,1,0,0
N41210,1,0,1,0,0
N41212,1,0,1,0,0
N41214,1,0,1,0,0
N41216,1,0,1,0,0
N41218,1,0,1,0,0
N41220,1,0,1,0,0
N41222,1,0,1,0,0
N41224,1,0,1,0,0
N41226,1,0,1,0,0
N41228,1,0,1,0,0
N41230,1,0,1,0,0
N41232,1,0,1,0,0
N41234,1,0,1,0,0
N41236,1,0,1,0,0
N41238,1,0,1,0,0
N41240,1,0,1,0,0
N41242,1,0,1,0,0
N41244,1,0,1,0,0
N41246,1,0,1,0,0
N41248,1,0,1,0,0
N41250,1,0,1,0,0
N41252,1,0,1,0,0
N41254,1,0,1,0,0
N41256,1,0,1,0,0
N41258,1,0,1,0,0
N41260,1,0,1,0,0
N41262,1,0,1,0,0
N41264,1,0,1,0,0
N41266,1,0,1,0,0
N41268,1,0,1,0,0
N41270,1,0,1,0,0
N4159,1,1,0,0,0
N4160,1,0,1,0,0
N4161,1,1,0,0,0
N4179,1,0,1,0,0
N4194,1,0,1,0,0
N4213,1,0,1,0,0
N4225,1,1,0,0,0
N42331,1,0,1,0,0
N42777,1,0,1,0,0
N43052,1,0,1,0,0
N43071,1,0,1,0,0
N43073,1,0,1,0,0
N43121,1,0,1,0,0
N43123,1,0,1,0,0
N43169,1,0,1,0,0
N43201,1,0,1,0,0
N43204,1,0,1,0,0
N43216,1,0,1,0,0
N43218,1,0,1,0,0
N43263,1,0,1,0,0
N43265,1,0,1,0,0
N43309,1,0,1,0,0
N43312,1,0,1,0,0
N43325,1,0,1,0,0
N43327,1,0,1,0,0
N43340,1,0,1,0,0
N43376,1,0,1,0,0
N43378,1,0,1,0,0
N43379,1,0,1,0,0
N43380,1,0,1,0,0
N43431,1,0,1,0,0
N43433,1,0,1,0,0
N43434,1,0,1,0,0
N43435,1,0,1,0,0
N43448,1,0,1,0,0
N43490,1,0,1,0,0
N43492,1,0,1,0,0
N43493,1,0,1,0,0
N43494,1,0,1,0,0
N43503,1,0,1,0,0
N43533,1,0,1,0,0
N43535,1,0,1,0,0
N43549,1,0,1,0,0
N43588,1,0,1,0,0
N43590,1,0,1,0,0
N43591,1,0,1,0,0
N43601,1,0,1,0,0
N43631,1,0,1,0,0
N43633,1,0,1,0,0
N43634,1,0,1,0,0
N43645,1,0,1,0,0
N43678,1,0,1,0,0
N43680,1,0,1,0,0
N43694,1,0,1,0,0
N43733,1,0,1,0,0
N43735,1,0,1,0,0
N43748,1,0,1,0,0
N43765,1,0,1,0,0
N43784,1,0,1,0,0
N43786,1,0,1,0,0
N43787,1,0,1,0,0
N43788,1,0,1,0,0
N43798,1,0,1,0,0
N43831,1,0,1,0,0
N43833,1,0,1,0,0
N43834,1,0,1,0,0
N43835,1,0,1,0,0
N43845,1,0,1,0,0
N43878,1,0,1,0,0
N43880,1,0,1,0,0
N43881,1,0,1,0,0
N43882,1,0,1,0,0
N43893,1,0,1,0,0
N43929,1,0,1,0,0
N43931,1,0,1,0,0
N43932,1,0,1,0,0
N43933,1,0,1,0,0
N43944,1,0,1,0,0
N43980,1,0,1,0,0
N43982,1,0,1,0,0
N43983,1,0,1,0,0
N43984,1,0,1,0,0
N43995,1,0,1,0,0
N44031,1,0,1,0,0
N44033,1,0,1,0,0
N44034,1,0,1,0,0
N44035,1,0,1,0,0
N44047,1,0,1,0,0
N44086,1,0,1,0,0
N44088,1,0,1,0,0
N44089,1,0,1,0,0
N44090,1,0,1,0,0
N44101,1,0,1,0,0
N44137,1,0,1,0,0
N44139,1,0,1,0,0
N44140,1,0,1,0,0
N44141,1,0,1,0,0
N44150,1,0,1,0,0
N44177,1,0,1,0,0
N44179,1,0,1,0,0
N44180,1,0,1,0,0
N44181,1,0,1,0,0
N44188,1,0,1,0,0
N44212,1,0,1,0,0
N44214,1,0,1,0,0
N44215,1,0,1,0,0
N44216,1,0,1,0,0
N44223,1,0,1,0,0
N44250,1,0,1,0,0
N44252,1,0,1,0,0
N44253,1,0,1,0,0
N44254,1,0,1,0,0
N44264,1,0,1,0,0
N44297,1,0,1,0,0
N44299,1,0,1,0,0
N44300,1,0,1,0,0
N44301,1,0,1,0,0
N44312,1,0,1,0,0
N44348,1,0,1,0,0
N44350,1,0,1,0,0
N44351,1,0,1,0,0
N44352,1,0,1,0,0
N44363,1,0,1,0,0
N44399,1,0,1,0,0
N44401,1,0,1,0,0
N44402,1,0,1,0,0
N44403,1,0,1,0,0
N44412,1,0,1,0,0
N44442,1,0,1,0,0
N44444,1,0,1,0,0
N44445,1,0,1,0,0
N44446,1,0,1,0,0
N44457,1,0,1,0,0
N44493,1,0,1,0,0
N44495,1,0,1,0,0
N44496,1,0,1,0,0
N44497,1,0,1,0,0
N44507,1,0,1,0,0
N44636,1,0,1,0,0
N44638,1,0,1,0,0
N44640,1,0,1,0,0
N44642,1,0,1,0,0
N44644,1,0,1,0,0
N44646,1,0,1,0,0
N44648,1,0,1,0,0
N44650,1,0,1,0,0
N44652,1,0,1,0,0
N44654,1,0,1,0,0
N44656,1,0,1,0,0
N44658,1,0,1,0,0
N44660,1,0,1,0,0
N44662,1,0,1,0,0
N44664,1,0,1,0,0
N44666,1,0,1,0,0
N44676,1,0,1,0,0
N44679,1,0,1,0,0
N44697,1,0,1,0,0
N44699,1,0,1,0,0
N44701,1,0,1,0,0
N44703,1,0,1,0,0
N44705,1,0,1,0,0
N44706,1,0,1,0,0
N44708,1,0,1,0,0
N44710,1,0,1,0,0
N44712,1,0,1,0,0
N44714,1,0,1,0,0
N44716,1,0,1,0,0
N44718,1,0,1,0,0
N44719,1,0,1,0,0
N44721,1,0,1,0,0
N44723,1,0,1,0,0
N44725,1,0,1,0,0
N44727,1,0,1,0,0
N44729,1,0,1,0,0
N44731,1,0,1,0,0
N44733,1,0,1,0,0
N44735,1,0,1,0,0
N44737,1,0,1,0,0
N44739,1,0,1,0,0
N44741,1,0,1,0,0
N44742,1,0,1,0,0
N44744,1,0,1,0,0
N44747,1,0,1,0,0
N4494,1,0,1,0,0
N44955,1,0,1,0,0
N44956,1,0,1,0,0
N44988,1,0,1,0,0
N45033,1,0,1,0,0
N45037,1,0,1,0,0
N45041,1,0,1,0,0
N45045,1,0,1,0,0
N45049,1,0,1,0,0
N45053,1,0,1,0,0
N45057,1,0,1,0,0
N45061,1,0,1,0,0
N45065,1,0,1,0,0
N45069,1,0,1,0,0
N45073,1,0,1,0,0
N45075,1,0,1,0,0
N45124,1,0,1,0,0
N45260,1,0,1,0,0
N45272,1,0,1,0,0
N45273,1,0,1,0,0
N45274,1,0,1,0,0
N45275,1,0,1,0,0
N45276,1,0,1,0,0
N45278,1,0,1,0,0
N45279,1,0,1,0,0
N45280,1,0,1,0,0
N45281,1,0,1,0,0
N45282,1,0,1,0,0
N45283,1,0,1,0,0
N45284,1,0,1,0,0
N45285,1,0,1,0,0
N45286,1,0,1,0,0
N45287,1,0,1,0,0
N45288,1,0,1,0,0
N45289,1,0,1,0,0
N45291,1,0,1,0,0
N45292,1,0,1,0,0
N45293,1,0,1,0,0
N45294,1,0,1,0,0
N45303,1,0,1,0,0
N45374,1,0,1,0,0
N45375,1,0,1,0,0
N45377,1,0,1,0,0
N45386,1,0,1,0,0
N45394,1,0,1,0,0
N45425,1,0,1,0,0
N45426,1,0,1,0,0
N45428,1,0,1,0,0
N45438,1,0,1,0,0
N45446,1,0,1,0,0
N45480,1,0,1,0,0
N45492,1,0,1,0,0
N45503,1,0,1,0,0
N45546,1,0,1,0,0
N45560,1,0,1,0,0
N45574,1,0,1,0,0
N45616,1,0,1,0,0
N45629,1,0,1,0,0
N45640,1,0,1,0,0
N45680,1,0,1,0,0
N45693,1,0,1,0,0
N45704,1,0,1,0,0
N45740,1,0,1,0,0
N45741,1,0,1,0,0
N45743,1,0,1,0,0
N45758,1,0,1,0,0
N45759,1,0,1,0,0
N45776,1,0,1,0,0
N45813,1,0,1,0,0
N45814,1,0,1,0,0
N45816,1,0,1,0,0
N45828,1,0,1,0,0
N45839,1,0,1,0,0
N45840,1,0,1,0,0
N45872,1,0,1,0,0
N45873,1,0,1,0,0
N45875,1,0,1,0,0
N45887,1,0,1,0,0
N45901,1,0,1,0,0
N45934,1,0,1,0,0
N45935,1,0,1,0,0
N45937,1,0,1,0,0
N45951,1,0,1,0,0
N45962,1,0,1,0,0
N46001,1,0,1,0,0
N46002,1,0,1,0,0
N46004,1,0,1,0,0
N46017,1,0,1,0,0
N46028,1,0,1,0,0
N46063,1,0,1,0,0
N46064,1,0,1,0,0
N46066,1,0,1,0,0
N46079,1,0,1,0,0
N46096,1,0,1,0,0
N46129,1,0,1,0,0
N46130,1,0,1,0,0
N46132,1,0,1,0,0
N46145,1,0,1,0,0
N46146,1,0,1,0,0
N46157,1,0,1,0,0
N46196,1,0,1,0,0
N46197,1,0,1,0,0
N46199,1,0,1,0,0
N46213,1,0,1,0,0
N46224,1,0,1,0,0
N46225,1,0,1,0,0
N46262,1,0,1,0,0
N46263,1,0,1,0,0
N46265,1,0,1,0,0
N46288,1,0,1,0,0
N46322,1,0,1,0,0
N46323,1,0,1,0,0
N46325,1,0,1,0,0
N46348,1,0,1,0,0
N46384,1,0,1,0,0
N46385,1,0,1,0,0
N46387,1,0,1,0,0
N46402,1,0,1,0,0
N46419,1,0,1,0,0
N46456,1,0,1,0,0
N46457,1,0,1,0,0
N46459,1,0,1,0,0
N46483,1,0,1,0,0
N46521,1,0,1,0,0
N46522,1,0,1,0,0
N46524,1,0,1,0,0
N46535,1,0,1,0,0
N46543,1,0,1,0,0
N46561,1,0,1,0,0
N46562,1,0,1,0,0
N46564,1,0,1,0,0
N46577,1,0,1,0,0
N46588,1,0,1,0,0
N46607,1,0,1,0,0
N46608,1,0,1,0,0
N46610,1,0,1,0,0
N46611,1,0,1,0,0
N46612,1,0,1,0,0
N46614,1,0,1,0,0
N46615,1,0,1,0,0
N46616,1,0,1,0,0
N46618,1,0,1,0,0
N46619,1,0,1,0,0
N46620,1,0,1,0,0
N46622,1,0,1,0,0
N46626,1,0,1,0,0
N46630,1,0,1,0,0
N46634,1,0,1,0,0
N46638,1,0,1,0,0
N4664,1,0,1,0,0
N46647,1,0,1,0,0
N4665,1,0,1,0,0
N46662,1,0,1,0,0
N46666,1,0,1,0,0
N46670,1,0,1,0,0
N46671,1,0,1,0,0
N46674,1,0,1,0,0
N46675,1,0,1,0,0
N46676,1,0,1,0,0
N46678,1,0,1,0,0
N46679,1,0,1,0,0
N46680,1,0,1,0,0
N46682,1,0,1,0,0
N46683,1,0,1,0,0
N46684,1,0,1,0,0
N46686,1,0,1,0,0
N46687,1,0,1,0,0
N46688,1,0,1,0,0
N46689,1,0,1,0,0
N46690,1,0,1,0,0
N46691,1,0,1,0,0
N46693,1,0,1,0,0
N46694,1,0,1,0,0
N46695,1,0,1,0,0
N46697,1,0,1,0,0
N46698,1,0,1,0,0
N46699,1,0,1,0,0
N46701,1,0,1,0,0
N46702,1,0,1,0,0
N46703,1,0,1,0,0
N46705,1,0,1,0,0
N46706,1,0,1,0,0
N46707,1,0,1,0,0
N46709,1,0,1,0,0
N46710,1,0,1,0,0
N46711,1,0,1,0,0
N46713,1,0,1,0,0
N46714,1,0,1,0,0
N46715,1,0,1,0,0
N46717,1,0,1,0,0
N46718,1,0,1,0,0
N46719,1,0,1,0,0
N46721,1,0,1,0,0
N46722,1,0,1,0,0
N46723,1,0,1,0,0
N46725,1,0,1,0,0
N46726,1,0,1,0,0
N46727,1,0,1,0,0
N46729,1,0,1,0,0
N46730,1,0,1,0,0
N46731,1,0,1,0,0
N46745,1,0,1,0,0
N4683,1,0,1,0,0
N4684,1,0,1,0,0
N4685,1,0,1,0,0
N4686,1,0,1,0,0
N4687,1,0,1,0,0
N4688,1,0,1,0,0
N4689,1,0,1,0,0
N4690,1,0,1,0,0
N46903,1,0,1,0,0
N46906,1,0,1,0,0
N46907,1,0,1,0,0
N46908,1,0,1,0,0
N46909,1,0,1,0,0
N4691,1,0,1,0,0
N46910,1,0,1,0,0
N46911,1,0,1,0,0
N46912,1,0,1,0,0
N46913,1,0,1,0,0
N46915,1,0,1,0,0
N46916,1,0,1,0,0
N46917,1,0,1,0,0
N46918,1,0,1,0,0
N46919,1,0,1,0,0
N4692,1,0,1,0,0
N46920,1,0,1,0,0
N46921,1,0,1,0,0
N46922,1,0,1,0,0
N46923,1,0,1,0,0
N46924,1,0,1,0,0
N46925,1,0,1,0,0
N46926,1,0,1,0,0
N46927,1,0,1,0,0
N46928,1,0,1,0,0
N46929,1,0,1,0,0
N46930,1,0,1,0,0
N46931,1,0,1,0,0
N46932,1,0,1,0,0
N46933,1,0,1,0,0
N46934,1,0,1,0,0
N46935,1,0,1,0,0
N46936,1,0,1,0,0
N46937,1,0,1,0,0
N46939,1,0,1,0,0
N46941,1,0,1,0,0
N46942,1,0,1,0,0
N46943,1,0,1,0,0
N46944,1,0,1,0,0
N46956,1,0,1,0,0
N46957,1,0,1,0,0
N46958,1,0,1,0,0
N46959,1,0,1,0,0
N46961,1,0,1,0,0
N46962,1,0,1,0,0
N46963,1,0,1,0,0
N46964,1,0,1,0,0
N46965,1,0,1,0,0
N46966,1,0,1,0,0
N46967,1,0,1,0,0
N46968,1,0,1,0,0
N46969,1,0,1,0,0
N46970,1,0,1,0,0
N46971,1,0,1,0,0
N46972,1,0,1,0,0
N46973,1,0,1,0,0
N46974,1,0,1,0,0
N46975,1,0,1,0,0
N46976,1,0,1,0,0
N46977,1,0,1,0,0
N46978,1,0,1,0,0
N46981,1,0,1,0,0
N46987,1,0,1,0,0
N46988,1,0,1,0,0
N46989,1,0,1,0,0
N46990,1,0,1,0,0
N46992,1,0,1,0,0
N46993,1,0,1,0,0
N46994,1,0,1,0,0
N46995,1,0,1,0,0
N46996,1,0,1,0,0
N46997,1,0,1,0,0
N46998,1,0,1,0,0
N46999,1,0,1,0,0
N47000,1,0,1,0,0
N47001,1,0,1,0,0
N47002,1,0,1,0,0
N47003,1,0,1,0,0
N47004,1,0,1,0,0
N47005,1,0,1,0,0
N47294,1,0,1,0,0
N47344,1,0,1,0,0
N47395,1,0,1,0,0
N47441,1,0,1,0,0
N47465,1,0,1,0,0
N47466,1,0,1,0,0
N47492,1,0,1,0,0
N47514,1,0,1,0,0
N47534,1,0,1,0,0
N47565,1,0,1,0,0
N47586,1,0,1,0,0
N47588,1,0,1,0,0
N47611,1,0,1,0,0
N47632,1,0,1,0,0
N47633,1,0,1,0,0
N47634,1,0,1,0,0
N47658,1,0,1,0,0
N47684,1,0,1,0,0
N47696,1,0,1,0,0
N47707,1,0,1,0,0
N47727,1,0,1,0,0
N47738,1,0,1,0,0
N47750,1,0,1,0,0
N48101,1,0,1,0,0
N48102,1,0,1,0,0
N48103,1,0,1,0,0
N48157,1,0,1,0,0
N48158,1,0,1,0,0
N48159,1,0,1,0,0
N48160,1,0,1,0,0
N48171,1,0,1,0,0
N48172,1,0,1,0,0
N48173,1,0,1,0,0
N48174,1,0,1,0,0
N48177,1,0,1,0,0
N48178,1,0,1,0,0
N48179,1,0,1,0,0
N48180,1,0,1,0,0
N48181,1,0,1,0,0
N48182,1,0,1,0,0
N48183,1,0,1,0,0
N48184,1,0,1,0,0
N48185,1,0,1,0,0
N48186,1,0,1,0,0
N48187,1,0,1,0,0
N48188,1,0,1,0,0
N48189,1,0,1,0,0
N48190,1,0,1,0,0
N48191,1,0,1,0,0
N48192,1,0,1,0,0
N48193,1,0,1,0,0
N48194,1,0,1,0,0
N48197,1,0,1,0,0
N48204,1,0,1,0,0
N48205,1,0,1,0,0
N48206,1,0,1,0,0
N48207,1,0,1,0,0
N48208,1,0,1,0,0
N48209,1,0,1,0,0
N48210,1,0,1,0,0
N48211,1,0,1,0,0
N48212,1,0,1,0,0
N48213,1,0,1,0,0
N48214,1,0,1,0,0
N48215,1,0,1,0,0
N48216,1,0,1,0,0
N48217,1,0,1,0,0
N48218,1,0,1,0,0
N48219,1,0,1,0,0
N48220,1,0,1,0,0
N48271,1,0,1,0,0
N48272,1,0,1,0,0
N48273,1,0,1,0,0
N48274,1,0,1,0,0
N48286,1,0,1,0,0
N48289,1,0,1,0,0
N48290,1,0,1,0,0
N48291,1,0,1,0,0
N48292,1,0,1,0,0
N48293,1,0,1,0,0
N48294,1,0,1,0,0
N48295,1,0,1,0,0
N48296,1,0,1,0,0
N48297,1,0,1,0,0
N48298,1,0,1,0,0
N48299,1,0,1,0,0
N48558,1,0,1,0,0
N48913,1,0,1,0,0
N49176,1,0,1,0,0
N49179,1,0,1,0,0
N49226,1,0,1,0,0
N49229,1,0,1,0,0
N49276,1,0,1,0,0
N49309,1,0,1,0,0
N49313,1,0,1,0,0
N49323,1,0,1,0,0
N49326,1,0,1,0,0
N4936,1,0,1,0,0
N4937,1,0,1,0,0
N49370,1,0,1,0,0
N49373,1,0,1,0,0
N4938,1,0,1,0,0
N4939,1,0,1,0,0
N4940,1,0,1,0,0
N4941,1,0,1,0,0
N49418,1,0,1,0,0
N4942,1,0,1,0,0
N49422,1,0,1,0,0
N4943,1,0,1,0,0
N49430,1,0,1,0,0
N49431,1,0,1,0,0
N49432,1,0,1,0,0
N49433,1,0,1,0,0
N49435,1,0,1,0,0
N49436,1,0,1,0,0
N49437,1,0,1,0,0
N4945,1,0,1,0,0
N4946,1,0,1,0,0
N4947,1,0,1,0,0
N49483,1,0,1,0,0
N49484,1,0,1,0,0
N49486,1,0,1,0,0
N49487,1,0,1,0,0
N49488,1,0,1,0,0
N49536,1,0,1,0,0
N49537,1,0,1,0,0
N49538,1,0,1,0,0
N49539,1,0,1,0,0
N49541,1,0,1,0,0
N49542,1,0,1,0,0
N49543,1,0,1,0,0
N49595,1,0,1,0,0
N49596,1,0,1,0,0
N49597,1,0,1,0,0
N49598,1,0,1,0,0
N49600,1,0,1,0,0
N49601,1,0,1,0,0
N49602,1,0,1,0,0
N49638,1,0,1,0,0
N49639,1,0,1,0,0
N49640,1,0,1,0,0
N49641,1,0,1,0,0
N49643,1,0,1,0,0
N49644,1,0,1,0,0
N49645,1,0,1,0,0
N49695,1,0,1,0,0
N49698,1,0,1,0,0
N49699,1,0,1,0,0
N49738,1,0,1,0,0
N49739,1,0,1,0,0
N49741,1,0,1,0,0
N49742,1,0,1,0,0
N49783,1,0,1,0,0
N49784,1,0,1,0,0
N49785,1,0,1,0,0
N49786,1,0,1,0,0
N49788,1,0,1,0,0
N49789,1,0,1,0,0
N49790,1,0,1,0,0
N49838,1,0,1,0,0
N49839,1,0,1,0,0
N49840,1,0,1,0,0
N49841,1,0,1,0,0
N49843,1,0,1,0,0
N49844,1,0,1,0,0
N49845,1,0,1,0,0
N49889,1,0,1,0,0
N49890,1,0,1,0,0
N49891,1,0,1,0,0
N49892,1,0,1,0,0
N49894,1,0,1,0,0
N49895,1,0,1,0,0
N49896,1,0,1,0,0
N49936,1,0,1,0,0
N49937,1,0,1,0,0
N49938,1,0,1,0,0
N49939,1,0,1,0,0
N49941,1,0,1,0,0
N49942,1,0,1,0,0
N49943,1,0,1,0,0
N49983,1,0,1,0,0
N49984,1,0,1,0,0
N49985,1,0,1,0,0
N49986,1,0,1,0,0
N49988,1,0,1,0,0
N49989,1,0,1,0,0
N49990,1,0,1,0,0
N50034,1,0,1,0,0
N50035,1,0,1,0,0
N50036,1,0,1,0,0
N50037,1,0,1,0,0
N50039,1,0,1,0,0
N50040,1,0,1,0,0
N50041,1,0,1,0,0
N50085,1,0,1,0,0
N50086,1,0,1,0,0
N50087,1,0,1,0,0
N50088,1,0,1,0,0
N50090,1,0,1,0,0
N50091,1,0,1,0,0
N50092,1,0,1,0,0
N5010,1,0,1,0,0
N50136,1,0,1,0,0
N50137,1,0,1,0,0
N50138,1,0,1,0,0
N50139,1,0,1,0,0
N50141,1,0,1,0,0
N50142,1,0,1,0,0
N50143,1,0,1,0,0
N50193,1,0,1,0,0
N50194,1,0,1,0,0
N50196,1,0,1,0,0
N50197,1,0,1,0,0
N50198,1,0,1,0,0
N50242,1,0,1,0,0
N50244,1,0,1,0,0
N50245,1,0,1,0,0
N50247,1,0,1,0,0
N50248,1,0,1,0,0
N50249,1,0,1,0,0
N50282,1,0,1,0,0
N50283,1,0,1,0,0
N50284,1,0,1,0,0
N50285,1,0,1,0,0
N50287,1,0,1,0,0
N50288,1,0,1,0,0
N50289,1,0,1,0,0
N50317,1,0,1,0,0
N50318,1,0,1,0,0
N50319,1,0,1,0,0
N50320,1,0,1,0,0
N50322,1,0,1,0,0
N50323,1,0,1,0,0
N50324,1,0,1,0,0
N50360,1,0,1,0,0
N50361,1,0,1,0,0
N50362,1,0,1,0,0
N50363,1,0,1,0,0
N50365,1,0,1,0,0
N50366,1,0,1,0,0
N50367,1,0,1,0,0
N50407,1,0,1,0,0
N50408,1,0,1,0,0
N50409,1,0,1,0,0
N50410,1,0,1,0,0
N50412,1,0,1,0,0
N50413,1,0,1,0,0
N50414,1,0,1,0,0
N50458,1,0,1,0,0
N50460,1,0,1,0,0
N50461,1,0,1,0,0
N50463,1,0,1,0,0
N50464,1,0,1,0,0
N50465,1,0,1,0,0
N50509,1,0,1,0,0
N50510,1,0,1,0,0
N50511,1,0,1,0,0
N50512,1,0,1,0,0
N50514,1,0,1,0,0
N50515,1,0,1,0,0
N50516,1,0,1,0,0
N50556,1,0,1,0,0
N50557,1,0,1,0,0
N50558,1,0,1,0,0
N50559,1,0,1,0,0
N50561,1,0,1,0,0
N50562,1,0,1,0,0
N50563,1,0,1,0,0
N50607,1,0,1,0,0
N50608,1,0,1,0,0
N50609,1,0,1,0,0
N50610,1,0,1,0,0
N50612,1,0,1,0,0
N50613,1,0,1,0,0
N50614,1,0,1,0,0
N50648,1,0,1,0,0
N50673,1,0,1,0,0
N50677,1,0,1,0,0
N50679,1,0,1,0,0
N50681,1,0,1,0,0
N50683,1,0,1,0,0
N50685,1,0,1,0,0
N50687,1,0,1,0,0
N50689,1,0,1,0,0
N50691,1,0,1,0,0
N50693,1,0,1,0,0
N50695,1,0,1,0,0
N50697,1,0,1,0,0
N50699,1,0,1,0,0
N50701,1,0,1,0,0
N50703,1,0,1,0,0
N50705,1,0,1,0,0
N50707,1,0,1,0,0
N50709,1,0,1,0,0
N50738,1,0,1,0,0
N50740,1,0,1,0,0
N50742,1,0,1,0,0
N50744,1,0,1,0,0
N50746,1,0,1,0,0
N50748,1,0,1,0,0
N50750,1,0,1,0,0
N50752,1,0,1,0,0
N50753,1,0,1,0,0
N50755,1,0,1,0,0
N50757,1,0,1,0,0
N50759,1,0,1,0,0
N50761,1,0,1,0,0
N50763,1,0,1,0,0
N50765,1,0,1,0,0
N50766,1,0,1,0,0
N50768,1,0,1,0,0
N50770,1,0,1,0,0
N50772,1,0,1,0,0
N50774,1,0,1,0,0
N50776,1,0,1,0,0
N50777,1,0,1,0,0
N50779,1,0,1,0,0
N50782,1,0,1,0,0
N50887,1,0,1,0,0
N50889,1,0,1,0,0
N50891,1,0,1,0,0
N50893,1,0,1,0,0
N50895,1,0,1,0,0
N50897,1,0,1,0,0
N50899,1,0,1,0,0
N50901,1,0,1,0,0
N50903,1,0,1,0,0
N50905,1,0,1,0,0
N50907,1,0,1,0,0
N50909,1,0,1,0,0
N50911,1,0,1,0,0
N50913,1,0,1,0,0
N50915,1,0,1,0,0
N50917,1,0,1,0,0
N50919,1,0,1,0,0
N50921,1,0,1,0,0
N50923,1,0,1,0,0
N51073,1,0,1,0,0
N51074,1,0,1,0,0
N51087,1,0,1,0,0
N51138,1,0,1,0,0
N51142,1,0,1,0,0
N51146,1,0,1,0,0
N51150,1,0,1,0,0
N51154,1,0,1,0,0
N51158,1,0,1,0,0
N51162,1,0,1,0,0
N51166,1,0,1,0,0
N51170,1,0,1,0,0
N51174,1,0,1,0,0
N51179,1,0,1,0,0
N51181,1,0,1,0,0
N51313,1,0,1,0,0
N51314,1,0,1,0,0
N51315,1,0,1,0,0
N51316,1,0,1,0,0
N51317,1,0,1,0,0
N51318,1,0,1,0,0
N51319,1,0,1,0,0
N51320,1,0,1,0,0
N51321,1,0,1,0,0
N51322,1,0,1,0,0
N51323,1,0,1,0,0
N51324,1,0,1,0,0
N51325,1,0,1,0,0
N51326,1,0,1,0,0
N51327,1,0,1,0,0
N51328,1,0,1,0,0
N51329,1,0,1,0,0
N51330,1,0,1,0,0
N51331,1,0,1,0,0
N51332,1,0,1,0,0
N51333,1,0,1,0,0
N51334,1,0,1,0,0
N51335,1,0,1,0,0
N51336,1,0,1,0,0
N51337,1,0,1,0,0
N51338,1,0,1,0,0
N51339,1,0,1,0,0
N51340,1,0,1,0,0
N51341,1,0,1,0,0
N51370,1,0,1,0,0
N51371,1,0,1,0,0
N51372,1,0,1,0,0
N51373,1,0,1,0,0
N51374,1,0,1,0,0
N51375,1,0,1,0,0
N51376,1,0,1,0,0
N51377,1,0,1,0,0
N51378,1,0,1,0,0
N51379,1,0,1,0,0
N51380,1,0,1,0,0
N51381,1,0,1,0,0
N51382,1,0,1,0,0
N51383,1,0,1,0,0
N51384,1,0,1,0,0
N51385,1,0,1,0,0
N51386,1,0,1,0,0
N51387,1,0,1,0,0
N51388,1,0,1,0,0
N51389,1,0,1,0,0
N51390,1,0,1,0,0
N51391,1,0,1,0,0
N51398,1,0,1,0,0
N51410,1,0,1,0,0
N51419,1,0,1,0,0
N51451,1,0,1,0,0
N51481,1,0,1,0,0
N51482,1,0,1,0,0
N51484,1,0,1,0,0
N51488,1,0,1,0,0
N51511,1,0,1,0,0
N51512,1,0,1,0,0
N51533,1,0,1,0,0
N51534,1,0,1,0,0
N51536,1,0,1,0,0
N51537,1,0,1,0,0
N5154,1,0,1,0,0
N51542,1,0,1,0,0
N5155,1,0,1,0,0
N51565,1,0,1,0,0
N51586,1,0,1,0,0
N51587,1,0,1,0,0
N51589,1,0,1,0,0
N51591,1,0,1,0,0
N51594,1,0,1,0,0
N5160,1,0,1,0,0
N5161,1,0,1,0,0
N5162,1,0,1,0,0
N5163,1,0,1,0,0
N5164,1,0,1,0,0
N5165,1,0,1,0,0
N51653,1,0,1,0,0
N51654,1,0,1,0,0
N51656,1,0,1,0,0
N51658,1,0,1,0,0
N5166,1,0,1,0,0
N51662,1,0,1,0,0
N5167,1,0,1,0,0
N5168,1,0,1,0,0
N5169,1,0,1,0,0
N5170,1,0,1,0,0
N5171,1,0,1,0,0
N5172,1,0,1,0,0
N51724,1,0,1,0,0
N51725,1,0,1,0,0
N51727,1,0,1,0,0
N51729,1,0,1,0,0
N5173,1,0,1,0,0
N51733,1,0,1,0,0
N5174,1,0,1,0,0
N5175,1,0,1,0,0
N5176,1,0,1,0,0
N5177,1,0,1,0,0
N5178,1,0,1,0,0
N51789,1,0,1,0,0
N5179,1,0,1,0,0
N51790,1,0,1,0,0
N51792,1,0,1,0,0
N51798,1,0,1,0,0
N5180,1,0,1,0,0
N5181,1,0,1,0,0
N5182,1,0,1,0,0
N5183,1,0,1,0,0
N51833,1,0,1,0,0
N5184,1,0,1,0,0
N5185,1,0,1,0,0
N51853,1,0,1,0,0
N51854,1,0,1,0,0
N51856,1,0,1,0,0
N51858,1,0,1,0,0
N5186,1,0,1,0,0
N51862,1,0,1,0,0
N5187,1,0,1,0,0
N5188,1,0,1,0,0
N5189,1,0,1,0,0
N51926,1,0,1,0,0
N51927,1,0,1,0,0
N51929,1,0,1,0,0
N5193,1,0,1,0,0
N51931,1,0,1,0,0
N51935,1,0,1,0,0
N51985,1,0,1,0,0
N51986,1,0,1,0,0
N51988,1,0,1,0,0
N51990,1,0,1,0,0
N51994,1,0,1,0,0
N52048,1,0,1,0,0
N52049,1,0,1,0,0
N52051,1,0,1,0,0
N52053,1,0,1,0,0
N52058,1,0,1,0,0
N5211,1,0,1,0,0
N52116,1,0,1,0,0
N52117,1,0,1,0,0
N52119,1,0,1,0,0
N52121,1,0,1,0,0
N52125,1,0,1,0,0
N5214,1,0,1,0,0
N52179,1,0,1,0,0
N52180,1,0,1,0,0
N52182,1,0,1,0,0
N52187,1,0,1,0,0
N52226,1,0,1,0,0
N52246,1,0,1,0,0
N52247,1,0,1,0,0
N52249,1,0,1,0,0
N52251,1,0,1,0,0
N52255,1,0,1,0,0
N52313,1,0,1,0,0
N52314,1,0,1,0,0
N52316,1,0,1,0,0
N52318,1,0,1,0,0
N52323,1,0,1,0,0
N5233,1,0,1,0,0
N52379,1,0,1,0,0
N52380,1,0,1,0,0
N52382,1,0,1,0,0
N52384,1,0,1,0,0
N52388,1,0,1,0,0
N52440,1,0,1,0,0
N52441,1,0,1,0,0
N52443,1,0,1,0,0
N52445,1,0,1,0,0
N52449,1,0,1,0,0
N52503,1,0,1,0,0
N52504,1,0,1,0,0
N52506,1,0,1,0,0
N52508,1,0,1,0,0
N52512,1,0,1,0,0
N5252,1,0,1,0,0
N52576,1,0,1,0,0
N52577,1,0,1,0,0
N52579,1,0,1,0,0
N52581,1,0,1,0,0
N52586,1,0,1,0,0
N52642,1,0,1,0,0
N52645,1,0,1,0,0
N52647,1,0,1,0,0
N52651,1,0,1,0,0
N52681,1,0,1,0,0
N52682,1,0,1,0,0
N52684,1,0,1,0,0
N52691,1,0,1,0,0
N5271,1,0,1,0,0
N52730,1,0,1,0,0
N52732,1,0,1,0,0
N52733,1,0,1,0,0
N52735,1,0,1,0,0
N52736,1,0,1,0,0
N52738,1,0,1,0,0
N52739,1,0,1,0,0
N52741,1,0,1,0,0
N52742,1,0,1,0,0
N52744,1,0,1,0,0
N52745,1,0,1,0,0
N52747,1,0,1,0,0
N52748,1,0,1,0,0
N52750,1,0,1,0,0
N52760,1,0,1,0,0
N52775,1,0,1,0,0
N52778,1,0,1,0,0
N52779,1,0,1,0,0
N52781,1,0,1,0,0
N52782,1,0,1,0,0
N52784,1,0,1,0,0
N52785,1,0,1,0,0
N52787,1,0,1,0,0
N52788,1,0,1,0,0
N52790,1,0,1,0,0
N52793,1,0,1,0,0
N52794,1,0,1,0,0
N52796,1,0,1,0,0
N52797,1,0,1,0,0
N52799,1,0,1,0,0
N52800,1,0,1,0,0
N52802,1,0,1,0,0
N52803,1,0,1,0,0
N52805,1,0,1,0,0
N52806,1,0,1,0,0
N52808,1,0,1,0,0
N52809,1,0,1,0,0
N52811,1,0,1,0,0
N52812,1,0,1,0,0
N52814,1,0,1,0,0
N52815,1,0,1,0,0
N52817,1,0,1,0,0
N52818,1,0,1,0,0
N52820,1,0,1,0,0
N52821,1,0,1,0,0
N52823,1,0,1,0,0
N52838,1,0,1,0,0
N5290,1,0,1,0,0
N52998,1,0,1,0,0
N52999,1,0,1,0,0
N53000,1,0,1,0,0
N53001,1,0,1,0,0
N53002,1,0,1,0,0
N53003,1,0,1,0,0
N53004,1,0,1,0,0
N53005,1,0,1,0,0
N53006,1,0,1,0,0
N53008,1,0,1,0,0
N53009,1,0,1,0,0
N53010,1,0,1,0,0
N53011,1,0,1,0,0
N53012,1,0,1,0,0
N53013,1,0,1,0,0
N53014,1,0,1,0,0
N53015,1,0,1,0,0
N53016,1,0,1,0,0
N53017,1,0,1,0,0
N53018,1,0,1,0,0
N53019,1,0,1,0,0
N53020,1,0,1,0,0
N53021,1,0,1,0,0
N53022,1,0,1,0,0
N53023,1,0,1,0,0
N53024,1,0,1,0,0
N53025,1,0,1,0,0
N53026,1,0,1,0,0
N53027,1,0,1,0,0
N53028,1,0,1,0,0
N53029,1,0,1,0,0
N53030,1,0,1,0,0
N53037,1,0,1,0,0
N53038,1,0,1,0,0
N53039,1,0,1,0,0
N53040,1,0,1,0,0
N53041,1,0,1,0,0
N53042,1,0,1,0,0
N53044,1,0,1,0,0
N53054,1,0,1,0,0
N53055,1,0,1,0,0
N53057,1,0,1,0,0
N53058,1,0,1,0,0
N53059,1,0,1,0,0
N53060,1,0,1,0,0
N53061,1,0,1,0,0
N53062,1,0,1,0,0
N53063,1,0,1,0,0
N53064,1,0,1,0,0
N53065,1,0,1,0,0
N53066,1,0,1,0,0
N53067,1,0,1,0,0
N53068,1,0,1,0,0
N53069,1,0,1,0,0
N53070,1,0,1,0,0
N53071,1,0,1,0,0
N53072,1,0,1,0,0
N53073,1,0,1,0,0
N53076,1,0,1,0,0
N53083,1,0,1,0,0
N53087,1,0,1,0,0
N53088,1,0,1,0,0
N53089,1,0,1,0,0
N5309,1,0,1,0,0
N53090,1,0,1,0,0
N53091,1,0,1,0,0
N53092,1,0,1,0,0
N53093,1,0,1,0,0
N53094,1,0,1,0,0
N53095,1,0,1,0,0
N53096,1,0,1,0,0
N53097,1,0,1,0,0
N53098,1,0,1,0,0
N53099,1,0,1,0,0
N53167,1,0,1,0,0
N5328,1,0,1,0,0
N53280,1,0,1,0,0
N53330,1,0,1,0,0
N53380,1,0,1,0,0
N53426,1,0,1,0,0
N5347,1,0,1,0,0
N53475,1,0,1,0,0
N53517,1,0,1,0,0
N53523,1,0,1,0,0
N53571,1,0,1,0,0
N53577,1,0,1,0,0
N53617,1,0,1,0,0
N53624,1,0,1,0,0
N5366,1,0,1,0,0
N53666,1,0,1,0,0
N53668,1,0,1,0,0
N53674,1,0,1,0,0
N53713,1,0,1,0,0
N53723,1,0,1,0,0
N53733,1,0,1,0,0
N53766,1,0,1,0,0
N5385,1,0,1,0,0
N5404,1,0,1,0,0
N54130,1,0,1,0,0
N54131,1,0,1,0,0
N54132,1,0,1,0,0
N54133,1,0,1,0,0
N54134,1,0,1,0,0
N54135,1,0,1,0,0
N54136,1,0,1,0,0
N54137,1,0,1,0,0
N54138,1,0,1,0,0
N54139,1,0,1,0,0
N54140,1,0,1,0,0
N54141,1,0,1,0,0
N54142,1,0,1,0,0
N54143,1,0,1,0,0
N54144,1,0,1,0,0
N54147,1,0,1,0,0
N54152,1,0,1,0,0
N54153,1,0,1,0,0
N54155,1,0,1,0,0
N54157,1,0,1,0,0
N54158,1,0,1,0,0
N54159,1,0,1,0,0
N54160,1,0,1,0,0
N54161,1,0,1,0,0
N54162,1,0,1,0,0
N54163,1,0,1,0,0
N54164,1,0,1,0,0
N54165,1,0,1,0,0
N54166,1,0,1,0,0
N54167,1,0,1,0,0
N54168,1,0,1,0,0
N54169,1,0,1,0,0
N54170,1,0,1,0,0
N54171,1,0,1,0,0
N54172,1,0,1,0,0
N54173,1,0,1,0,0
N54174,1,0,1,0,0
N54175,1,0,1,0,0
N54176,1,0,1,0,0
N54179,1,0,1,0,0
N54186,1,0,1,0,0
N54187,1,0,1,0,0
N54188,1,0,1,0,0
N54189,1,0,1,0,0
N54190,1,0,1,0,0
N54191,1,0,1,0,0
N54192,1,0,1,0,0
N54193,1,0,1,0,0
N54194,1,0,1,0,0
N54195,1,0,1,0,0
N54196,1,0,1,0,0
N54197,1,0,1,0,0
N54198,1,0,1,0,0
N54199,1,0,1,0,0
N54200,1,0,1,0,0
N54201,1,0,1,0,0
N54202,1,0,1,0,0
N5423,1,0,1,0,0
N54255,1,0,1,0,0
N54256,1,0,1,0,0
N54257,1,0,1,0,0
N54258,1,0,1,0,0
N54259,1,0,1,0,0
N54260,1,0,1,0,0
N54261,1,0,1,0,0
N54270,1,0,1,0,0
N54272,1,0,1,0,0
N54273,1,0,1,0,0
N54275,1,0,1,0,0
N54276,1,0,1,0,0
N54277,1,0,1,0,0
N54278,1,0,1,0,0
N54279,1,0,1,0,0
N54280,1,0,1,0,0
N54281,1,0,1,0,0
N54282,1,0,1,0,0
N54283,1,0,1,0,0
N54293,1,0,1,0,0
N54295,1,0,1,0,0
N54299,1,0,1,0,0
N54303,1,0,1,0,0
N54316,1,0,1,0,0
N54317,1,0,1,0,0
N54318,1,0,1,0,0
N54319,1,0,1,0,0
N54320,1,0,1,0,0
N54321,1,0,1,0,0
N54322,1,0,1,0,0
N54324,1,0,1,0,0
N54325,1,0,1,0,0
N54326,1,0,1,0,0
N54327,1,0,1,0,0
N54328,1,0,1,0,0
N54329,1,0,1,0,0
N54330,1,0,1,0,0
N54331,1,0,1,0,0
N54332,1,0,1,0,0
N54333,1,0,1,0,0
N54334,1,0,1,0,0
N54335,1,0,1,0,0
N54336,1,0,1,0,0
N54337,1,0,1,0,0
N54338,1,0,1,0,0
N54339,1,0,1,0,0
N54340,1,0,1,0,0
N54341,1,0,1,0,0
N54342,1,0,1,0,0
N54343,1,0,1,0,0
N54344,1,0,1,0,0
N54345,1,0,1,0,0
N54346,1,0,1,0,0
N54347,1,0,1,0,0
N5442,1,0,1,0,0
N5461,1,0,1,0,0
N5480,1,0,1,0,0
N54942,1,0,1,0,0
N54944,1,0,1,0,0
N54946,1,0,1,0,0
N54948,1,0,1,0,0
N54950,1,0,1,0,0
N54952,1,0,1,0,0
N54954,1,0,1,0,0
N54956,1,0,1,0,0
N54958,1,0,1,0,0
N54960,1,0,1,0,0
N54962,1,0,1,0,0
N5499,1,0,1,0,0
N55064,1,0,1,0,0
N5518,1,0,1,0,0
N55352,1,0,1,0,0
N55354,1,0,1,0,0
N55357,1,0,1,0,0
N55363,1,0,1,0,0
N5537,1,0,1,0,0
N55379,1,0,1,0,0
N55380,1,0,1,0,0
N55381,1,0,1,0,0
N55384,1,0,1,0,0
N55386,1,0,1,0,0
N55388,1,0,1,0,0
N55391,1,0,1,0,0
N55393,1,0,1,0,0
N55396,1,0,1,0,0
N55397,1,0,1,0,0
N55426,1,0,1,0,0
N55429,1,0,1,0,0
N55430,1,0,1,0,0
N55431,1,0,1,0,0
N55432,1,0,1,0,0
N55433,1,0,1,0,0
N55434,1,0,1,0,0
N55435,1,0,1,0,0
N55442,1,0,1,0,0
N55492,1,0,1,0,0
N55499,1,0,1,0,0
N55501,1,0,1,0,0
N55502,1,0,1,0,0
N55504,1,0,1,0,0
N55505,1,0,1,0,0
N55507,1,0,1,0,0
N55508,1,0,1,0,0
N55510,1,0,1,0,0
N55511,1,0,1,0,0
N55513,1,0,1,0,0
N55514,1,0,1,0,0
N55516,1,0,1,0,0
N55517,1,0,1,0,0
N55519,1,0,1,0,0
N55520,1,0,1,0,0
N55522,1,0,1,0,0
N55523,1,0,1,0,0
N55525,1,0,1,0,0
N55526,1,0,1,0,0
N55528,1,0,1,0,0
N55529,1,0,1,0,0
N55531,1,0,1,0,0
N55532,1,0,1,0,0
N55534,1,0,1,0,0
N55545,1,0,1,0,0
N55547,1,0,1,0,0
N55550,1,0,1,0,0
N55551,1,0,1,0,0
N55552,1,0,1,0,0
N55555,1,0,1,0,0
N55556,1,0,1,0,0
N55557,1,0,1,0,0
N5556,1,0,1,0,0
N55560,1,0,1,0,0
N55561,1,0,1,0,0
N55562,1,0,1,0,0
N55565,1,0,1,0,0
N55566,1,0,1,0,0
N55567,1,0,1,0,0
N55570,1,0,1,0,0
N55571,1,0,1,0,0
N55572,1,0,1,0,0
N55575,1,0,1,0,0
N55576,1,0,1,0,0
N55577,1,0,1,0,0
N55580,1,0,1,0,0
N55581,1,0,1,0,0
N55584,1,0,1,0,0
N55585,1,0,1,0,0
N5575,1,0,1,0,0
N5594,1,0,1,0,0
N5613,1,0,1,0,0
N5632,1,0,1,0,0
N56391,1,0,1,0,0
N56392,1,0,1,0,0
N56393,1,0,1,0,0
N56394,1,0,1,0,0
N56395,1,0,1,0,0
N56396,1,0,1,0,0
N56408,1,0,1,0,0
N56409,1,0,1,0,0
N56411,1,0,1,0,0
N56412,1,0,1,0,0
N56413,1,0,1,0,0
N56414,1,0,1,0,0
N56415,1,0,1,0,0
N56418,1,0,1,0,0
N56420,1,0,1,0,0
N56421,1,0,1,0,0
N56422,1,0,1,0,0
N56423,1,0,1,0,0
N56443,1,0,1,0,0
N56444,1,0,1,0,0
N56445,1,0,1,0,0
N56446,1,0,1,0,0
N56447,1,0,1,0,0
N56448,1,0,1,0,0
N56449,1,0,1,0,0
N56450,1,0,1,0,0
N56451,1,0,1,0,0
N56452,1,0,1,0,0
N56453,1,0,1,0,0
N56455,1,0,1,0,0
N56456,1,0,1,0,0
N56457,1,0,1,0,0
N56458,1,0,1,0,0
N56459,1,0,1,0,0
N56460,1,0,1,0,0
N56461,1,0,1,0,0
N56464,1,0,1,0,0
N56465,1,0,1,0,0
N56466,1,0,1,0,0
N56467,1,0,1,0,0
N56468,1,0,1,0,0
N56469,1,0,1,0,0
N56470,1,0,1,0,0
N56471,1,0,1,0,0
N56472,1,0,1,0,0
N56473,1,0,1,0,0
N56474,1,0,1,0,0
N56475,1,0,1,0,0
N56476,1,0,1,0,0
N56477,1,0,1,0,0
N56478,1,0,1,0,0
N56479,1,0,1,0,0
N56480,1,0,1,0,0
N56481,1,0,1,0,0
N56482,1,0,1,0,0
N56483,1,0,1,0,0
N56484,1,0,1,0,0
N56485,1,0,1,0,0
N56486,1,0,1,0,0
N5651,1,0,1,0,0
N5670,1,0,1,0,0
N5689,1,0,1,0,0
N5708,1,0,1,0,0
N5723,1,0,1,0,0
N5727,1,0,1,0,0
N5745,1,0,1,0,0
N5765,1,0,1,0,0
N57989,1,0,1,0,0
N57990,1,0,1,0,0
N57991,1,0,1,0,0
N57992,1,0,1,0,0
N57993,1,0,1,0,0
N57994,1,0,1,0,0
N57995,1,0,1,0,0
N57996,1,0,1,0,0
N57997,1,0,1,0,0
N57998,1,0,1,0,0
N57999,1,0,1,0,0
N58000,1,0,1,0,0
N58001,1,0,1,0,0
N58002,1,0,1,0,0
N58004,1,0,1,0,0
N58005,1,0,1,0,0
N58006,1,0,1,0,0
N58007,1,0,1,0,0
N58008,1,0,1,0,0
N58011,1,0,1,0,0
N58012,1,0,1,0,0
N58013,1,0,1,0,0
N58014,1,0,1,0,0
N58015,1,0,1,0,0
N58016,1,0,1,0,0
N58018,1,0,1,0,0
N58019,1,0,1,0,0
N58020,1,0,1,0,0
N58021,1,0,1,0,0
N58022,1,0,1,0,0
N58023,1,0,1,0,0
N58024,1,0,1,0,0
N58025,1,0,1,0,0
N58026,1,0,1,0,0
N58027,1,0,1,0,0
N58028,1,0,1,0,0
N58029,1,0,1,0,0
N58030,1,0,1,0,0
N58031,1,0,1,0,0
N58032,1,0,1,0,0
N58038,1,0,1,0,0
N58039,1,0,1,0,0
N58040,1,0,1,0,0
N58041,1,0,1,0,0
N58042,1,0,1,0,0
N58043,1,0,1,0,0
N58044,1,0,1,0,0
N58053,1,0,1,0,0
N58054,1,0,1,0,0
N58055,1,0,1,0,0
N58056,1,0,1,0,0
N58057,1,0,1,0,0
N58062,1,0,1,0,0
N58063,1,0,1,0,0
N58064,1,0,1,0,0
N58066,1,0,1,0,0
N58068,1,0,1,0,0
N58070,1,0,1,0,0
N58886,1,0,1,0,0
N58888,1,0,1,0,0
N58890,1,0,1,0,0
N58892,1,0,1,0,0
N58894,1,0,1,0,0
N58896,1,0,1,0,0
N58898,1,0,1,0,0
N58900,1,0,1,0,0
N58902,1,0,1,0,0
N58904,1,0,1,0,0
N58906,1,0,1,0,0
N58908,1,0,1,0,0
N59018,1,0,1,0,0
N59064,1,0,1,0,0
N59065,1,0,1,0,0
N59066,1,0,1,0,0
N59067,1,0,1,0,0
N59068,1,0,1,0,0
N59069,1,0,1,0,0
N59070,1,0,1,0,0
N59071,1,0,1,0,0
N59072,1,0,1,0,0
N59073,1,0,1,0,0
N59074,1,0,1,0,0
N59075,1,0,1,0,0
N59076,1,0,1,0,0
N59077,1,0,1,0,0
N59078,1,0,1,0,0
N59079,1,0,1,0,0
N59080,1,0,1,0,0
N59081,1,0,1,0,0
N59082,1,0,1,0,0
N59083,1,0,1,0,0
N59084,1,0,1,0,0
N59085,1,0,1,0,0
N59086,1,0,1,0,0
N59087,1,0,1,0,0
N59088,1,0,1,0,0
N59089,1,0,1,0,0
N59090,1,0,1,0,0
N59091,1,0,1,0,0
N59092,1,0,1,0,0
N59100,1,0,1,0,0
N59101,1,0,1,0,0
N59102,1,0,1,0,0
N59103,1,0,1,0,0
N59104,1,0,1,0,0
N59105,1,0,1,0,0
N59106,1,0,1,0,0
N59167,1,0,1,0,0
N59170,1,0,1,0,0
N59172,1,0,1,0,0
N59173,1,0,1,0,0
N59175,1,0,1,0,0
N59176,1,0,1,0,0
N59178,1,0,1,0,0
N59179,1,0,1,0,0
N59181,1,0,1,0,0
N59196,1,0,1,0,0
N59197,1,0,1,0,0
N59198,1,0,1,0,0
N59201,1,0,1,0,0
N59202,1,0,1,0,0
N59205,1,0,1,0,0
N59206,1,0,1,0,0
N59208,1,0,1,0,0
N59212,1,0,1,0,0
N59215,1,0,1,0,0
N59217,1,0,1,0,0
N59220,1,0,1,0,0
N59222,1,0,1,0,0
N59223,1,0,1,0,0
N59226,1,0,1,0,0
N59227,1,0,1,0,0
N59228,1,0,1,0,0
N5923,1,0,1,0,0
N59230,1,0,1,0,0
N59233,1,0,1,0,0
N59234,1,0,1,0,0
N59246,1,0,1,0,0
N59247,1,0,1,0,0
N59248,1,0,1,0,0
N59249,1,0,1,0,0
N59254,1,0,1,0,0
N59255,1,0,1,0,0
N59256,1,0,1,0,0
N59257,1,0,1,0,0
N59271,1,0,1,0,0
N59272,1,0,1,0,0
N59273,1,0,1,0,0
N59274,1,0,1,0,0
N59275,1,0,1,0,0
N59276,1,0,1,0,0
N59277,1,0,1,0,0
N59280,1,0,1,0,0
N59281,1,0,1,0,0
N59282,1,0,1,0,0
N59283,1,0,1,0,0
N59284,1,0,1,0,0
N59285,1,0,1,0,0
N59286,1,0,1,0,0
N59287,1,0,1,0,0
N59288,1,0,1,0,0
N59289,1,0,1,0,0
N59290,1,0,1,0,0
N59291,1,0,1,0,0
N59292,1,0,1,0,0
N59293,1,0,1,0,0
N59294,1,0,1,0,0
N59295,1,0,1,0,0
N59296,1,0,1,0,0
N59297,1,0,1,0,0
N59298,1,0,1,0,0
N59299,1,0,1,0,0
N59300,1,0,1,0,0
N59301,1,0,1,0,0
N59302,1,0,1,0,0
N59303,1,0,1,0,0
N59304,1,0,1,0,0
N59305,1,0,1,0,0
N59309,1,0,1,0,0
N59310,1,0,1,0,0
N59311,1,0,1,0,0
N59312,1,0,1,0,0
N59313,1,0,1,0,0
N59314,1,0,1,0,0
N59315,1,0,1,0,0
N59316,1,0,1,0,0
N59317,1,0,1,0,0
N59318,1,0,1,0,0
N59332,1,0,1,0,0
N59333,1,0,1,0,0
N59334,1,0,1,0,0
N59335,1,0,1,0,0
N59352,1,0,1,0,0
N59353,1,0,1,0,0
N59356,1,0,1,0,0
N59357,1,0,1,0,0
N59360,1,0,1,0,0
N59361,1,0,1,0,0
N59362,1,0,1,0,0
N59363,1,0,1,0,0
N59365,1,0,1,0,0
N59834,1,0,1,0,0
N59836,1,0,1,0,0
N59837,1,0,1,0,0
N59839,1,0,1,0,0
N59840,1,0,1,0,0
N59842,1,0,1,0,0
N59843,1,0,1,0,0
N59845,1,0,1,0,0
N59846,1,0,1,0,0
N59848,1,0,1,0,0
N59849,1,0,1,0,0
N59851,1,0,1,0,0
N59852,1,0,1,0,0
N59854,1,0,1,0,0
N59855,1,0,1,0,0
N59857,1,0,1,0,0
N59858,1,0,1,0,0
N59860,1,0,1,0,0
N59861,1,0,1,0,0
N59863,1,0,1,0,0
N59864,1,0,1,0,0
N59866,1,0,1,0,0
N59867,1,0,1,0,0
N59869,1,0,1,0,0
N59880,1,0,1,0,0
N59882,1,0,1,0,0
N59885,1,0,1,0,0
N59886,1,0,1,0,0
N59887,1,0,1,0,0
N59890,1,0,1,0,0
N59891,1,0,1,0,0
N59892,1,0,1,0,0
N59895,1,0,1,0,0
N59896,1,0,1,0,0
N59897,1,0,1,0,0
N59900,1,0,1,0,0
N59901,1,0,1,0,0
N59902,1,0,1,0,0
N59905,1,0,1,0,0
N59906,1,0,1,0,0
N59909,1,0,1,0,0
N59910,1,0,1,0,0
N59913,1,0,1,0,0
N59914,1,0,1,0,0
N59917,1,0,1,0,0
N59918,1,0,1,0,0
N59951,1,0,1,0,0
N59952,1,0,1,0,0
N59953,1,0,1,0,0
N59954,1,0,1,0,0
N59955,1,0,1,0,0
N59956,1,0,1,0,0
N59957,1,0,1,0,0
N59958,1,0,1,0,0
N59976,1,0,1,0,0
N59977,1,0,1,0,0
N59978,1,0,1,0,0
N59979,1,0,1,0,0
N59980,1,0,1,0,0
N59981,1,0,1,0,0
N59982,1,0,1,0,0
N59983,1,0,1,0,0
N59984,1,0,1,0,0
N59985,1,0,1,0,0
N59986,1,0,1,0,0
N59987,1,0,1,0,0
N59988,1,0,1,0,0
N59989,1,0,1,0,0
N60318,1,0,1,0,0
N60910,1,0,1,0,0
N62134,1,0,1,0,0
N6239,1,0,1,0,0
N6513,1,0,1,0,0
N6514,1,0,1,0,0
N6515,1,0,1,0,0
N6516,1,0,1,0,0
N6517,1,0,1,0,0
N6518,1,0,1,0,0
N6519,1,0,1,0,0
N6520,1,0,1,0,0
N6521,1,0,1,0,0
N6522,1,0,1,0,0
N6523,1,0,1,0,0
N6524,1,0,1,0,0
N6529,1,0,1,0,0
N6530,1,0,1,0,0
N6545,1,0,1,0,0
N6546,1,0,1,0,0
N6548,1,0,1,0,0
N6549,1,0,1,0,0
N6550,1,0,1,0,0
N6552,1,0,1,0,0
N6553,1,0,1,0,0
N6554,1,0,1,0,0
N6555,1,0,1,0,0
N6556,1,0,1,0,0
N6557,1,0,1,0,0
N6558,1,0,1,0,0
N6559,1,0,1,0,0
N6560,1,0,1,0,0
N6561,1,0,1,0,0
N6562,1,0,1,0,0
N6563,1,0,1,0,0
N6564,1,0,1,0,0
N6565,1,0,1,0,0
N6566,1,0,1,0,0
N6567,1,0,1,0,0
N6568,1,0,1,0,0
N6569,1,0,1,0,0
N6570,1,0,1,0,0
N6571,1,0,1,0,0
N6574,1,0,1,0,0
N6577,1,0,1,0,0
N6578,1,0,1,0,0
N6579,1,0,1,0,0
N6580,1,0,1,0,0
N6581,1,0,1,0,0
N6582,1,0,1,0,0
N6583,1,0,1,0,0
N6584,1,0,1,0,0
N6585,1,0,1,0,0
N6586,1,0,1,0,0
N6587,1,0,1,0,0
N6588,1,0,1,0,0
N6592,1,0,1,0,0
N6593,1,0,1,0,0
N6607,1,0,1,0,0
N6609,1,0,1,0,0
N6611,1,0,1,0,0
N6613,1,0,1,0,0
N6614,1,0,1,0,0
N6615,1,0,1,0,0
N6616,1,0,1,0,0
N6618,1,0,1,0,0
N6619,1,0,1,0,0
N6620,1,0,1,0,0
N6622,1,0,1,0,0
N6623,1,0,1,0,0
N6624,1,0,1,0,0
N6625,1,0,1,0,0
N6626,1,0,1,0,0
N6627,1,0,1,0,0
N6628,1,0,1,0,0
N6629,1,0,1,0,0
N6630,1,0,1,0,0
N6631,1,0,1,0,0
N6632,1,0,1,0,0
N6633,1,0,1,0,0
N6634,1,0,1,0,0
N6635,1,0,1,0,0
N6636,1,0,1,0,0
N6637,1,0,1,0,0
N6638,1,0,1,0,0
N6639,1,0,1,0,0
N6640,1,0,1,0,0
N6641,1,0,1,0,0
N6642,1,0,1,0,0
N6643,1,0,1,0,0
N6644,1,0,1,0,0
N6645,1,0,1,0,0
N6646,1,0,1,0,0
N6647,1,0,1,0,0
N6648,1,0,1,0,0
N6649,1,0,1,0,0
N6650,1,0,1,0,0
N6651,1,0,1,0,0
N6652,1,0,1,0,0
N6653,1,0,1,0,0
N6654,1,0,1,0,0
N6655,1,0,1,0,0
N6656,1,0,1,0,0
N6657,1,0,1,0,0
N6662,1,0,1,0,0
N6663,1,0,1,0,0
N6664,1,0,1,0,0
N6667,1,0,1,0,0
N6670,1,0,1,0,0
N6673,1,0,1,0,0
N6676,1,0,1,0,0
N6679,1,0,1,0,0
N6681,1,0,1,0,0
N6682,1,0,1,0,0
N6685,1,0,1,0,0
N6688,1,0,1,0,0
N6691,1,0,1,0,0
N6692,1,0,1,0,0
N6693,1,0,1,0,0
N6694,1,0,1,0,0
N6695,1,0,1,0,0
N6696,1,0,1,0,0
N6697,1,0,1,0,0
N6699,1,0,1,0,0
N6700,1,0,1,0,0
N6701,1,0,1,0,0
N6702,1,0,1,0,0
N6703,1,0,1,0,0
N6704,1,0,1,0,0
N6705,1,0,1,0,0
N6706,1,0,1,0,0
N6707,1,0,1,0,0
N6708,1,0,1,0,0
N6709,1,0,1,0,0
N6710,1,0,1,0,0
N6711,1,0,1,0,0
N6712,1,0,1,0,0
N6713,1,0,1,0,0
N6714,1,0,1,0,0
N6715,1,0,1,0,0
N6716,1,0,1,0,0
N6717,1,0,1,0,0
N6718,1,0,1,0,0
N6719,1,0,1,0,0
N6720,1,0,1,0,0
N6721,1,0,1,0,0
N6722,1,0,1,0,0
N6723,1,0,1,0,0
N6724,1,0,1,0,0
N6725,1,0,1,0,0
N6726,1,0,1,0,0
N6727,1,0,1,0,0
N6728,1,0,1,0,0
N6729,1,0,1,0,0
N6730,1,0,1,0,0
N6731,1,0,1,0,0
N6732,1,0,1,0,0
N6742,1,0,1,0,0
N6743,1,0,1,0,0
N6744,1,0,1,0,0
N6745,1,0,1,0,0
N6746,1,0,1,0,0
N6747,1,0,1,0,0
N6799,1,0,1,0,0
N6802,1,0,1,0,0
N6806,1,0,1,0,0
N6816,1,0,1,0,0
N6825,1,0,1,0,0
N6832,1,0,1,0,0
N6839,1,0,1,0,0
N6846,1,0,1,0,0
N6853,1,0,1,0,0
N6860,1,0,1,0,0
N6867,1,0,1,0,0
N6874,1,0,1,0,0
N6881,1,0,1,0,0
N6888,1,0,1,0,0
N6895,1,0,1,0,0
N6902,1,0,1,0,0
N6909,1,0,1,0,0
N6916,1,0,1,0,0
N6923,1,0,1,0,0
N6930,1,0,1,0,0
N6937,1,0,1,0,0
N6942,1,0,1,0,0
N7167,1,0,1,0,0
N7168,1,0,1,0,0
N7169,1,0,1,0,0
N7170,1,0,1,0,0
N7171,1,0,1,0,0
N7172,1,0,1,0,0
N7173,1,0,1,0,0
N7174,1,0,1,0,0
N7175,1,0,1,0,0
N7176,1,0,1,0,0
N7177,1,0,1,0,0
N7178,1,0,1,0,0
N7179,1,0,1,0,0
N7180,1,0,1,0,0
N7181,1,0,1,0,0
N7182,1,0,1,0,0
N7183,1,0,1,0,0
N7184,1,0,1,0,0
N7185,1,0,1,0,0
N7186,1,0,1,0,0
N7187,1,0,1,0,0
N7188,1,0,1,0,0
N7189,1,0,1,0,0
N7190,1,0,1,0,0
N7191,1,0,1,0,0
N7192,1,0,1,0,0
N7193,1,0,1,0,0
N7194,1,0,1,0,0
N7195,1,0,1,0,0
N7196,1,0,1,0,0
N7197,1,0,1,0,0
N7198,1,0,1,0,0
N7199,1,0,1,0,0
N7200,1,0,1,0,0
N7201,1,0,1,0,0
N7202,1,0,1,0,0
N7203,1,0,1,0,0
N7204,1,0,1,0,0
N7205,1,0,1,0,0
N7206,1,0,1,0,0
N7207,1,0,1,0,0
N7208,1,0,1,0,0
N7209,1,0,1,0,0
N7210,1,0,1,0,0
N7211,1,0,1,0,0
N7212,1,0,1,0,0
N7213,1,0,1,0,0
N7214,1,0,1,0,0
N7215,1,0,1,0,0
N7216,1,0,1,0,0
N7217,1,0,1,0,0
N7218,1,0,1,0,0
N7219,1,0,1,0,0
N7220,1,0,1,0,0
N7221,1,0,1,0,0
N7222,1,0,1,0,0
N7223,1,0,1,0,0
N7224,1,0,1,0,0
N7225,1,0,1,0,0
N7226,1,0,1,0,0
N7227,1,0,1,0,0
N7228,1,0,1,0,0
N7229,1,0,1,0,0
N7230,1,0,1,0,0
N7231,1,0,1,0,0
N7232,1,0,1,0,0
N7233,1,0,1,0,0
N7234,1,0,1,0,0
N7235,1,0,1,0,0
N7236,1,0,1,0,0
N7237,1,0,1,0,0
N7238,1,0,1,0,0
N7239,1,0,1,0,0
N7240,1,0,1,0,0
N7241,1,0,1,0,0
N7242,1,0,1,0,0
N7243,1,0,1,0,0
N7244,1,0,1,0,0
N7245,1,0,1,0,0
N7246,1,0,1,0,0
N7247,1,0,1,0,0
N7248,1,0,1,0,0
N7249,1,0,1,0,0
N7250,1,0,1,0,0
N7251,1,0,1,0,0
N7252,1,0,1,0,0
N7253,1,0,1,0,0
N7254,1,0,1,0,0
N7255,1,0,1,0,0
N7256,1,0,1,0,0
N7257,1,0,1,0,0
N7258,1,0,1,0,0
N7259,1,0,1,0,0
N7260,1,0,1,0,0
N7261,1,0,1,0,0
N7262,1,0,1,0,0
N7264,1,0,1,0,0
N7265,1,0,1,0,0
N7266,1,0,1,0,0
N7267,1,0,1,0,0
N7268,1,0,1,0,0
N7269,1,0,1,0,0
N7270,1,0,1,0,0
N7271,1,0,1,0,0
N7272,1,0,1,0,0
N7273,1,0,1,0,0
N7274,1,0,1,0,0
N7275,1,0,1,0,0
N7276,1,0,1,0,0
N7277,1,0,1,0,0
N7278,1,0,1,0,0
N7279,1,0,1,0,0
N7281,1,0,1,0,0
N7283,1,0,1,0,0
N7284,1,0,1,0,0
N7285,1,0,1,0,0
N7300,1,0,1,0,0
N7302,1,0,1,0,0
N7304,1,0,1,0,0
N7305,1,0,1,0,0
N7306,1,0,1,0,0
N7307,1,0,1,0,0
N7308,1,0,1,0,0
N7309,1,0,1,0,0
N7310,1,0,1,0,0
N7311,1,0,1,0,0
N7312,1,0,1,0,0
N7313,1,0,1,0,0
N7314,1,0,1,0,0
N7315,1,0,1,0,0
N7316,1,0,1,0,0
N7317,1,0,1,0,0
N7318,1,0,1,0,0
N7319,1,0,1,0,0
N7320,1,0,1,0,0
N7321,1,0,1,0,0
N7322,1,0,1,0,0
N7323,1,0,1,0,0
N7324,1,0,1,0,0
N7325,1,0,1,0,0
N7326,1,0,1,0,0
N7327,1,0,1,0,0
N7328,1,0,1,0,0
N7329,1,0,1,0,0
N7330,1,0,1,0,0
N7331,1,0,1,0,0
N8163,1,1,0,0,0
N8190,1,0,1,0,0
N8191,1,0,1,0,0
N8192,1,0,1,0,0
N8193,1,0,1,0,0
N8194,1,0,1,0,0
N8195,1,0,1,0,0
N8196,1,0,1,0,0
N8197,1,0,1,0,0
N8198,1,0,1,0,0
N8199,1,0,1,0,0
N8200,1,0,1,0,0
N8201,1,0,1,0,0
N8202,1,0,1,0,0
N8203,1,0,1,0,0
N8204,1,0,1,0,0
N8205,1,0,1,0,0
N8206,1,0,1,0,0
N8207,1,0,1,0,0
N8208,1,0,1,0,0
N8209,1,0,1,0,0
N8210,1,0,1,0,0
N8211,1,0,1,0,0
N8237,1,0,1,0,0
N8251,1,1,0,0,0
N8252,1,1,0,0,0
N8253,1,1,0,0,0
N8254,1,1,0,0,0
N8255,1,1,0,0,0
N8256,1,1,0,0,0
N8257,1,1,0,0,0
N8258,1,1,0,0,0
N8259,1,1,0,0,0
N8260,1,1,0,0,0
N8275,1,0,1,0,0
N8277,1,0,1,0,0
N8279,1,0,1,0,0
N8281,1,0,1,0,0
N8283,1,0,1,0,0
N8285,1,0,1,0,0
N8287,1,0,1,0,0
N8289,1,0,1,0,0
N8291,1,0,1,0,0
N8293,1,0,1,0,0
N8295,1,0,1,0,0
N8301,1,0,1,0,0
N8644,1,0,1,0,0
N8648,1,0,1,0,0
N8658,1,0,1,0,0
N8659,1,0,1,0,0
N8660,1,0,1,0,0
N8661,1,0,1,0,0
N8662,1,0,1,0,0
N8663,1,0,1,0,0
N8664,1,0,1,0,0
N8665,1,0,1,0,0
N8666,1,0,1,0,0
N8668,1,0,1,0,0
N8669,1,0,1,0,0
N8670,1,0,1,0,0
N8671,1,0,1,0,0
N8672,1,0,1,0,0
N8673,1,0,1,0,0
N8674,1,0,1,0,0
N8675,1,0,1,0,0
N8676,1,0,1,0,0
N8678,1,0,1,0,0
N8679,1,0,1,0,0
N8680,1,0,1,0,0
N8681,1,0,1,0,0
N8682,1,0,1,0,0
N8683,1,0,1,0,0
N8684,1,0,1,0,0
N8685,1,0,1,0,0
N8686,1,0,1,0,0
N8688,1,0,1,0,0
N8689,1,0,1,0,0
N8690,1,0,1,0,0
N8691,1,0,1,0,0
N8692,1,0,1,0,0
N8693,1,0,1,0,0
N8694,1,0,1,0,0
N8695,1,0,1,0,0
N8696,1,0,1,0,0
N8698,1,0,1,0,0
N8699,1,0,1,0,0
N8700,1,0,1,0,0
N8701,1,0,1,0,0
N8703,1,0,1,0,0
N8704,1,0,1,0,0
N8705,1,0,1,0,0
N8706,1,0,1,0,0
N8708,1,0,1,0,0
N8709,1,0,1,0,0
N8710,1,0,1,0,0
N8711,1,0,1,0,0
N8713,1,0,1,0,0
N8714,1,0,1,0,0
N8715,1,0,1,0,0
N8716,1,0,1,0,0
N8717,1,0,1,0,0
N8718,1,0,1,0,0
N8719,1,0,1,0,0
N8720,1,0,1,0,0
N8721,1,0,1,0,0
N8723,1,0,1,0,0
N8724,1,0,1,0,0
N8725,1,0,1,0,0
N8726,1,0,1,0,0
N8728,1,0,1,0,0
N8729,1,0,1,0,0
N8730,1,0,1,0,0
N8731,1,0,1,0,0
N8733,1,0,1,0,0
N8734,1,0,1,0,0
N8735,1,0,1,0,0
N8736,1,0,1,0,0
N8741,1,0,1,0,0
N8742,1,0,1,0,0
N8743,1,0,1,0,0
N8744,1,0,1,0,0
N8746,1,0,1,0,0
N8747,1,0,1,0,0
N8748,1,0,1,0,0
N8749,1,0,1,0,0
N8750,1,0,1,0,0
N8751,1,0,1,0,0
N8752,1,0,1,0,0
N8753,1,0,1,0,0
N8754,1,0,1,0,0
N8755,1,0,1,0,0
N8756,1,0,1,0,0
N8758,1,0,1,0,0
N8759,1,0,1,0,0
N8761,1,0,1,0,0
N8762,1,0,1,0,0
N8763,1,0,1,0,0
N8766,1,0,1,0,0
N8778,1,0,1,0,0
N8779,1,0,1,0,0
N8780,1,0,1,0,0
N8782,1,0,1,0,0
N8783,1,0,1,0,0
N8787,1,0,1,0,0
N8811,1,0,1,0,0
N8812,1,0,1,0,0
N8815,1,0,1,0,0
N8816,1,1,0,0,0
N8821,1,0,1,0,0
N8825,1,0,1,0,0
N8829,1,0,1,0,0
N8833,1,0,1,0,0
N8839,1,0,1,0,0
N8840,1,0,1,0,0
N8842,1,0,1,0,0
N8847,1,0,1,0,0
N8848,1,0,1,0,0
N8850,1,0,1,0,0
N8851,1,0,1,0,0
N8854,1,0,1,0,0
N8856,1,0,1,0,0
N8863,1,1,0,0,0
N8864,1,0,1,0,0
N8866,1,0,1,0,0
N8894,1,0,1,0,0
N8897,1,0,1,0,0
N8898,1,0,1,0,0
N8899,1,0,1,0,0
N8900,1,0,1,0,0
N8901,1,0,1,0,0
N8902,1,0,1,0,0
N8903,1,0,1,0,0
N8904,1,0,1,0,0
N8905,1,0,1,0,0
N8906,1,0,1,0,0
N8907,1,0,1,0,0
N8908,1,0,1,0,0
N8909,1,0,1,0,0
N8910,1,0,1,0,0
N8911,1,0,1,0,0
N8912,1,0,1,0,0
N8913,1,0,1,0,0
N8914,1,0,1,0,0
N8915,1,0,1,0,0
N8916,1,0,1,0,0
N8917,1,0,1,0,0
N8918,1,0,1,0,0
N8922,1,0,1,0,0
N8923,1,0,1,0,0
N8924,1,1,0,0,0
N8928,1,0,1,0,0
N8929,1,0,1,0,0
N8954,1,1,0,0,0
N8963,1,1,0,0,0
N8966,1,1,0,0,0
N8967,1,1,0,0,0
N8968,1,1,0,0,0
N8969,1,1,0,0,0
N8970,1,1,0,0,0
N8971,1,1,0,0,0
N8972,1,1,0,0,0
N8974,1,0,1,0,0
N8978,1,0,1,0,0
N8980,1,0,1,0,0
N8982,1,0,1,0,0
N8984,1,0,1,0,0
N8986,1,0,1,0,0
N8988,1,0,1,0,0
N8992,1,0,1,0,0
N8996,1,0,1,0,0
N8999,1,0,1,0,0
N9003,1,0,1,0,0
N9005,1,0,1,0,0
N9007,1,0,1,0,0
N9009,1,0,1,0,0
N9011,1,0,1,0,0
N9013,1,0,1,0,0
N9017,1,0,1,0,0
N9019,1,0,1,0,0
N9021,1,0,1,0,0
N905,1,0,1,0,0
N926,1,0,1,0,0
N936,1,0,1,0,0
N937,1,0,1,0,0
N960,1,0,1,0,0
