step,node,type,q_pred,q_pred_context,q_pred_type_context,q_pred_lcb_context,q_pred_context_lcb,q_typed_residual_context,q_typed_trust_context,q_typed_reliable_context,typed_residual_correction,typed_residual_effective_alpha,typed_trust_support_count,typed_trust_required_heads,typed_trust_eligible,typed_trust_correction,typed_reliable_correction,typed_reliable_support_count,typed_reliable_required_heads,typed_reliable_eligible,typed_reliable_applied_correction,score_pred,reward_pred,reward_pred_context,reward_pred_type_context,fc_pred,pattern_pred,return_pred,typed_marginal_pred,typed_return_pred,typed_sa_reduction_total_pred,typed_sa0_reduction_pred,typed_sa1_reduction_pred,guarded_reward,guarded_reward_context,hard_reduction_total_pred,hard_reduction_sa0_pred,hard_reduction_sa1_pred,derived_hard_count_pre_total_pred,derived_hard_count_pre_sa0_pred,derived_hard_count_pre_sa1_pred,derived_hard_count_post_total_pred,derived_hard_count_post_sa0_pred,derived_hard_count_post_sa1_pred,derived_hard_reduction_total_pred,derived_hard_reduction_sa0_pred,derived_hard_reduction_sa1_pred,derived_hard_reduction_hybrid_pred,hybrid_pred,hybrid_pred_context,bounded_residual_hybrid_pred,bounded_residual_hybrid_pred_context,consensus_pred_context,consensus_pred_type_context,step_value,sequence_score,lookahead_score,planner,score_adjusted,diversity_penalty,candidate_strategy,adaptive_confidence_gap,adaptive_expanded
1,N677,control1,1.1168162822723389,4.858064773529769,3.3065748214721675,0.639273903220892,3.1577421027943497,4.9462603420758064,4.858064773529769,4.858064773529769,0.44097784273018764,0.2,3,2,1,0.0,0.5667092332242049,2,1,1,0.0,1.1168162822723389,0.34677982330322266,4.655100124329328,3.5404456019401547,0.0034677982330322266,0.2820698022842407,0.03364104777574539,0.8174875974655151,2.311734437942505,0.03683207184076309,0.0583391934633255,0.015324950218200684,0.03364104777574539,1.259550520926714,0.06386370956897736,0.15087546408176422,0.038793694227933884,29566.794921875,11983.158203125,17583.63671875,30258.921875,12858.3427734375,17400.578125,-0.023408927023410797,-0.07303454726934433,0.010410735383629799,-2.3408927023410797,6.766791827976704,3.7994945481419564,6.481476174667478,3.6933181241154673,4.387020833045244,3.1473844872787597,4.858064773529769,4.858064773529769,4.858064773529769,greedy,4.858064773529769,0.0,hard_fault_cluster,0.005875797791510558,False
2,N2155,observe,1.457592248916626,3.2530965894460677,2.0179089665412904,0.6932365149259567,2.114512783139944,3.2894937828520288,3.2530965894460677,3.260619551607275,0.1819859670298041,0.2,1,2,0,0.0,0.06790988656912982,1,1,1,0.037614810806037,1.457592248916626,0.4267202615737915,3.311336115002632,2.4864104151725765,0.004267202615737915,0.32851269841194153,0.025838786736130714,0.9689590930938721,2.267094135284424,0.2993183881044388,0.3320550322532654,0.2665817439556122,0.025838786736130714,1.6042756289243698,0.06906921416521072,0.15618106722831726,0.04652923345565796,30261.64453125,12861.6591796875,17399.984375,30654.4296875,13195.8447265625,17458.5859375,-0.012979636900126934,-0.025983082130551338,-0.0033679089974611998,-1.2979636900126934,7.359480464830995,3.146026192903519,7.020061178598553,3.2567780363559726,2.7994702607393265,2.269561876952648,3.260619551607275,8.118684325137044,8.118684325137044,greedy,3.260619551607275,0.0,hard_fault_cluster,0.15943671090967948,False
3,N502,control1,1.1366417407989502,2.1921067869663236,2.1148003101348873,0.1411621344089508,1.4248694115281104,2.1370521223130865,2.1921067869663236,2.1921067869663236,-0.275273323266186,0.2,3,2,1,0.0,-0.2930750796363571,2,1,1,0.0,1.1366417407989502,0.37319517135620117,1.754641768336296,2.0494791030883786,0.003731951713562012,0.3409149944782257,0.01918899454176426,1.1263781785964966,2.1604387760162354,-0.13506875187158585,-0.31135278940200806,0.041215285658836365,0.01918899454176426,-1.7808255773782733,0.05883442610502243,0.14034509658813477,0.036193232983350754,30649.359375,13188.9736328125,17460.38671875,30661.03125,13167.8369140625,17493.1953125,-0.00038081954699009657,0.001602605334483087,-0.0018790301401168108,-0.03808195469900966,6.2758267764002085,2.8671430099010466,5.981538651976734,2.8663930642604827,2.405900165438652,2.300244202259928,2.1921067869663236,10.310791112103368,10.310791112103368,greedy,2.1921067869663236,0.0,hard_fault_cluster,0.025392541707556435,False
4,N762,control1,0.911552369594574,1.4460939180850982,1.5994494915008544,0.06185806632041933,0.9399610467553139,1.35752075076952,1.4460939180850982,1.4460939180850982,-0.44286583657789114,0.2,0,2,0,0.0,-0.24869918903381744,0,1,0,0.0,0.911552369594574,0.3220241069793701,0.8939645677804946,1.1617317676544188,0.003220241069793701,0.3624856173992157,0.019666315987706184,1.191430926322937,2.132742166519165,-0.11037544906139374,-0.24696920812129974,0.026218309998512268,0.019666315987706184,-0.8204972726106643,0.05198005586862564,0.13194745779037476,0.02993898093700409,30665.79296875,13173.8125,17491.98046875,30588.853515625,13107.171875,17481.681640625,0.0025089667178690434,0.005058567970991135,0.0005887742736376822,0.25089667178690434,5.53969600982964,1.1226565885543822,5.283428192604333,1.0556051182746886,1.3425390362739564,1.5400503179430962,1.4460939180850982,11.756885030188467,11.756885030188467,greedy,1.4460939180850982,0.0,hard_fault_cluster,0.030661166239268577,False
5,N3742,control0,0.7222740650177002,0.865053427554667,2.2954659044742582,0.14510735023766758,0.5622847279105335,0.999921303451593,0.9079596245190957,0.9333518107255293,0.6743393794846302,0.2,3,3,1,0.21453098482214406,0.9556508143717677,2,2,1,0.3414919158543117,0.7222740650177002,0.30962061882019043,0.8075463380664587,0.7869540154933929,0.0030962061882019044,0.38254740834236145,0.02135230042040348,1.4179636240005493,2.500497341156006,-0.06631909310817719,-0.13751643896102905,0.004878252744674683,0.02135230042040348,-0.0045474436879158475,0.049445077776908875,0.13231901824474335,0.02771998941898346,30589.94921875,13108.4775390625,17481.470703125,30546.490234375,13047.29296875,17499.197265625,0.0014206948690116405,0.004667557310312986,-0.001014020061120391,0.14206948690116405,5.275480696931481,1.228048669397831,5.027251007501036,1.3559304943680763,0.8645815178751945,1.99535370670259,0.9333518107255293,12.690236840913997,12.690236840913997,greedy,0.9333518107255293,0.0,hard_fault_cluster,0.009965742759265034,False
6,N3644,control0,0.7473889589309692,1.48906403362751,2.8708456873893735,0.07143973171710971,0.9678916218578816,1.57152968486049,1.48906403362751,1.48906403362751,0.41232825616490015,0.2,2,3,0,0.0,0.9675752166351885,1,2,0,0.0,0.7473889589309692,0.3026055097579956,0.9449074640870094,2.385872972011566,0.003026055097579956,0.39635252952575684,0.020910421386361122,1.3045971393585205,2.4420676231384277,-0.029802262783050537,-0.15529488027095795,0.09569035470485687,0.020910421386361122,-0.7454595252871514,0.04656650125980377,0.1306355595588684,0.025381986051797867,30546.37890625,13047.17578125,17499.203125,30307.24609375,12886.3076171875,17420.9375,0.007828515954315662,0.01232973113656044,0.004472524859011173,0.7828515954315662,4.980166057124734,0.7750341171026229,4.737529108766466,0.7508540028333663,1.3211556255817414,2.6820587423443794,1.48906403362751,14.179300874541507,14.179300874541507,greedy,1.48906403362751,0.0,hard_fault_cluster,0.051934616180426246,False
7,N557,control1,0.6856449842453003,0.9109400447458029,0.9344285786151885,0.022840426489710818,0.5921110290847719,0.8436158922920646,0.9109400447458029,0.9109400447458029,-0.336620762268692,0.2,0,2,0,0.0,-0.5889909679662763,0,1,0,0.0,0.6856449842453003,0.23966531455516815,0.38594000309705734,0.36097973287105556,0.0023966531455516817,0.4034660756587982,0.022502494975924492,0.8172795176506042,1.9100984334945679,-0.09590893983840942,-0.2632582187652588,0.07144033908843994,0.022502494975924492,-0.3452448616921902,0.04434661194682121,0.12802369892597198,0.023537244647741318,30311.6484375,12886.974609375,17424.673828125,30250.43359375,12827.2578125,17423.17578125,0.0020195154938846827,0.004633888136595488,8.59727369970642e-05,0.20195154938846827,4.696829004213214,0.5468219625949859,4.500203147064894,0.6062342870235443,0.7504457041621209,0.7430304142832757,0.9109400447458029,15.09024091928731,15.09024091928731,greedy,0.9109400447458029,0.0,hard_fault_cluster,0.0034859768657898938,False
8,N3756,control0,0.49988383054733276,1.0979412072431296,2.4125834882259367,0.1974851869698614,0.7136617847080343,1.2294103037706843,1.0979412072431296,1.0979412072431296,0.6573454826377734,0.2,3,3,1,0.0,1.0,2,2,1,0.0,0.49988383054733276,0.24372242391109467,1.0619511545635758,2.4570805430412292,0.0024372242391109467,0.4139433205127716,0.02365473099052906,1.3851603269577026,2.524794101715088,-0.07148224860429764,-0.16167119145393372,0.01870669424533844,0.02365473099052906,0.21570032984018322,0.04269922524690628,0.13014672696590424,0.02226416766643524,30245.603515625,12826.541015625,17419.0625,30221.669921875,12799.166015625,17422.50390625,0.0007913081790320575,0.0021342465188354254,-0.0001975655322894454,0.07913081790320575,4.537299679592252,0.9399933916330337,4.336766813416034,0.956314257979393,1.0098785221576692,2.555791640430689,1.0979412072431296,16.18818212653044,16.18818212653044,greedy,1.0979412072431296,0.0,hard_fault_cluster,0.015158204562178085,False
9,N564,control1,0.46264633536338806,1.3063925365358593,1.0861477434635163,0.10823118992149831,0.8491551487483086,1.264890533205694,1.335907054002186,1.4374001578406703,-0.20751001665082727,0.2,3,2,1,0.14757258733163411,0.5540055556098161,2,1,1,0.6550381065240547,0.46264633536338806,0.21436657011508942,0.8695132292807102,0.6797069609165192,0.002143665701150894,0.4187743365764618,0.02360370196402073,1.159064531326294,2.246800422668457,-0.07203619182109833,-0.14740778505802155,0.00333540141582489,0.02360370196402073,-0.2140052583813667,0.04063437879085541,0.1276111751794815,0.020828373730182648,30217.763671875,12794.662109375,17423.1015625,30108.869140625,12741.822265625,17367.046875,0.0036036595702171326,0.0041298349387943745,0.003217262215912342,0.36036595702171326,4.301408151164651,0.6817695055902004,4.122930447105318,0.6648320709168911,1.0671184360980988,0.9142730314284563,1.4374001578406703,17.62558228437111,17.62558228437111,greedy,1.4374001578406703,0.0,hard_fault_cluster,0.020302095176222185,False
10,N2336,control1,0.4967004060745239,1.557723713517189,1.324311488866806,0.07330796539783475,1.012520413786173,1.4564017623567762,1.557723713517189,1.557723713517189,-0.5066097558020642,0.2,3,2,1,0.0,-0.5347701830416591,2,1,1,0.0,0.4967004060745239,0.22356797754764557,1.1711321577429772,1.0311636745929718,0.0022356797754764556,0.42333969473838806,0.021662073209881783,0.8452444076538086,2.171546220779419,-0.10419350862503052,-0.2860459089279175,0.07765889167785645,0.021662073209881783,-0.9027952948212623,0.040719084441661835,0.12704506516456604,0.02120078355073929,30111.546875,12739.66796875,17371.87890625,30138.244140625,12765.283203125,17372.9609375,-0.0008866122225299478,-0.0020106672309339046,-6.228636630112305e-05,-0.08866122225299478,4.317138494923711,1.1351382356882096,4.133215956855565,1.188603351712227,1.4626378849148751,1.172904207892716,1.557723713517189,19.183305997888297,19.183305997888297,greedy,1.557723713517189,0.0,hard_fault_cluster,0.011175979983319423,False
11,N5143,observe,0.2905191481113434,1.3255771435797215,1.5347409069538116,0.3046839125454426,0.8616251433268189,1.4345681531071683,1.3255771435797215,1.3255771435797215,0.544955047637234,0.2,3,2,1,0.0,0.06108032774802934,2,1,1,0.0,0.2905191481113434,0.20802725851535797,1.2932947203516958,1.7059969544410705,0.00208027258515358,0.42984509468078613,0.024309566244482994,0.8973473906517029,2.514730930328369,0.2778909206390381,0.25357815623283386,0.3022036850452423,0.024309566244482994,1.3278051170706748,0.03951507434248924,0.12831372022628784,0.020010869950056076,30137.974609375,12770.7890625,17367.185546875,30138.13671875,12749.3232421875,17388.8125,-5.378907189879101e-06,0.0016808530781418085,-0.0012452767696231604,-0.0005378907189879101,4.183844259008765,1.173706389516592,4.0095916404388845,1.1977720628678798,1.0888168081641196,1.6825268676131961,1.3255771435797215,20.50888314146802,20.50888314146802,greedy,1.3255771435797215,0.0,hard_fault_cluster,0.01310452418096725,False
12,N7511,control1,0.28991183638572693,1.4505932109057904,1.1617020428180693,0.1664244543015957,0.9428855870887638,1.4044513487962602,1.4505932109057904,1.4505932109057904,-0.2307093105476505,0.2,3,2,1,0.0,0.008480455443356481,2,1,1,0.0,0.28991183638572693,0.1874844878911972,1.0961363762617111,1.054580008983612,0.0018748448789119721,0.4283675253391266,0.022305386140942574,0.9724012017250061,2.260303258895874,-0.09726288914680481,-0.1767757534980774,-0.017750024795532227,0.022305386140942574,-0.08819215744733816,0.03810534253716469,0.12772677838802338,0.018672607839107513,30138.033203125,12749.23046875,17388.802734375,29996.904296875,12669.603515625,17327.30078125,0.004682750906795263,0.006245627999305725,0.0035368711687624454,0.46827509067952633,4.020324127748609,0.7484513525664807,3.8629817222245038,0.7199562196433544,1.2648763358592985,1.241707942187786,1.4505932109057904,21.95947635237381,21.95947635237381,greedy,1.4505932109057904,0.0,hard_fault_cluster,0.07211789254042775,False
13,N580,control1,0.2672519385814667,1.255321613252163,0.90308238863945,0.2255122563242912,0.815959048613906,1.2187927867117574,1.255321613252163,1.255321613252163,-0.18264413270202787,0.2,3,2,1,0.0,0.3178922684940467,2,1,1,0.0,0.2672519385814667,0.18995900452136993,0.9005753599852323,0.7588196635246276,0.0018995900452136994,0.43637537956237793,0.020788582041859627,1.1589635610580444,2.277944564819336,-0.1350441724061966,-0.2806512117385864,0.010562866926193237,0.020788582041859627,0.9316066534817219,0.03652287647128105,0.11235742270946503,0.01853381097316742,29994.029296875,12665.435546875,17328.59375,30062.08203125,12720.294921875,17341.787109375,-0.0022688759490847588,-0.004331424366682768,-0.0007613635389134288,-0.22688759490847588,3.8630352336913347,0.7882046916335821,3.7049745437689126,0.7320066907256841,0.8556264318525791,0.8951267359033226,1.255321613252163,23.214797965625973,23.214797965625973,greedy,1.255321613252163,0.0,hard_fault_cluster,0.053972104305639784,False
14,N2082,observe,0.23117032647132874,1.3986691568046807,1.4199242293834686,0.3458129491657018,0.9091349519230425,1.5618693036991895,1.3986691568046807,1.3986691568046807,0.816000734472544,0.2,3,2,1,0.0,1.0,2,1,1,0.0,0.23117032647132874,0.23346997797489166,0.8726581091433763,0.6655290991067886,0.0023346997797489165,0.4252047836780548,0.009721571579575539,1.0945351123809814,2.241056203842163,0.043597958981990814,-0.10235007107257843,0.18954598903656006,0.009721571579575539,1.6624272793531416,0.04137967526912689,0.11230096220970154,0.02160479873418808,30066.66015625,12725.1337890625,17341.52734375,30252.06640625,12778.712890625,17473.353515625,-0.006166506092995405,-0.004210493993014097,-0.007601762656122446,-0.6166506092995405,4.381159076467156,3.1510833892226215,4.198765414301306,3.285713544785976,1.0213628061115743,1.3869816515222193,1.3986691568046807,24.613467122430652,24.613467122430652,greedy,1.3986691568046807,0.0,hard_fault_cluster,0.05361088498662635,False
15,N737,control1,0.2364359050989151,3.6003760256618262,2.0322027802467346,0.8832655737549067,2.340244416680187,3.476477427030049,3.6003760256618262,3.6003760256618262,-0.6194929931588865,0.2,3,2,1,0.0,0.017901867242740663,2,1,1,0.0,0.2364359050989151,0.20609305799007416,4.731168588250875,3.605582004785538,0.0020609305799007415,0.42652398347854614,0.014386611059308052,0.8999767899513245,2.114776372909546,-0.16377459466457367,-0.44178253412246704,0.1142333447933197,0.014386611059308052,1.2890707135200499,0.036819394677877426,0.11570969223976135,0.017482221126556396,30255.171875,12776.5341796875,17478.63671875,30035.482421875,12678.837890625,17356.64453125,0.007261219900101423,0.007646540645509958,0.006979502271860838,0.7261219900101423,3.902419136837125,1.718732867240906,3.737059385050088,1.5791654920578004,3.3099903106689452,2.489676177725196,3.6003760256618262,28.21384314809248,28.21384314809248,greedy,3.6003760256618262,0.0,hard_fault_cluster,0.1279964221824687,False
16,N3785,control0,0.15162986516952515,0.790843017531297,0.47281314518768336,0.11694639807668863,0.5140479613953431,0.7982038098426845,0.790843017531297,1.0860365992536976,0.036803961556937305,0.2,2,3,0,0.0,0.47596790861200233,2,2,1,1.4759679086120023,0.15162986516952515,0.23359794914722443,0.543944069279678,0.28873698387760666,0.002335979491472244,0.2871345281600952,0.019585881382226944,0.2626834511756897,1.6587063074111938,-0.11227045953273773,-0.12673471868038177,-0.09780620038509369,0.019585881382226944,0.5251465160698716,0.029673777520656586,0.05780746787786484,0.023485980927944183,30031.08984375,12681.1494140625,17349.94140625,30050.47265625,12671.6982421875,17378.7734375,-0.0006454248796217144,0.0007452929858118296,-0.0016617941437289119,-0.06454248796217144,3.22056158259511,0.1259463683631475,3.0306737096980214,0.12598745444433007,0.4808273908718547,0.3128352530505799,1.0860365992536976,29.29987974734618,29.29987974734618,greedy,1.0860365992536976,0.0,hard_fault_cluster,0.00045480386583286,True
17,N496,control1,0.237970232963562,1.90385218180716,1.6133316338062285,0.07595463342964646,1.237503918174654,1.9019410349309733,1.90385218180716,1.90385218180716,-0.009555734380933479,0.2,3,2,1,0.0,0.662034379437671,2,1,1,0.0,0.237970232963562,0.22732754051685333,-0.2280938674136997,-0.41662524938583373,0.0022732754051685332,0.2736234664916992,0.022126177325844765,0.05664985254406929,1.4461619853973389,-0.17701978236436844,-0.40293312072753906,0.048893555998802185,0.022126177325844765,1.4251364084705709,0.028539810329675674,0.041606202721595764,0.028666924685239792,30045.728515625,12664.583984375,17381.14453125,30003.173828125,12662.197265625,17340.9765625,0.0014163306914269924,0.00018845614977180958,0.002311008283868432,0.14163306914269924,3.1034347508102655,0.19977510448545216,2.916344462428242,0.2065791982039809,0.5923472642898561,0.5585143666341902,1.90385218180716,31.20373192915334,31.20373192915334,greedy,1.90385218180716,0.0,hard_fault_cluster,0.03021550766496334,False
18,N5234,observe,0.05904935672879219,1.2411338604986668,1.2634550094604493,0.19891142323613165,0.8067370093241335,1.4411338604986668,1.5021231364534107,1.5242595973263602,1.0,0.2,3,2,1,1.3049463797737193,0.9543174643777912,2,1,1,1.4156286841384667,0.05904935672879219,0.26553255319595337,0.9823732987046243,2.3498529553413388,0.0026553255319595338,0.2011624574661255,0.013141022995114326,0.05994029715657234,1.9005515575408936,0.19873438775539398,0.08818921446800232,0.30927956104278564,0.013141022995114326,0.547358518242836,0.030507564544677734,0.07508981227874756,0.018409930169582367,30007.015625,12668.5234375,17338.4921875,30003.6796875,12642.556640625,17361.123046875,0.00011117191752418876,0.002049709903076291,-0.0013052379945293069,0.011117191752418876,3.329430030658841,0.659163497686386,3.1204248485155404,0.6747542250156402,0.9390493482351302,1.8070925781130789,1.5242595973263602,32.7279915264797,32.7279915264797,greedy,1.5242595973263602,0.0,hard_fault_cluster,0.015039388875626628,False
19,N5203,control1,0.12624140083789825,2.2709880864620207,1.9441408693790434,0.08521200537681575,1.4761422562003135,2.1473510076682003,2.2709880864620207,2.2709880864620207,-0.6181853939691014,0.2,3,2,1,0.0,-1.0,2,1,1,0.0,0.12624140083789825,0.2545889616012573,-2.2846815529465676,-2.04316092133522,0.0025458896160125734,0.19087675213813782,0.01571153663098812,-0.6043030619621277,1.1333975791931152,0.002765439450740814,-0.10836227238178253,0.11389315128326416,0.01571153663098812,3.9353356513381,0.02727442979812622,0.06571298837661743,0.019459370523691177,30001.23828125,12638.0859375,17363.15234375,29895.4375,12582.72265625,17312.71484375,0.003526547225192189,0.0043806699104607105,0.0029048584401607513,0.3526547225192189,2.9977434780448675,-0.7721110239624978,2.7950181043706834,-0.7087075367569924,-0.1753822922706602,0.1418139800429345,2.2709880864620207,34.99897961294172,34.99897961294172,greedy,2.2709880864620207,0.0,hard_fault_cluster,0.011764705882352915,False
20,N2153,observe,0.02425168827176094,2.1949615289270876,1.665606838464737,0.2777492673695087,1.426724993802607,2.2895148866030866,2.4025841793372984,2.374536953018945,0.4727667883799949,0.2,3,2,1,1.0381132520510536,0.42569927600536334,2,1,1,0.8978771204592881,0.02425168827176094,0.2734910249710083,1.7302841745316984,1.2444352447986604,0.002734910249710083,0.04879993200302124,0.004752708598971367,-0.16599972546100616,1.443450689315796,0.21236274391412735,0.07569681107997894,0.34902867674827576,0.004752708598971367,0.1261445124447345,0.03338376432657242,0.1124810129404068,0.009983286261558533,29898.16015625,12587.66015625,17310.5,29891.32421875,12617.9384765625,17273.38671875,0.00022864073980599642,-0.00240539712831378,0.0021439751144498587,0.022864073980599642,3.6166201662272215,2.304112975895405,3.4079373660497367,2.3213969162106514,1.8315710850059987,1.4619694334641098,2.374536953018945,37.373516565960664,37.373516565960664,greedy,2.374536953018945,0.0,hard_fault_cluster,0.05640604130278433,False
21,N4656,control0,0.07215192168951035,3.6734203901886944,4.1972491264343255,0.37624550849199295,2.3877232536226516,3.5501888333996487,3.67569669988947,3.6777824593479296,-0.6161577839452272,0.2,3,3,1,0.01138154850387807,-0.5271543921332823,2,2,1,0.0218103457961768,0.07215192168951035,0.27293092012405396,2.9212851524353023,3.6981118679046627,0.0027293092012405395,0.035042405128479004,0.002436591312289238,-0.42148157954216003,1.2204203605651855,-0.12595033273100853,-0.19008664786815643,-0.061814017593860626,0.002436591312289238,-0.6346666282415391,0.030541658401489258,0.10704652965068817,0.0078054144978523254,29891.93359375,12618.2705078125,17273.6640625,29666.392578125,12511.076171875,17155.31640625,0.0075452132150530815,0.008495168760418892,0.006851335056126118,0.7545213215053082,3.329533351585269,1.0688319566845894,3.1230077180080116,1.068831241428852,3.174333575367928,4.1633168239891525,3.6777824593479296,41.051299025308595,41.051299025308595,greedy,3.6777824593479296,0.0,hard_fault_cluster,0.00028788024181937145,True
22,N2101,observe,0.20390169322490692,2.499801769554615,2.265572655200958,0.12466110378503802,1.6248711502104998,2.6235246791452966,2.759979535199269,2.7552393837831577,0.6186145479534088,0.2,3,2,1,1.3008888282232691,0.6942783848537886,2,1,1,1.2771880711427153,0.20390169322490692,0.2711649537086487,1.5293710112571715,1.109233772754669,0.002711649537086487,0.062433332204818726,-0.0025725476443767548,-0.2055271565914154,1.4705406427383423,0.2381923720240593,0.12579987943172455,0.35058486461639404,-0.0025725476443767548,-1.061507062315941,0.03165201097726822,0.11610433459281921,0.006936453282833099,29665.482421875,12510.35546875,17155.126953125,29718.55078125,12561.875,17156.67578125,-0.001788892550393939,-0.004118151031434536,-9.028369095176458e-05,-0.1788892550393939,3.433793503791094,3.1470501708984377,3.23234919924289,2.9833581733703616,2.146460682153702,1.7660883602499964,2.7552393837831577,43.80653840909175,43.80653840909175,greedy,2.7552393837831577,0.0,hard_fault_cluster,0.01036162055745515,False
23,N1853,observe,0.15987904369831085,2.4820730400085447,2.1064950823783875,0.12415234088897707,1.6133474760055542,2.682073040008545,2.8209517375587354,2.7753457199974267,1.0,0.2,3,2,1,1.6943934877509532,0.8086744640786522,2,1,1,1.46636339994441,0.15987904369831085,0.26981300115585327,1.3486550390720367,0.9866824924945831,0.0026981300115585327,0.06249460577964783,-0.001993926241993904,-0.19372020661830902,1.6470258235931396,0.10894837975502014,-0.11310797929763794,0.3310047388076782,-0.001993926241993904,-0.7033773767948152,0.03164788708090782,0.11520645022392273,0.006766695529222488,29719.4765625,12562.7783203125,17156.69921875,29577.85546875,12493.5966796875,17084.2578125,0.004765261895954609,0.0055068740621209145,0.0042223394848406315,0.4765261895954609,3.4326077830046415,2.0120091700553893,3.231743476819247,2.0460898542404173,2.0107128143310544,1.6801348689198492,2.7753457199974267,46.581884129089175,46.581884129089175,greedy,2.7753457199974267,0.0,hard_fault_cluster,0.008730409172188886,False
24,N1860,observe,0.17616169154644012,2.0622248838841917,2.020859575271606,0.17399413272738457,1.3404461745247247,2.262224883884192,2.4006023395226417,2.425108607856561,1.0,0.2,3,2,1,1.6918872781922505,1.0,2,1,1,1.8144186198618453,0.17616169154644012,0.2688167095184326,1.2849957048892975,0.9874658107757568,0.002688167095184326,0.07626381516456604,0.0008667074143886566,-0.07103236764669418,1.6900092363357544,0.11280660331249237,-0.09857654571533203,0.3241897523403168,0.0008667074143886566,-0.190606259405613,0.030517544597387314,0.11540134251117706,0.006064184010028839,29577.421875,12493.3759765625,17084.046875,29441.08203125,12421.609375,17019.47265625,0.004609591793268919,0.0057443720288574696,0.0037797964178025723,0.4609591793268919,3.3214378766715527,1.7856958734989168,3.1191753139719367,1.7581694352626802,1.6795040279626847,1.6423008421063423,2.425108607856561,49.00699273694573,49.00699273694573,greedy,2.425108607856561,0.0,hard_fault_cluster,0.054725825793088434,False
25,N1372,observe,0.1548474133014679,1.4127069999277593,1.926676523685455,-0.12874733954668038,0.9182595499530436,1.6042802765302233,1.7020645674664348,1.7936887258497238,0.9578663830123207,0.2,3,2,1,1.4467878376933774,1.0,2,1,1,1.9049086296098225,0.1548474133014679,0.2636783719062805,0.5515743196010588,0.7908158361911773,0.002636783719062805,0.08439353108406067,-0.002374378964304924,-0.08967388421297073,1.588395595550537,0.09315203130245209,-0.10632151365280151,0.2926255762577057,-0.002374378964304924,-1.766600579917431,0.028454739600419998,0.11571221053600311,0.0038961954414844513,29441.5625,12422.0234375,17019.5390625,29446.83984375,12422.37109375,17024.46875,-0.0001792480907170102,-2.7987087378278375e-05,-0.00028964871307834983,-0.01792480907170102,3.1067779529839754,1.3053642213344574,2.9107999582774937,1.3294536769390106,1.2700618714094163,1.4739938378334045,1.7936887258497238,50.80068146279546,50.80068146279546,greedy,1.7936887258497238,0.0,hard_fault_cluster,0.021501627150162718,False
26,N582,control1,0.02134748175740242,1.5455696623027326,0.9757144689559936,0.426887276917696,1.0046202804967763,1.3455696623027327,1.5455696623027326,1.5455696623027326,-1.0,0.2,0,2,0,0.0,-1.0,0,1,0,0.0,0.02134748175740242,0.2633625268936157,1.4524052745848894,1.0360312640666962,0.0026336252689361573,0.07145488262176514,0.0034922417253255844,-0.5458042025566101,1.0720086097717285,-0.1510176733136177,-0.3640364408493042,0.06200109422206879,0.0034922417253255844,1.990156204327941,0.026426948606967926,0.10637769103050232,0.00411590188741684,29444.65625,12418.8759765625,17025.779296875,29539.87109375,12493.3046875,17046.56640625,-0.0032336884178221226,-0.005993192084133625,-0.001220919657498598,-0.32336884178221226,2.909549629315734,1.2302588322013617,2.709408552851528,1.2256494858115912,1.018581712990999,0.9835251766815781,1.5455696623027326,52.34625112509819,52.34625112509819,greedy,1.5455696623027326,0.0,hard_fault_cluster,0.003949258018190512,False
27,N766,control1,-0.0403461717069149,0.9747836404945701,0.7467912137508392,0.19671571920625863,0.6336093663214706,0.8038741126545959,0.9747836404945701,1.045018989231923,-0.8545476391998712,0.2,1,2,0,0.0,-0.522679616332312,1,1,1,0.35117674368676444,-0.0403461717069149,0.26905059814453125,1.0965825748629867,1.109226894378662,0.0026905059814453123,0.07069733738899231,0.004180949181318283,-0.33286052942276,1.0949733257293701,-0.1394244134426117,-0.3613443374633789,0.08249551057815552,0.004180949181318283,0.2774342955648899,0.025026671588420868,0.10315771400928497,0.004120931029319763,29540.134765625,12494.748046875,17045.38671875,29651.40234375,12550.58203125,17100.8203125,-0.0037666577845811844,-0.004468596074730158,-0.00325211719609797,-0.37666577845811844,2.7758987061679363,1.1442976091057062,2.570975045673549,1.1071351740509272,0.8540703669190407,0.8700052505731583,1.045018989231923,53.39127011433011,53.39127011433011,greedy,1.045018989231923,0.0,hard_fault_cluster,0.010592138846350173,False
28,N5723,control0,0.036470938473939896,0.990434606075287,2.5160072922706602,0.04445241928100587,0.6437824939489366,0.7904346060752869,0.990434606075287,0.990434606075287,-1.0,0.2,1,3,0,0.0,-1.0,0,2,0,0.0,0.036470938473939896,0.27285730838775635,0.8503951415419578,2.42709846496582,0.0027285730838775635,0.07777851819992065,0.0017663538455963135,-0.5523460507392883,1.1070938110351562,-0.08168234676122665,-0.22674180567264557,0.06337711215019226,0.0017663538455963135,-1.2594495144486428,0.02411797270178795,0.10929127037525177,0.0024904757738113403,29654.025390625,12552.041015625,17101.984375,29501.482421875,12434.02734375,17067.455078125,0.005144089926034212,0.009401950985193253,0.002019022824242711,0.5144089926034212,2.6864209324121475,1.1648254042863846,2.480453185737133,1.141570652127266,1.1065404057502746,2.8192512637376783,0.990434606075287,54.3817047204054,54.3817047204054,greedy,0.990434606075287,0.0,hard_fault_cluster,0.035324420458726837,False
29,N1532,observe,-0.034832533448934555,0.28354544773697854,0.871160238981247,-0.49928978234529486,0.18430454102903607,0.48354544773697855,0.6553015512254745,0.6109988380856222,1.0,0.2,3,2,1,1.8587805174424799,0.9075794189777737,2,1,1,1.6372669517432183,-0.034832533448934555,0.2659796476364136,-0.6984808369725942,-0.23885602951049803,0.002659796476364136,0.08231702446937561,-0.0003323312848806381,-0.1853698492050171,1.5513874292373657,0.054473601281642914,-0.15708191692829132,0.26602911949157715,-0.0003323312848806381,-2.2450510995090007,0.022593192756175995,0.10829152166843414,0.0017153285443782806,29500.63671875,12434.56640625,17066.0703125,29558.927734375,12458.09765625,17100.830078125,-0.0019759240094572306,-0.0018924061441794038,-0.0020367761608213186,-0.19759240094572306,2.5249665919691324,0.39788467079401013,2.3257311047054827,0.44567492991685864,0.22372665405273437,0.3752542752027511,0.6109988380856222,54.99270355849102,54.99270355849102,greedy,0.6109988380856222,0.0,hard_fault_cluster,0.02115617841261285,False
30,N583,control1,-0.11699361354112625,0.74387935558334,0.7880982697010039,0.08707852410152554,0.483521581129171,0.5438793555833399,0.74387935558334,0.74387935558334,-1.0,0.2,1,2,0,0.0,-1.0,0,1,0,0.0,-0.11699361354112625,0.2656211853027344,0.4291568016074597,0.4926744252443313,0.0026562118530273435,0.06769481301307678,0.002035766839981079,-0.775704562664032,0.9029086828231812,-0.10997238755226135,-0.29784661531448364,0.07790184020996094,0.002035766839981079,0.2452362533658743,0.02198059856891632,0.10097219049930573,0.002514094114303589,29550.70703125,12445.9765625,17104.73046875,29569.09765625,12497.6689453125,17071.4296875,-0.0006223412929102778,-0.004153341054916382,0.0019468754762783647,-0.062234129291027784,2.4657168090343475,0.8728243674337863,2.264974094927311,0.9115950013697147,0.5318218752741813,0.6812173397094011,0.74387935558334,55.73658291407436,55.73658291407436,greedy,0.74387935558334,0.0,hard_fault_cluster,0.05454064072014826,False
31,N893,observe,-0.14381228387355804,0.29431074172258376,0.5908262073993682,-0.035685041546821596,0.19130198211967944,0.2993660443901216,0.42889353030383415,0.3011927967419691,0.02527651333768926,0.2,2,2,1,0.672913942906252,-0.5636551856280154,1,1,1,0.03441027509692651,-0.14381228387355804,0.27169185876846313,0.3029751144349575,0.6840647220611572,0.0027169185876846315,0.06624150276184082,0.0018210578709840775,-0.5112755298614502,1.3044580221176147,0.24189366400241852,0.1542096734046936,0.32957765460014343,0.0018210578709840775,-0.7528049512207509,0.020961545407772064,0.1021806001663208,0.0018665269017219543,29576.01171875,12508.408203125,17067.603515625,29613.310546875,12507.248046875,17106.0625,-0.0012611175188794732,9.275010961573571e-05,-0.00225333240814507,-0.12611175188794732,2.3696674574166536,0.3886690786480904,2.1645327699370682,0.49895132094621664,0.3973465390503406,0.6772188619896768,0.3011927967419691,56.037775710816334,56.037775710816334,greedy,0.3011927967419691,0.0,hard_fault_cluster,0.004813137032842579,False
32,N576,observe,-0.08040357381105423,1.65108411680907,1.1531988143920897,0.5145908861234784,1.0732046759258955,1.662641312177775,1.7959833736459596,1.7199891531824145,0.05778597684352518,0.2,3,2,1,0.7244962841844477,-0.3491699710953462,2,1,1,0.34452518186672276,-0.08040357381105423,0.2804860472679138,1.518340075146407,1.3238781690597534,0.002804860472679138,0.056954145431518555,0.006262088194489479,-0.48443731665611267,1.299550175666809,0.21412602066993713,0.12676537036895752,0.30148667097091675,0.006262088194489479,2.4964849992282687,0.021289385855197906,0.10222133994102478,0.00245874747633934,29613.109375,12507.013671875,17106.095703125,29609.3359375,12517.8017578125,17091.53515625,0.00012742455874104053,-0.0008625629125162959,0.0008511905325576663,0.012742455874104053,2.415686720982194,2.320707958266139,2.2006256193853915,2.1667698674649,1.0999345077201723,1.405906327916309,1.7199891531824145,57.75776486399875,57.75776486399875,greedy,1.7199891531824145,0.0,hard_fault_cluster,0.1711606096131301,False
33,N4670,control0,0.12203901261091232,2.218428330962447,3.331198763847351,0.15892813110099724,1.4419784151255906,2.080506737915763,2.224001883849796,2.224044540955457,-0.6896079652334206,0.2,3,3,1,0.0278677644367451,-0.604827831058025,2,2,1,0.02808104996505001,0.12203901261091232,0.27961647510528564,1.3902900424119935,2.6303190708160398,0.0027961647510528565,0.0504361093044281,0.004671007394790649,-0.5329790711402893,1.1852809190750122,-0.1212330237030983,-0.2260546237230301,-0.016411423683166504,0.004671007394790649,-0.24989360651271914,0.018647655844688416,0.09731929004192352,0.0006552934646606445,29610.375,12518.87109375,17091.50390625,29298.51171875,12366.111328125,16932.400390625,0.010532230138778687,0.012202359735965729,0.009308923967182636,1.0532230138778687,2.149053066968918,0.2503173709888756,1.9358374550938606,0.25031896283470584,1.6635250274534201,2.656291267844723,2.224044540955457,59.981809404954205,59.981809404954205,greedy,2.224044540955457,0.0,hard_fault_cluster,0.001001144164759726,True
34,N4684,control0,0.27292388677597046,2.530014486151504,3.5218209505081175,0.20124662258976966,1.6445094159984777,2.406781337356513,2.5335867064164765,2.533690579761955,-0.6161657439749544,0.2,3,3,1,0.01786110132486285,-0.6314286124146429,2,2,1,0.01838046805225435,0.27292388677597046,0.28274643421173096,1.1626742728707087,2.3170656979084012,0.0028274643421173098,0.05500534176826477,0.0041185226291418076,-0.5748143792152405,1.166841983795166,-0.1248900443315506,-0.2299877554178238,-0.019792333245277405,0.0041185226291418076,0.5101014121808657,0.015892907977104187,0.0944109708070755,-0.0010573938488960266,29298.552734375,12366.1171875,16932.435546875,29057.1875,12249.6640625,16807.5234375,0.008238128386437893,0.009417112916707993,0.007377090398222208,0.8238128386437893,1.8761557545512915,0.38428770639341564,1.661007036920637,0.38428159020889324,1.6742417720459344,2.6632571518298573,2.533690579761955,62.51549998471616,62.51549998471616,greedy,2.533690579761955,0.0,hard_fault_cluster,0.0,True
35,N7411,control1,0.10138986259698868,1.2336603889986872,1.4316220879554749,-0.011896305903792368,0.8018792528491467,1.0336603889986873,1.2336603889986872,1.2336603889986872,-1.0,0.2,1,2,0,0.0,-1.0,0,1,0,0.0,0.10138986259698868,0.2778289318084717,0.3462721538543701,0.5083202108740806,0.0027782893180847167,0.05438533425331116,0.0007146652787923813,-1.076291561126709,0.8905990123748779,-0.01680414378643036,-0.07984310388565063,0.04623481631278992,0.0007146652787923813,-0.8113185276836157,0.01697273552417755,0.07863469421863556,0.0007934197783470154,29056.341796875,12248.8046875,16807.537109375,28856.39453125,12132.8359375,16723.55859375,0.006881364155560732,0.009467760100960732,0.0049964794889092445,0.6881364155560732,1.9758171495050192,1.5219232606887818,1.7669094516895711,1.4850040483474731,1.1816437534987927,1.345247049741447,1.2336603889986872,63.749160373714844,63.749160373714844,greedy,1.2336603889986872,0.0,hard_fault_cluster,0.03796992481203006,False
36,N7413,control1,0.12409095466136932,1.720435615479946,1.5908942222595215,0.14885215729475024,1.118283150061965,1.520435615479946,1.720435615479946,1.720435615479946,-1.0,0.2,1,2,0,0.0,-1.0,0,1,0,0.0,0.12409095466136932,0.2763816714286804,0.9130516527593135,0.7354234516620636,0.0027638167142868043,0.056439369916915894,0.004364108666777611,-1.0256187915802002,0.8677018284797668,-0.010438047349452972,-0.043767765164375305,0.02289167046546936,0.004364108666777611,-0.26040173143148426,0.01709289848804474,0.07282416522502899,0.0012463703751564026,28856.46484375,12133.1162109375,16723.349609375,28651.419921875,12043.7421875,16607.677734375,0.007105683907866478,0.007366122677922249,0.006916788872331381,0.7105683907866478,1.990035628899932,1.687489961385727,1.7794762938283384,1.6614117014408112,1.6110092014074324,1.5697670201957226,1.720435615479946,65.46959598919479,65.46959598919479,greedy,1.720435615479946,0.0,hard_fault_cluster,0.11606096131301288,False
37,N4677,control0,0.3746545612812042,3.5298570622814944,3.4883328676223755,0.8695189733051893,2.2944070904829714,3.3709767176251018,3.5298570622814944,3.5298570622814944,-0.7944017232819641,0.2,2,3,0,0.0,-0.7647334166796627,1,2,0,0.0,0.3746545612812042,0.2833818197250366,2.215653095803207,2.6420589089393616,0.0028338181972503663,0.05152133107185364,0.01702919788658619,-0.5005444288253784,1.1795741319656372,-0.12901189923286438,-0.2459450215101242,-0.012078776955604553,0.01702919788658619,4.878956919731684,0.012704428285360336,0.07523465156555176,-0.0015355423092842102,28652.19921875,12044.3056640625,16607.892578125,28507.236328125,11996.599609375,16510.63671875,0.005059398245066404,0.003960880450904369,0.00585600221529603,0.5059398245066404,1.5708538461476564,0.883794296853623,1.3455455829389393,0.8837919824542699,1.8319310499598713,2.9050385772874536,3.5298570622814944,68.99945305147628,68.99945305147628,greedy,3.5298570622814944,0.0,hard_fault_cluster,0.0002598077422707199,True
38,N4663,control0,0.43425503373146057,3.432991647358631,3.7217217206954953,0.6123132768409959,2.2314445707831103,3.28869833581739,3.432991647358631,3.432991647358631,-0.7214665577062049,0.2,2,3,0,0.0,-0.7431737471755542,1,2,0,0.0,0.43425503373146057,0.2876853942871094,1.966587935855614,2.6067123889923094,0.0028768539428710937,0.04918816685676575,0.022874819114804268,-0.5766012072563171,1.157291293144226,-0.12590345740318298,-0.24321730434894562,-0.008589610457420349,0.022874819114804268,3.071567339859639,0.00866338238120079,0.07536186277866364,-0.003318876028060913,28507.2734375,11996.61328125,16510.66015625,28371.83984375,11932.45703125,16439.3828125,0.004750843625515699,0.005347863305360079,0.004317049868404865,0.47508436255156994,1.1768984515219927,0.8487949214170566,0.9439782914705575,0.7442656300256839,2.0390528969182924,2.90038438299689,3.432991647358631,72.43244469883491,72.43244469883491,greedy,3.432991647358631,0.0,hard_fault_cluster,0.00012591286829515385,True
39,N4635,control0,0.4481753408908844,2.135524171516299,3.103620624542236,0.2923712345212698,1.3880907114855945,1.9755316596079107,2.135524171516299,2.135524171516299,-0.7999625595419425,0.2,3,3,1,0.0,-0.7353639388465735,2,2,1,0.0,0.4481753408908844,0.2911860942840576,1.396137082055211,2.4930741488933563,0.002911860942840576,0.04830002784729004,0.023035230115056038,-0.6325763463973999,1.13520348072052,-0.12800141423940659,-0.24600215256214142,-0.010000675916671753,0.023035230115056038,0.8428261157870292,0.005364503711462021,0.0730147659778595,-0.004895217716693878,28371.89453125,11932.4677734375,16439.42578125,28246.884765625,11867.634765625,16379.25,0.004406112711876631,0.00543332751840353,0.0036604551132768393,0.4406112711876631,0.8506716955453157,0.8305572992563248,0.6150057022459805,0.8144790953397751,1.5653830856084825,2.6942651240527633,2.135524171516299,74.56796887035121,74.56796887035121,greedy,2.135524171516299,0.0,hard_fault_cluster,0.00012608750472826755,True
40,N713,observe,0.5165598392486572,1.8077479045093061,2.2294946193695067,0.18922005280852316,1.175036137931049,2.0077479045093063,1.8077479045093061,1.8077479045093061,1.0,0.2,3,2,1,0.0,0.834620259541585,2,1,1,0.0,0.5165598392486572,0.2968374490737915,1.2761843383312224,1.8156652212142945,0.002968374490737915,0.0611797571182251,0.01663048006594181,-0.20604149997234344,1.7407112121582031,0.1836846023797989,-0.07085543870925903,0.4382246434688568,0.01663048006594181,-0.15120056062936787,0.007674843072891235,0.07504771649837494,-0.004056856036186218,28246.03515625,11866.673828125,16379.361328125,28379.82421875,11954.9306640625,16424.89453125,-0.004736560862511396,-0.00743736932054162,-0.0027799131348729134,-0.47365608625113964,1.0809522364288568,2.1512044900655747,0.8458512895740569,2.2494417899847035,1.5801854968070985,2.4733339637517933,1.8077479045093061,76.37571677486052,76.37571677486052,greedy,1.8077479045093061,0.0,hard_fault_cluster,0.0,True
41,N6537,observe,0.6768300533294678,3.1357808405160905,3.3060903072357175,0.5623787719011307,2.038257546335459,3.3045069003093017,3.1357808405160905,3.1357808405160905,0.8436302989660548,0.2,3,2,1,0.0,0.7255845915521715,2,1,1,0.0,0.6768300533294678,0.31914645433425903,4.242430344223976,5.034253215789795,0.0031914645433425903,0.05289652943611145,0.015639977529644966,-0.19326923787593842,1.5702472925186157,0.15666519477963448,0.057612039148807526,0.2557183504104614,0.015639977529644966,-1.2067565351724625,0.012939687818288803,0.07775045931339264,0.0007995627820491791,28379.73046875,11955.171875,16424.55859375,28672.61328125,12126.2548828125,16546.359375,-0.010320140980184078,-0.014310376718640327,-0.007415771950036287,-1.0320140980184078,1.6287552136927843,2.7120833909511566,1.3776653897948563,2.8280786311626436,3.281090387701988,4.089371092170477,3.1357808405160905,79.51149761537661,79.51149761537661,greedy,3.1357808405160905,0.0,hard_fault_cluster,0.0,True
42,N4691,control0,0.48790839314460754,1.5280937148630618,2.752958059310913,0.19273031547665592,0.9932609146609902,1.3737758397345652,1.5322120873542426,1.5317342021219904,-0.7715893756424833,0.2,3,3,1,0.020591862455904053,-0.7557227323409659,2,2,1,0.018202436294643687,0.48790839314460754,0.29836422204971313,1.305203902721405,2.6370826601982116,0.0029836422204971313,0.045686960220336914,0.01646246202290058,-0.5964369177818298,1.120018482208252,-0.11215995997190475,-0.24706189334392548,0.022741973400115967,0.01646246202290058,-0.1216481468081475,0.004730068147182465,0.06618151068687439,-0.004639483988285065,28673.4296875,12126.9560546875,16546.47265625,28394.37109375,11958.8984375,16435.47265625,0.009732306003570557,0.013858186081051826,0.006708378437906504,0.9732306003570557,0.7878334987908602,0.715938808619976,0.5517134857363999,0.6963481923937798,1.3636643156409263,2.461381805166602,1.5317342021219904,81.04323181749861,81.04323181749861,greedy,1.5317342021219904,0.0,hard_fault_cluster,0.0,True
43,N8470,observe,0.5133023858070374,1.988591724857688,1.7629811048507689,0.4017781340330839,1.2925846211574974,2.1200725657627233,1.988591724857688,1.988591724857688,0.6574042045251756,0.2,3,2,1,0.0,0.015965799330414004,2,1,1,0.0,0.5133023858070374,0.3063012957572937,1.9412875212728975,2.248581647872925,0.003063012957572937,0.05355539917945862,0.017590118572115898,-0.531276285648346,1.6011840105056763,0.20922482013702393,0.15730491280555725,0.2611447274684906,0.017590118572115898,0.8667131561040877,0.006488632410764694,0.07273899018764496,-0.004258312284946442,28394.05859375,11958.84375,16435.21484375,28347.26171875,11926.7626953125,16420.5,0.001648122095502913,0.0026826218236237764,0.0008953241049312055,0.1648122095502913,0.972754655405879,1.8551455903053284,0.7298360946588218,1.8623168516159059,1.7300387889146804,2.2881691773235797,1.988591724857688,83.03182354235629,83.03182354235629,greedy,1.988591724857688,0.0,hard_fault_cluster,0.0,True
44,N3701,control0,0.26116737723350525,0.8632253661192953,0.421351121366024,0.161561943013221,0.561096487977542,0.8886921643602333,1.0493507242373377,1.0662621147708522,0.12733399120469008,0.2,3,3,1,0.930626790590211,0.22902856645050135,2,2,1,1.0151837432577844,0.26116737723350525,0.29434919357299805,0.8056044979020953,0.44487905129790306,0.0029434919357299804,0.05498424172401428,0.017765210941433907,-0.3385326862335205,1.34891939163208,-0.09475987404584885,-0.2116556316614151,0.022135883569717407,0.017765210941433907,0.2657253608107567,0.003259114921092987,0.06806017458438873,-0.005402989685535431,28347.40625,11926.88671875,16420.51953125,28373.70703125,11891.951171875,16481.755859375,-0.0009278020588681102,0.0029291422106325626,-0.003729256335645914,-0.09278020588681102,0.6380258966237307,0.9749825726449488,0.4039400932379067,0.8479655455052852,0.7783270239830017,0.46983665632084015,1.0662621147708522,84.09808565712714,84.09808565712714,greedy,1.0662621147708522,0.0,hard_fault_cluster,0.002163951120162949,True
45,N4698,control0,0.39239761233329773,1.6746112522482872,2.7016854405403135,0.3279190728068352,1.0884973139613867,1.5372895362696362,1.6746112522482872,1.6746112522482872,-0.6866085798932551,0.2,2,3,0,0.0,-0.7135892199479809,1,2,0,0.0,0.39239761233329773,0.30007046461105347,1.4447360418736934,2.583892524242401,0.0030007046461105347,0.05045923590660095,0.018645474687218666,-0.6091145277023315,1.1871596574783325,-0.11448606848716736,-0.2322724312543869,0.003300294280052185,0.018645474687218666,0.9993038772046565,0.001495160162448883,0.06826171278953552,-0.006535694003105164,28373.8671875,11891.8759765625,16481.9921875,28157.96484375,11801.1640625,16356.8017578125,0.007609196938574314,0.0076280576176941395,0.007595588453114033,0.7609196938574314,0.46823195554316044,0.7683138463646173,0.22919500106945634,0.6285852406173944,1.3299461744725702,2.4394650134071707,1.6746112522482872,85.77269690937543,85.77269690937543,greedy,1.6746112522482872,0.0,hard_fault_cluster,0.0,True
46,N4649,control0,0.4409137964248657,1.3589600290358066,2.673749554157257,0.14990674689412115,0.8833240188732743,1.233855941053021,1.3589600290358066,1.3589600290358066,-0.6255204399139276,0.2,3,3,1,0.0,-0.6689662163076148,2,2,1,0.0,0.4409137964248657,0.3046388030052185,1.1644802212715148,2.5572942852973934,0.0030463880300521853,0.050926029682159424,0.017473513260483742,-0.6762043237686157,1.153154969215393,-0.12456154078245163,-0.24382956326007843,-0.005293518304824829,0.017473513260483742,-0.4591950437426568,-0.0008415058255195618,0.06631892919540405,-0.008001022040843964,28158.025390625,11801.171875,16356.853515625,28005.2890625,11723.1015625,16282.1875,0.005424255505204201,0.0066154710948467255,0.004564815200865269,0.5424255505204201,0.23796173371374607,0.66906070291996,-0.003622503485530615,0.6714504438638688,1.3238104045391081,2.43547676295042,1.3589600290358066,87.13165693841124,87.13165693841124,greedy,1.3589600290358066,0.0,hard_fault_cluster,0.0027798837503158983,True
47,N3722,control0,0.2815597951412201,0.9835400880873203,0.4721435248851776,0.24037170752882955,0.6393010572567582,1.0019835769923116,0.9835400880873203,1.0163394541550332,0.09221744452495605,0.2,2,3,0,0.0,0.16428734987143964,2,2,1,0.16399683033856446,0.2815597951412201,0.3023672103881836,0.9229894955456257,0.47320070862770075,0.003023672103881836,0.0590326189994812,0.017031485214829445,-0.4758117198944092,1.3819080591201782,-0.11329136788845062,-0.25388091802597046,0.027298182249069214,0.017031485214829445,0.8158700782060623,-0.0013737082481384277,0.06519393622875214,-0.007807061076164246,28005.052734375,11723.037109375,16282.015625,28094.26953125,11723.859375,16370.4111328125,-0.0031857392750680447,-7.014100992819294e-05,-0.005429027136415243,-0.31857392750680447,0.18202787078917027,1.168417385816574,-0.057521150913089514,1.2171357429027558,0.8253812223672866,0.5364977945387364,1.0163394541550332,88.14799639256627,88.14799639256627,greedy,1.0163394541550332,0.0,hard_fault_cluster,0.003224974200206401,False
48,N3903,control0,0.18396569788455963,0.8996976404637099,-1.329711616039276,0.18775345705449584,0.5848034663014114,0.8997070834735973,0.8996976404637099,0.8996976404637099,4.7215049436805514e-05,0.2,3,3,1,0.0,0.000649871042472868,2,2,1,0.0,0.18396569788455963,0.300605833530426,0.8494765989482403,-1.3278454184532165,0.0030060583353042603,0.06217619776725769,0.015783386304974556,-0.46934273838996887,1.3206175565719604,-0.09134265035390854,-0.21018685400485992,0.027501553297042847,0.015783386304974556,0.40128664165735245,-0.0008541867136955261,0.0658825933933258,-0.006927467882633209,28094.23828125,11723.818359375,16370.419921875,28118.064453125,11709.759765625,16408.3046875,-0.0008480803808197379,0.0011991480132564902,-0.0023142206482589245,-0.08480803808197379,0.23097054846584797,1.144131246805191,-0.006321366410702467,1.1333750522136687,0.8165829315781594,-1.4055380883067845,0.8996976404637099,89.04769403302998,89.04769403302998,greedy,0.8996976404637099,0.0,hard_fault_cluster,0.0,True
49,N4705,control0,0.33715417981147766,2.018812126219273,2.73571058511734,0.5305087813735009,1.3122278820425275,1.8991356092264033,2.018812126219273,2.018812126219273,-0.5983825849643477,0.2,3,3,1,0.0,-0.6574215820486876,2,2,1,0.0,0.33715417981147766,0.3064519762992859,1.6759035927057266,2.1506292700767515,0.003064519762992859,0.05479106307029724,0.018268616870045662,-0.6674405336380005,1.1700276136398315,-0.12268123030662537,-0.2429725080728531,-0.002389952540397644,0.018268616870045662,2.4634232649207113,-0.003041684627532959,0.06451435387134552,-0.0073572322726249695,28118.232421875,11709.8203125,16408.412109375,27936.6953125,11638.462890625,16298.232421875,0.00645620608702302,0.006093810312449932,0.006714829243719578,0.645620608702302,0.020552130416035652,0.9840304359793663,-0.222988314460963,0.9501364633440972,1.3659714132547378,2.285897169262171,2.018812126219273,91.06650615924926,91.06650615924926,greedy,2.018812126219273,0.0,hard_fault_cluster,0.0005110514884374605,True
50,N4712,control0,0.38483765721321106,2.5248064786195754,2.6569788098335265,1.0115396946668622,1.641124211102724,2.426263159178978,2.5248064786195754,2.5248064786195754,-0.49271659720298583,0.2,3,3,1,0.0,-0.5314776031848375,2,2,1,0.0,0.38483765721321106,0.3096526265144348,2.313055767416954,2.2958176612854,0.003096526265144348,0.05350297689437866,0.01730060763657093,-0.7072401642799377,1.1325432062149048,-0.1279345080256462,-0.2522691488265991,-0.0035998672246932983,0.01730060763657093,5.632115415930747,-0.005259275436401367,0.061064884066581726,-0.008332327008247375,27936.73828125,11638.482421875,16298.255859375,27839.384765625,11588.9404296875,16250.4443359375,0.0034847846254706383,0.004256739746779203,0.0029335361905395985,0.3484784625470638,-0.19897430948913097,1.4160103836655615,-0.4441892351023853,1.380247656404972,1.3790563374757767,2.2946274919807914,2.5248064786195754,93.59131263786884,93.59131263786884,greedy,2.5248064786195754,0.0,hard_fault_cluster,0.00038071065989846343,True
51,N4716,control0,0.4039497971534729,1.7504141400754452,2.5800746798515317,0.4946835757791995,1.1377691910490393,1.6866990191034226,1.7504141400754452,1.7504141400754452,-0.31857560486011266,0.2,3,3,1,0.0,-0.397316702808837,2,2,1,0.0,0.4039497971534729,0.3119301199913025,1.5158549780398607,2.0764835715293883,0.003119301199913025,0.05181992053985596,0.015549687668681145,-0.7172030210494995,1.1960045099258423,-0.22920428961515427,-0.4018416404724121,-0.05656693875789642,0.015549687668681145,2.5726392289251088,-0.007393255829811096,0.056675076484680176,-0.009215839207172394,27839.45703125,11589.021484375,16250.4365234375,27780.203125,11552.6689453125,16227.53515625,0.0021284145768731833,0.0031368082854896784,0.0014092770870774984,0.21284145768731833,-0.411845775321126,0.6706602673977613,-0.6574556310661137,0.6382743220776319,1.1368696309626103,2.135330272056162,1.7504141400754452,95.34172677794429,95.34172677794429,greedy,1.7504141400754452,0.0,hard_fault_cluster,0.0,True
52,N724,observe,0.48327895998954773,1.3602945256233216,2.7219693660736084,0.11130339860916139,0.8841914416551591,1.499940957332532,1.3602945256233216,1.3602945256233216,0.698232158546051,0.2,3,2,1,0.0,0.23947292381624904,2,1,1,0.0,0.48327895998954773,0.3146985173225403,1.1757066249847412,2.597964608669281,0.003146985173225403,0.060712188482284546,0.007734229788184166,-0.5409567952156067,1.611363410949707,0.17972838133573532,-0.01648317277431488,0.3759399354457855,0.007734229788184166,-1.0054397559165955,-0.0019233748316764832,0.058205731213092804,-0.00603107362985611,27779.7421875,11551.5859375,16228.15625,27968.166015625,11678.083984375,16290.08203125,-0.006782778073102236,-0.010950707830488682,-0.0038159468676894903,-0.6782778073102236,0.13009526394307613,2.0932873761653896,-0.1117292963899672,2.2169816291332243,1.4920919448137282,3.069859764128923,1.3602945256233216,96.7020213035676,96.7020213035676,greedy,1.3602945256233216,0.0,hard_fault_cluster,0.0,True
53,N2044,observe,0.2868937849998474,1.3100117038935424,2.554846382141113,0.21604222618043423,0.8515076075308026,1.4316673910632591,1.6316673910632593,1.6674282431366445,0.6082784358485841,0.2,3,2,1,1.6082784358485842,0.7870826962155102,2,1,1,1.7870826962155102,0.2868937849998474,0.3044033646583557,1.3566837795078754,2.7165817260742187,0.0030440336465835573,0.06608673930168152,0.0002064201980829239,-0.23428310453891754,1.4324325323104858,0.16354388743638992,-0.012004181742668152,0.339091956615448,0.0002064201980829239,-0.06360604465007785,-0.0025970712304115295,0.05699159950017929,-0.008089743554592133,27968.025390625,11678.720703125,16289.3046875,28216.978515625,11758.181640625,16458.796875,-0.00890134833753109,-0.0068039074540138245,-0.010405121371150017,-0.890134833753109,0.04490266181528568,1.4727684712409972,-0.1835546768270433,1.4266653752326965,1.256203904747963,2.703176029771566,1.6674282431366445,98.36944954670425,98.36944954670425,greedy,1.6674282431366445,0.0,hard_fault_cluster,0.0,True
54,N7891,control1,0.2912537455558777,1.7336645257472991,2.9257220268249506,0.18219576716423033,1.1268819417357445,1.5336645257472992,1.7336645257472991,1.7336645257472991,-1.0,0.2,3,2,1,0.0,-1.0,2,1,1,0.0,0.2912537455558777,0.2872990369796753,0.8467700338363646,1.232032698392868,0.002872990369796753,0.05511641502380371,-0.001836651936173439,-0.9535811543464661,0.7595707774162292,-0.03271234780550003,-0.1783168762922287,0.11289218068122864,-0.001836651936173439,0.49157053291797637,-0.0002861917018890381,0.050062522292137146,-0.006218329071998596,28216.43359375,11757.6923828125,16458.7421875,28228.7265625,11776.642578125,16452.083984375,-0.00043566699605435133,-0.001611727406270802,0.0004045389941893518,-0.04356669960543513,0.25684321485459805,1.9323466289043425,0.042746426071971655,1.8212562906742096,1.2915994495153427,2.56297556206584,1.7336645257472991,100.10311407245155,100.10311407245155,greedy,1.7336645257472991,0.0,hard_fault_cluster,0.020672448615896392,False
55,N3911,control0,0.23270294070243835,1.6725741448764713,1.0819206953048706,0.34705815061794054,1.0871731941697063,1.6761595168887282,1.6725741448764713,1.6725741448764713,0.01792686006128475,0.2,3,3,1,0.0,0.09323454431136974,2,2,1,0.0,0.23270294070243835,0.2900080680847168,1.8126516978636573,1.3635355830192566,0.002900080680847168,0.047820091247558594,-0.004435129463672638,-0.38690054416656494,1.2566816806793213,-0.07150072604417801,-0.20207123458385468,0.05906978249549866,-0.004435129463672638,0.426144746504724,0.000838354229927063,0.05306229740381241,-0.0059071555733680725,28229.431640625,11777.384765625,16452.046875,28308.294921875,11806.623046875,16501.671875,-0.002793654566630721,-0.0024825783912092447,-0.00301634194329381,-0.2793654566630721,0.36940836161375046,1.8690218585915865,0.15522865764796734,1.8295346993394197,1.5760060876607893,1.2326468020585888,1.6725741448764713,101.77568821732802,101.77568821732802,greedy,1.6725741448764713,0.0,hard_fault_cluster,0.0,True
56,N3897,control0,0.18901459872722626,1.6270252304469295,1.068132209777832,0.3270685190537051,1.0575663997905043,1.6284477468148428,1.6270252304469295,1.6270252304469295,0.007112581839566557,0.2,1,3,0,0.0,0.06995618896120341,1,2,0,0.0,0.18901459872722626,0.2910398244857788,1.7238651451012172,1.304350388050079,0.002910398244857788,0.044769734144210815,-0.0066716670989990234,-0.4036211371421814,1.2770214080810547,-0.07593386620283127,-0.21050240099430084,0.058634668588638306,-0.0066716670989990234,0.4059068614989519,0.0012325868010520935,0.05538640171289444,-0.0052444711327552795,28308.25,11806.591796875,16501.658203125,28305.41015625,11786.8046875,16518.60546875,0.00010031858982983977,0.0016759374411776662,-0.001027003745548427,0.010031858982983977,0.40762683749198914,1.6989047139510514,0.1943507194519043,1.663046368919313,1.5138651371002196,1.1909856714174385,1.6270252304469295,103.40271344777496,103.40271344777496,greedy,1.6270252304469295,0.0,hard_fault_cluster,0.0,True
57,N3862,control0,0.16138224303722382,1.7666735145996586,1.1436532378196715,0.35417751231748074,1.1483377844897782,1.7848639498004435,1.7666735145996586,1.7666735145996586,0.09095217600392448,0.2,3,3,1,0.0,0.11701095165428643,2,2,1,0.0,0.16138224303722382,0.29120105504989624,1.8746754362321778,1.4053098022937773,0.0029120105504989624,0.04207536578178406,-0.009085029363632202,-0.4121342897415161,1.2832037210464478,-0.0826173946261406,-0.22227783501148224,0.05704304575920105,-0.009085029363632202,0.4376050712913275,0.0013990700244903564,0.05677246302366257,-0.004744186997413635,28305.376953125,11786.78515625,16518.591796875,28285.69140625,11760.6240234375,16525.06640625,0.000695470196660608,0.0022195307537913322,-0.00039195892168208957,0.0695470196660608,0.4220230281352997,1.7992869697883727,0.21043600887060165,1.7985673867538572,1.639370533823967,1.3020762662589551,1.7666735145996586,105.16938696237462,105.16938696237462,greedy,1.7666735145996586,0.0,hard_fault_cluster,0.0,True
58,N3855,control0,0.14474283158779144,1.8657724849805364,1.2424620032310485,0.3364030443084593,1.2127521152373486,1.8975045910327148,1.8657724849805364,1.8657724849805364,0.1586605302608925,0.2,3,3,1,0.0,0.24833998753787484,2,2,1,0.0,0.14474283158779144,0.2906177043914795,1.7986023768715,1.3214470088481902,0.0029061770439147948,0.038661688566207886,-0.01119651272892952,-0.4208424687385559,1.284773349761963,-0.08836793154478073,-0.2335440069437027,0.056808143854141235,-0.01119651272892952,0.43298790476343124,0.0015755146741867065,0.05762180685997009,-0.004453346133232117,28285.65234375,11760.6005859375,16525.052734375,28267.62890625,11739.8408203125,16527.7890625,0.0006371936178766191,0.0017651960952207446,-0.0001655866508372128,0.06371936178766191,0.4369726590812206,1.7889434049787816,0.22740676533430815,1.7660062263670262,1.6795179396867752,1.328840794786811,1.8657724849805364,107.03515944735516,107.03515944735516,greedy,1.8657724849805364,0.0,hard_fault_cluster,0.0,True
59,N519,control1,0.24876917898654938,2.3771547596156597,2.9140548944473266,0.46256584510207177,1.5451505937501788,2.2345153879990938,2.3771547596156597,2.3771547596156597,-0.7131968580828293,0.2,3,2,1,0.0,-0.9808767736155769,2,1,1,0.0,0.24876917898654938,0.29688262939453125,2.3969406373798847,2.6632420778274533,0.0029688262939453125,0.019718557596206665,-0.008450932800769806,-1.0008465051651,0.7390622496604919,-0.06455659866333008,-0.2645570635795593,0.13544386625289917,-0.008450932800769806,0.9986621318757534,-0.00021341443061828613,0.0487985759973526,-0.0028938502073287964,28268.31640625,11738.4892578125,16529.828125,28388.408203125,11852.259765625,16536.1484375,-0.00424828240647912,-0.00969209149479866,-0.0003823580336757004,-0.424828240647912,0.26709025353193283,1.4850272318720816,0.05076648108661175,1.4111674831062555,1.9710245989263058,3.024833263419569,2.3771547596156597,109.41231420697082,109.41231420697082,greedy,2.3771547596156597,0.0,hard_fault_cluster,0.0,True
60,N3799,control0,0.21719834208488464,1.9404627166129649,1.2418283104896546,0.3845311390049756,1.2613007657984272,1.9786097522436288,1.9432588127720556,1.9415231245038247,0.19073517815331983,0.2,3,3,1,0.013980480795452999,0.23730479363451695,2,2,1,0.005302039454298552,0.21719834208488464,0.2913057804107666,1.982772674970329,1.4270277142524717,0.002913057804107666,0.024270564317703247,-0.015139399096369743,-0.4404939115047455,1.2416263818740845,-0.09842316806316376,-0.27376121282577515,0.07691487669944763,-0.015139399096369743,0.48535136023885567,0.0012053623795509338,0.05078878998756409,-0.0037960708141326904,28387.40625,11853.4423828125,16533.96484375,28306.44140625,11769.755859375,16536.685546875,0.0028521395288407803,0.007060103118419647,-0.00016455237346235663,0.285213952884078,0.39670261926949024,2.2512800934986448,0.1895778332836926,2.2730901005939814,1.8544130504131318,1.4421201631426812,1.9415231245038247,111.35383733147465,111.35383733147465,greedy,1.9415231245038247,0.0,hard_fault_cluster,0.0,True
61,N3792,control0,0.1950036734342575,2.322408080956302,1.5359716594219206,0.3868862526007433,1.5095652526215964,2.3559261900049226,2.32541418555093,2.323583860674748,0.16759054524310446,0.2,3,3,1,0.01503052297314142,0.2219381529283051,2,2,1,0.005878898592231341,0.1950036734342575,0.287952184677124,2.0410124163383445,1.404083830118179,0.0028795218467712403,0.021010279655456543,-0.01611221581697464,-0.45466506481170654,1.2418934106826782,-0.09868435561656952,-0.26942282915115356,0.07205411791801453,-0.01611221581697464,0.5302984392642974,0.0010298863053321838,0.05182582885026932,-0.004408977925777435,28306.392578125,11769.728515625,16536.6640625,28266.568359375,11735.138671875,16531.4296875,0.0014068983728066087,0.0029388819821178913,0.0003165314847137779,0.14068983728066087,0.37482859939336777,2.3379737746715548,0.17094862274825573,2.373768175840378,2.036575648188591,1.5002679370190162,2.323583860674748,113.6774211921494,113.6774211921494,greedy,2.323583860674748,0.0,hard_fault_cluster,0.000111074086415627,True
62,N3848,control0,0.1826082468032837,2.3025010925795364,1.5253000617027281,0.38292233723456315,1.4966257101766987,2.3361682642054444,2.3025010925795364,2.3025010925795364,0.16833585812954066,0.2,3,3,1,0.0,0.21078229682306546,2,2,1,0.0,0.1826082468032837,0.28638267517089844,2.0009575139632485,1.3637658298015594,0.0028638267517089844,0.01741686463356018,-0.014810184016823769,-0.4711349308490753,1.227630376815796,-0.09962691366672516,-0.2733538746833801,0.07410004734992981,-0.014810184016823769,0.5291015517711639,0.0007425770163536072,0.05225278437137604,-0.004918478429317474,28266.517578125,11735.115234375,16531.40234375,28243.359375,11716.13671875,16527.22265625,0.0008192803943529725,0.0016172415344044566,0.00025283321156166494,0.08192803943529725,0.3458301927894354,2.361437222957611,0.14215082442387938,2.4372064089775085,2.032151126861572,1.4975840779673308,2.3025010925795364,115.97992228472893,115.97992228472893,greedy,2.3025010925795364,0.0,hard_fault_cluster,0.0,True
63,N3827,control0,0.1764550805091858,2.234815753564685,1.4574859321117402,0.3952238100458408,1.4526302398170454,2.268348801445819,2.234815753564685,2.234815753564685,0.1676652394056705,0.2,2,3,0,0.0,0.2077845922730439,1,2,0,0.0,0.1764550805091858,0.28537172079086304,2.014293880503692,1.368242233991623,0.0028537172079086304,0.013859808444976807,-0.013226505368947983,-0.4854576885700226,1.2140675783157349,-0.10007455945014954,-0.2774967551231384,0.07734763622283936,-0.013226505368947983,0.5527783935517072,0.0004645437002182007,0.0524265319108963,-0.005397409200668335,28243.3125,11716.111328125,16527.201171875,28230.73828125,11705.296875,16525.44140625,0.0004452104913070798,0.0009230411960743368,0.00010647693125065416,0.04452104913070798,0.3185995854437351,2.4590802604332564,0.11449067387729883,2.5419002229347827,2.043758288025856,1.475972408056259,2.234815753564685,118.21473803829362,118.21473803829362,greedy,2.234815753564685,0.0,hard_fault_cluster,0.0,True
64,N3820,control0,0.17544589936733246,2.1593904901996916,1.403747135400772,0.3911940215770914,1.4036038186297997,2.191275203992325,2.1593904901996916,2.1593904901996916,0.15942356896316723,0.2,2,3,0,0.0,0.19611951251232007,1,2,0,0.0,0.17544589936733246,0.2845280170440674,1.9707035369453705,1.33884636759758,0.0028452801704406737,0.010469049215316772,-0.011916352435946465,-0.5055306553840637,1.199933409690857,-0.10033653676509857,-0.2817411422729492,0.08106806874275208,-0.011916352435946465,0.535313958339393,0.00019440799951553345,0.052400752902030945,-0.005902417004108429,28230.701171875,11705.279296875,16525.421875,28225.5546875,11700.3486328125,16525.20703125,0.00018230098066851497,0.0004212342028040439,1.3000802937312983e-05,0.018230098066851497,0.29205246455967426,2.522876314315945,0.08759371610358357,2.616993097458035,1.9960745424032211,1.4744883988052606,2.1593904901996916,120.37412852849332,120.37412852849332,greedy,2.1593904901996916,0.0,hard_fault_cluster,0.0,True
65,N3813,control0,0.17761434614658356,2.1240852993447334,1.9309032559394836,0.3969918689224869,1.3806554445740769,2.1517906886326146,2.1240852993447334,2.1240852993447334,0.1385269464394053,0.2,3,3,1,0.0,0.17191880273273755,2,2,1,0.0,0.17761434614658356,0.28371310234069824,2.0242659500800073,1.676231789588928,0.0028371310234069826,0.007034868001937866,-0.011000549420714378,-0.5333591103553772,1.1848430633544922,-0.10012811422348022,-0.2851487398147583,0.08489251136779785,-0.011000549420714378,0.5318896690383553,-3.552436828613281e-05,0.052153438329696655,-0.006406970322132111,28225.525390625,11700.33984375,16525.185546875,28222.40234375,11697.8310546875,16524.572265625,0.00011064619320677593,0.0002144201862392947,3.71119131159503e-05,0.011064619320677593,0.2691601160913706,2.6405983723513784,0.06462570140138268,2.6617262400500477,1.996615570783615,1.7898133813217283,2.1240852993447334,122.49821382783804,122.49821382783804,greedy,2.1240852993447334,0.0,hard_fault_cluster,0.0012500000000000137,True
66,N3805,control0,0.17978350818157196,2.2997532266378404,1.4984154224395752,0.3899645036458969,1.4948395973145963,2.32290094508041,2.2997532266378404,2.3237732646225626,0.11573859221284813,0.2,2,3,0,0.0,0.14932817629573433,2,2,1,0.12010018992361043,0.17978350818157196,0.28296929597854614,2.0989232480525972,1.4467564642429351,0.0028296929597854616,0.003386944532394409,-0.010434312745928764,-0.5772873759269714,1.1681621074676514,-0.10101956129074097,-0.278619647026062,0.07658052444458008,-0.010434312745928764,0.5647619445063172,-0.00017424672842025757,0.05194028466939926,-0.006847046315670013,28222.37109375,11697.8193359375,16524.552734375,28216.244140625,11694.087890625,16522.15625,0.00021709561406169087,0.0003189863928128034,0.00014502566773444414,0.021709561406169087,0.2551103103905916,2.8497002189885823,0.05070907296612859,2.994474059892818,2.1651888608932492,1.6039758001267908,2.3237732646225626,124.8219870924606,124.8219870924606,greedy,2.3237732646225626,0.0,hard_fault_cluster,0.00011111111111109888,True
67,N3889,control0,0.19182218611240387,2.318661701381206,1.5548223316669463,0.36506774514913554,1.507130105897784,2.339090065807749,2.318661701381206,2.338891755598828,0.10214182213271467,0.2,2,3,0,0.0,0.14559465360050466,2,2,1,0.10115027108810819,0.19182218611240387,0.2827272415161133,2.089213517308235,1.4792413353919982,0.002827272415161133,-0.0009144842624664307,-0.009929465129971504,-0.5995327830314636,1.1414430141448975,-0.10079188644886017,-0.2859949469566345,0.08441117405891418,-0.009929465129971504,0.5307272688671946,-9.822845458984375e-05,0.05177147686481476,-0.007100887596607208,28216.216796875,11694.08984375,16522.126953125,28200.84375,11687.7470703125,16513.095703125,0.0005448301672004163,0.0005423913826234639,0.0005466154543682933,0.05448301672004163,0.2629749309271574,2.5143445346690716,0.05837659863755107,2.362602314744145,2.0965862959623336,1.5634221279621123,2.338891755598828,127.16087884805943,127.16087884805943,greedy,2.338891755598828,0.0,hard_fault_cluster,0.0,True
68,N3882,control0,0.2127143293619156,2.5231426911056043,1.6814149081707,0.3922712038457394,1.640042749218643,2.5477416831250284,2.5231426911056043,2.5408956754768814,0.12299496009712105,0.2,2,3,0,0.0,0.1785239684736609,2,2,1,0.08876492185638653,0.2127143293619156,0.283105731010437,2.234798412024975,1.5628397583961486,0.0028310573101043702,-0.005634933710098267,-0.009194532409310341,-0.6173596382141113,1.1211342811584473,-0.10024645924568176,-0.28982919454574585,0.08933627605438232,-0.009194532409310341,0.5632472276687622,0.00017175078392028809,0.05158926546573639,-0.007050074636936188,28200.85546875,11687.7626953125,16513.091796875,28179.919921875,11680.275390625,16499.64453125,0.0007423727656714618,0.0006406105821952224,0.0008143396698869765,0.07423727656714618,0.2910862769931555,2.753737131655216,0.08565287804231048,2.663032762110233,2.2472077786922453,1.663125606700778,2.5408956754768814,129.7017745235363,129.7017745235363,greedy,2.5408956754768814,0.0,hard_fault_cluster,0.0005435964340073813,True
69,N4606,control0,0.2319631725549698,2.308639366328716,1.5135224103927611,0.39620101779699324,1.5006155881136656,2.32337404154105,2.308639366328716,2.308639366328716,0.07367337606166861,0.2,3,3,1,0.0,0.12075850629923467,2,2,1,0.0,0.2319631725549698,0.28275901079177856,2.2783297181129454,1.6566731631755829,0.0028275901079177854,-0.009557276964187622,-0.008532093837857246,-0.6749314069747925,1.0878480672836304,-0.09019862115383148,-0.2771117687225342,0.09671452641487122,-0.008532093837857246,0.33820240855216965,0.00027392059564590454,0.050680771470069885,-0.00678127259016037,28179.91015625,11680.31640625,16499.59375,28148.79296875,11664.9921875,16483.80078125,0.0011042329715564847,0.0013119694776833057,0.0009571731789037585,0.11042329715564847,0.30161897651851177,2.3179688391089437,0.09594878880307078,2.2703538355231285,2.1929543197154997,1.6543585797399283,2.308639366328716,132.01041388986502,132.01041388986502,greedy,2.308639366328716,0.0,hard_fault_cluster,0.00011098779134298932,True
70,N7506,observe,0.3666031062602997,2.4231436669826505,1.8567386388778684,0.39825890660285945,1.575043383538723,2.528180943344648,2.4231436669826505,2.4231436669826505,0.525186381809988,0.2,3,2,1,0.0,0.30964726266965875,2,1,1,0.0,0.3666031062602997,0.28155940771102905,2.3904332280158993,2.347050356864929,0.0028155940771102906,0.0008376836776733398,-0.009042663499712944,-0.5859342813491821,1.3272453546524048,0.24834373593330383,0.10116115212440491,0.39552631974220276,-0.009042663499712944,0.3774204498529433,0.004122018814086914,0.06047271937131882,-0.0055939629673957825,28148.333984375,11664.517578125,16483.81640625,28269.19921875,11740.7568359375,16528.44140625,-0.004293868318200111,-0.006535997614264488,-0.002707200823351741,-0.42938683182001114,0.6847186256200075,2.520075165331364,0.48033106746152043,2.5966573825478556,2.27331899702549,2.40968139603734,2.4231436669826505,134.43355755684766,134.43355755684766,greedy,2.4231436669826505,0.0,hard_fault_cluster,0.0,True
71,N3841,control0,0.2872649133205414,2.4395670418441298,1.5702725708484648,0.43443416818976405,1.5857185771986844,2.4723756062682383,2.4395670418441298,2.4395670418441298,0.1640428221205429,0.2,3,3,1,0.0,0.24246372947218775,2,2,1,0.0,0.2872649133205414,0.2735291123390198,2.705132268369198,2.075177705287933,0.0027352911233901977,-0.015617698431015015,-0.0102231465280056,-0.5827603340148926,1.0829923152923584,-0.08278115093708038,-0.2726484537124634,0.10708615183830261,-0.0102231465280056,0.11990127980709075,0.0034385323524475098,0.05015542358160019,-0.005255222320556641,28269.86328125,11741.3291015625,16528.533203125,28223.140625,11716.2900390625,16506.8515625,0.00165273726452142,0.002132557798177004,0.0013117704074829817,0.165273726452142,0.6071592010557652,1.7415450125932692,0.4096797266975045,1.6811035782098769,2.3507641315460206,1.7440590701438488,2.4395670418441298,136.8731245986918,136.8731245986918,greedy,2.4395670418441298,0.0,hard_fault_cluster,0.00021857923497265353,True
72,N3904,control0,0.2979654371738434,2.1226995463669303,1.3177546620368958,0.4394662572443485,1.3797547051385046,2.1544927149525854,2.1226995463669303,2.142030196203417,0.15896584292827626,0.2,2,3,0,0.0,0.21997056261586856,2,2,1,0.09665324918243508,0.2979654371738434,0.2721964120864868,2.6930137589573864,2.126836252212524,0.0027219641208648684,-0.01862141489982605,-0.009459039196372032,-0.5948882102966309,1.0846872329711914,-0.08773621916770935,-0.2770100235939026,0.10153758525848389,-0.009459039196372032,0.07133599221706388,0.00239717960357666,0.04627855122089386,-0.004745021462440491,28223.24609375,11716.353515625,16506.892578125,28149.51953125,11674.765625,16474.75390625,0.002612263662740588,0.003549559274688363,0.0019469850230962038,0.2612263662740588,0.5024553332477808,1.3976945412158965,0.3054023035801947,1.3159286868572235,2.1510894387960433,1.60396987169981,2.142030196203417,139.0151547948952,139.0151547948952,greedy,2.142030196203417,0.0,hard_fault_cluster,0.0021449537141566585,True
73,N4585,control0,0.3139810562133789,1.8223787054419518,1.2990646004676818,0.26237396448850636,1.1845461585372687,1.8368873540211619,1.8227163837289737,1.8236108364259616,0.07254324289605041,0.2,3,3,1,0.00168839143510989,0.11542391580036569,2,2,1,0.0061606549200492605,0.3139810562133789,0.2704160809516907,1.6665462493896483,1.2736211955547332,0.002704160809516907,-0.017640680074691772,-0.008821506053209305,-0.6539962291717529,1.0426790714263916,-0.07957901805639267,-0.24368076026439667,0.08452272415161133,-0.008821506053209305,-0.08877856791019445,0.0017649680376052856,0.04446793347597122,-0.004316307604312897,28149.626953125,11674.87109375,16474.755859375,28064.9453125,11632.5478515625,16432.3984375,0.0030082687735557556,0.003625157056376338,0.002571050077676773,0.30082687735557556,0.43809137865900993,1.3141463458538056,0.2418954474851489,1.2783311307430267,1.6973301261663436,1.318303102571517,1.8236108364259616,140.83876563132117,140.83876563132117,greedy,1.8236108364259616,0.0,hard_fault_cluster,0.00011719207781555277,True
74,N3896,control0,0.3174927532672882,1.6026654072850943,1.104034811258316,0.281973952576518,1.0417325147353114,1.6214237758832728,1.6026654072850943,1.6135435503930398,0.09379184299089234,0.2,2,3,0,0.0,0.14271895035505888,2,2,1,0.05439071553972717,0.3174927532672882,0.2691904902458191,1.6628621093928815,1.303013741970062,0.002691904902458191,-0.021499156951904297,-0.008088739588856697,-0.6281856298446655,1.0581483840942383,-0.09747174382209778,-0.28700870275497437,0.09206521511077881,-0.008088739588856697,0.12354368776082986,0.0008167251944541931,0.041802868247032166,-0.004215992987155914,28065.03515625,11632.5830078125,16432.453125,27970.5078125,11588.052734375,16382.455078125,0.0033681534696370363,0.0038280640728771687,0.003042640397325158,0.33681534696370363,0.3427742701023817,0.9685868674516678,0.1469479571096599,0.9168230766057968,1.522541533410549,1.1801243198598967,1.6135435503930398,142.4523091817142,142.4523091817142,greedy,1.6135435503930398,0.0,hard_fault_cluster,0.0013205282112845284,True
75,N4578,control0,0.3166281282901764,1.6640682129561901,1.1507005870342253,0.28302801594138144,1.0816443384215235,1.6856733785369913,1.6742018831562704,1.6741386330849903,0.10802582790400565,0.2,3,3,1,0.05066835100040092,0.13694609766205487,2,2,1,0.050352100644001516,0.3166281282901764,0.267658531665802,1.7055066421627998,1.2195971399545669,0.00267658531665802,-0.02528199553489685,-0.008377769961953163,-0.6612430810928345,1.0032097101211548,-0.08234657347202301,-0.2537739872932434,0.08908084034919739,-0.008377769961953163,0.15286649942398067,-0.00022808462381362915,0.03899722546339035,-0.0043977126479148865,27970.68359375,11588.171875,16382.51171875,27872.56640625,11540.568359375,16331.998046875,0.0035078581422567368,0.004107940010726452,0.003083389950916171,0.3507858142256737,0.23647229932248592,0.7765618799626827,0.042011728044599295,0.7580115436017513,1.5691110342741013,1.1902317390218378,1.6741386330849903,144.1264478147992,144.1264478147992,greedy,1.6741386330849903,0.0,hard_fault_cluster,0.0,True
76,N2350,control0,0.2781064808368683,1.710730880498886,1.0018239140510559,0.4377067387104034,1.111975072324276,1.6892867027139702,1.710730880498886,1.710730880498886,-0.10722088892457936,0.2,3,3,1,0.0,-0.0964332732630162,2,2,1,0.0,0.2781064808368683,0.2652928829193115,2.0357423797249794,1.4654986441135407,0.0026529288291931154,-0.019857555627822876,-0.0026220791041851044,-0.8198468685150146,0.9386329650878906,-0.17717523872852325,-0.34013861417770386,-0.014211863279342651,-0.0026220791041851044,0.9855537620186805,-0.002955615520477295,0.04434239864349365,-0.007502168416976929,27874.05078125,11537.3671875,16336.68359375,27663.8359375,11435.619140625,16228.2158203125,0.007541596423834562,0.00881900079548359,0.006639522034674883,0.7541596423834562,-0.03289074823260307,0.5531511144340038,-0.2298938510939479,0.5500616864860057,1.5831138491630554,1.2745415830612181,1.710730880498886,145.8371786952981,145.8371786952981,greedy,1.710730880498886,0.0,hard_fault_cluster,0.0030772872529293434,False
77,N4520,control0,0.28359758853912354,1.8056431347876787,1.2259427070617674,0.35583823181688784,1.1736680376119912,1.8230105903236788,1.8056431347876787,1.8056431347876787,0.08683727768000082,0.2,3,3,1,0.0,0.16299486199879465,2,2,1,0.0,0.28359758853912354,0.2633875012397766,1.939256774634123,1.5178182065486907,0.002633875012397766,-0.02519160509109497,-0.004040934145450592,-0.7003812193870544,0.9861971139907837,-0.08064140379428864,-0.2627764344215393,0.10149362683296204,-0.004040934145450592,0.46631431668996803,-0.0029898658394813538,0.03916771709918976,-0.006587117910385132,27662.21875,11438.65234375,16223.56640625,27663.11328125,11436.7880859375,16226.326171875,-3.233765528420918e-05,0.00016297880210913718,-0.00017010844021569937,-0.0032337655284209177,-0.03964001685380936,1.0808282447233797,-0.23414994217455387,1.090703661479056,1.7114991128444672,1.4184178116917612,1.8056431347876787,147.64282183008578,147.64282183008578,greedy,1.8056431347876787,0.0,hard_fault_cluster,0.0054804104477611856,False
78,N899,observe,0.2492038458585739,1.7984011587500572,1.071055781841278,0.5087240329384803,1.1689607531875372,1.9314772369941808,1.9314772369941808,1.9368687389612733,0.6653803912206179,0.2,3,2,1,0.6653803912206179,0.8024954693927234,2,1,1,0.6923379010560801,0.2492038458585739,0.2647889256477356,2.8456949546933172,2.8013265848159787,0.002647889256477356,-0.013736426830291748,-0.004591492936015129,-0.1980065405368805,1.1012823581695557,0.28317274898290634,0.20736195147037506,0.3589835464954376,-0.004591492936015129,0.4981872517988085,-0.0015334784984588623,0.04659280180931091,-0.007191270589828491,27662.45703125,11436.138671875,16226.3193359375,27806.537109375,11520.3125,16286.224609375,-0.005208506248891354,-0.007360336370766163,-0.0036918583791702986,-0.5208506248891354,0.10684958286583424,1.1965062696672975,-0.08829849166795611,1.2150890428759156,1.8967666968703267,1.8681768960505722,1.9368687389612733,149.57969056904705,149.57969056904705,greedy,1.9368687389612733,0.0,hard_fault_cluster,0.0017273146015660875,True
79,N4564,control0,0.272434264421463,1.644395986944437,1.3106860041618347,0.24480032399296758,1.068857391513884,1.714719006361957,1.644395986944437,1.8404728016733989,0.3516150970876012,0.2,2,3,0,0.0,0.6028853496223738,2,2,1,0.9803840736448104,0.272434264421463,0.24632064998149872,1.0306954906880854,0.6744187951087951,0.002463206499814987,-0.03701290488243103,0.0014106985181570053,-0.6145730018615723,0.968745231628418,-0.05782092362642288,-0.21617887914180756,0.10053703188896179,0.0014106985181570053,1.010859898328781,-0.002359427511692047,0.03247033804655075,-0.006745949387550354,27807.275390625,11521.0556640625,16286.2197265625,27733.0625,11472.9697265625,16260.091796875,0.0026688301004469395,0.00417374400421977,0.0016042967326939106,0.26688301004469395,0.011788597330451012,1.1525798551738262,-0.17400991404429078,1.139749240130186,1.323670932650566,1.3894131160527468,1.8404728016733989,151.42016337072045,151.42016337072045,greedy,1.8404728016733989,0.0,hard_fault_cluster,0.0010404624277456785,True
80,N2042,observe,0.17434115707874298,1.2286373321712016,1.0185170471668243,0.17089897260069847,0.798614265911281,1.4127555417980777,1.5837942451384857,1.5255082459487874,0.92059104813438,0.2,3,2,1,1.7757845648364197,0.6201319522079727,2,1,1,1.4843545688879285,0.17434115707874298,0.26039373874664307,1.218758039176464,1.6102803349494934,0.0026039373874664306,-0.006949067115783691,-0.012614374980330467,-0.209446519613266,1.2151316404342651,0.19158682599663734,0.03423923999071121,0.3489344120025635,-0.012614374980330467,-0.17777199327945714,8.103996515274048e-05,0.05177658796310425,-0.008490689098834991,27732.81640625,11472.70703125,16260.109375,27944.5703125,11551.19921875,16393.37109375,-0.0076354993507266045,-0.006841645110398531,-0.008195622824132442,-0.7635499350726604,0.25588336028158665,2.1621868550777434,0.0700488374568522,2.00543469786644,1.2462674587965012,1.3788200263679027,1.5255082459487874,152.94567161666924,152.94567161666924,greedy,1.5255082459487874,0.0,hard_fault_cluster,0.03871937124364308,False
81,N4557,control0,0.20585669577121735,1.7143053717911243,1.4154729247093198,0.26599404588341713,1.114298491664231,1.7600394961847177,1.7143053717911243,1.8658410128234297,0.22867062196796664,0.2,2,3,0,0.0,0.34332195913678143,2,2,1,0.7576782051615273,0.20585669577121735,0.2529771327972412,1.6774417489767075,1.543336999416351,0.002529771327972412,-0.03269922733306885,-0.01131175272166729,-0.6975709795951843,0.9512675404548645,-0.059074752032756805,-0.2145565003156662,0.09640699625015259,-0.01131175272166729,0.11819177716970436,-0.0002281293272972107,0.04023587703704834,-0.0064782798290252686,27944.958984375,11551.5546875,16393.404296875,27891.21484375,11525.4453125,16365.76953125,0.001923214178532362,0.0022602477110922337,0.0016857245936989784,0.1923214178532362,0.21885244734585285,1.0330234681069852,0.03760341228917241,1.038908890336752,1.6808384999632835,1.5509926949441433,1.8658410128234297,154.81151262949268,154.81151262949268,greedy,1.8658410128234297,0.0,hard_fault_cluster,0.04345320424158598,False
82,N1539,control0,0.19854587316513062,1.715463440604508,1.5642246127128598,0.2808937743678689,1.1150512363929301,1.7395198303103934,1.715463440604508,1.8720629838235854,0.1202819485294273,0.2,2,3,0,0.0,0.20995418511998776,2,2,1,0.7829977160953869,0.19854587316513062,0.255041241645813,1.517545348033309,2.5690208673477173,0.00255041241645813,-0.017007440328598022,-0.008122017607092857,-0.5908463001251221,0.8324774503707886,-0.08128386735916138,-0.20363782346248627,0.04107008874416351,-0.008122017607092857,0.22648193478584283,0.0028634071350097656,0.0556265264749527,-0.0073002055287361145,27890.32421875,11523.642578125,16366.6826171875,27875.845703125,11488.564453125,16387.28125,0.0005191232194192708,0.0030440136324614286,-0.0012585710501298308,0.051912321941927075,0.5332599375396967,1.9034005230665205,0.3480705195106566,1.9108757323026657,1.5944865107536317,2.1275263043493036,1.8720629838235854,156.68357561331626,156.68357561331626,greedy,1.8720629838235854,0.0,hard_fault_cluster,0.0027643400138217026,True
83,N504,control1,0.2917226254940033,2.980023716241121,3.0220053672790526,0.19853408232331274,1.9370154155567287,2.8696938645408157,2.980023716241121,2.980023716241121,-0.5516492585015274,0.2,3,2,1,0.0,-0.41759190908974303,2,1,1,0.0,0.2917226254940033,0.23535756766796112,0.7070645847916602,0.15892751365900037,0.0023535756766796113,-0.035223305225372314,0.011490846052765846,-1.0003379583358765,0.48738956451416016,-0.03545986860990524,-0.18206319212913513,0.11114345490932465,0.011490846052765846,1.5933738188445568,0.0002673044800758362,0.0324113592505455,-0.005448468029499054,27878.310546875,11488.697265625,16389.61328125,28019.0390625,11620.1435546875,16398.896484375,-0.005047956947237253,-0.011441357433795929,-0.0005664076888933778,-0.5047956947237253,0.2735788617283106,1.1062031397223473,0.08844255143776536,1.0946428188681603,1.357080414891243,1.3366736057773232,2.980023716241121,159.6635993295574,159.6635993295574,greedy,2.980023716241121,0.0,hard_fault_cluster,0.0002176515398846207,True
84,N7725,control0,0.2448272407054901,1.4299987307563424,1.7192138552665708,0.2014288495853543,0.9294991749916226,1.4316430359856098,1.4299987307563424,1.4299987307563424,0.008221526146336991,0.2,3,3,1,0.0,0.17638206657582772,2,2,1,0.0,0.2448272407054901,0.22396080195903778,0.9580377704277634,2.249555867910385,0.0022396080195903776,-0.02891099452972412,0.020464831963181496,-0.5205228328704834,0.7296571135520935,-0.045045316219329834,-0.1100410670042038,0.01995043456554413,0.020464831963181496,0.5018856087327004,0.00232136994600296,0.03730490803718567,-0.006820298731327057,28016.279296875,11620.751953125,16395.52734375,27995.251953125,11550.4765625,16444.775390625,0.000750540173612535,0.006047404836863279,-0.003003748832270503,0.0750540173612535,0.4765626285225153,1.2424101614952088,0.29324340308085084,1.2336483502388,1.1291788548231125,2.073824034035206,1.4299987307563424,161.09359806031375,161.09359806031375,greedy,1.4299987307563424,0.0,hard_fault_cluster,0.00011564704521798195,True
85,N2083,observe,0.1030966117978096,2.042174665741622,1.5564914941787718,0.2790501829609275,1.3274135327320544,2.242174665741622,2.277370737960531,2.2563479286843506,1.0,0.2,3,2,1,1.175980361094545,1.0,2,1,1,1.0708663147136444,0.1030966117978096,0.2555973529815674,1.8202764442190527,1.7616490364074706,0.002555973529815674,-0.004811376333236694,-0.009525911882519722,-0.09017972648143768,1.258359670639038,0.17022547125816345,0.03767964243888855,0.30277130007743835,-0.009525911882519722,0.12646249417215577,0.004036307334899902,0.059793226420879364,-0.0071459487080574036,27996.337890625,11551.638671875,16444.69921875,28107.814453125,11606.404296875,16501.41015625,-0.003981826361268759,-0.004740939941257238,-0.003448584582656622,-0.3981826361268759,0.6497021745890379,1.5594587639719246,0.46514859376475215,1.518756993189454,1.731918647326529,1.776899647982791,2.2563479286843506,163.34994598899812,163.34994598899812,greedy,2.2563479286843506,0.0,hard_fault_cluster,0.0053424511165723115,False
86,N704,observe,0.2896360456943512,2.9655421237647532,2.7059266090393064,0.3905173419415951,1.9276023804470896,3.1655421237647534,3.1869504242294138,3.1560612304178233,1.0,0.2,3,2,1,1.1070415023233033,1.0,2,1,1,0.9525955332653503,0.2896360456943512,0.2553516626358032,2.731099537760019,2.31412034034729,0.0025535166263580323,-0.00636938214302063,-0.008696941658854485,-0.3336336016654968,1.3912060260772705,0.2227010354399681,0.04286448657512665,0.40253758430480957,-0.008696941658854485,-0.25829214647412313,0.008986610919237137,0.0724654495716095,-0.006505712866783142,28106.923828125,11605.078125,16501.845703125,28148.5625,11663.64453125,16484.91796875,-0.0014814382884651423,-0.005046619102358818,0.00102580850943923,-0.14814382884651423,1.1453158129006624,2.493533488214016,0.9603247721679509,2.4691790303587915,2.6838822238147255,2.656879675351083,3.1560612304178233,166.50600721941595,166.50600721941595,greedy,3.1560612304178233,0.0,hard_fault_cluster,0.0021286660359508057,True
87,N516,control1,0.3545730710029602,3.9163629841059446,2.9329245328903197,0.8124465640634297,2.545635939668864,3.907377032323078,3.9163629841059446,3.9163629841059446,-0.044929758914333234,0.2,3,2,1,0.0,0.11581767226140739,2,1,1,0.0,0.3545730710029602,0.25786763429641724,4.952162114530802,5.440078306198119,0.0025786763429641725,-0.017961859703063965,-0.0044457074254751205,-0.8977323174476624,0.6728174090385437,-0.02175074815750122,-0.2516832947731018,0.20818179845809937,-0.0044457074254751205,0.5317127943038938,0.007273048162460327,0.06144733726978302,-0.005030781030654907,28152.859375,11664.5234375,16488.3359375,28281.44140625,11767.8310546875,16513.609375,-0.0045672813430428505,-0.008856565691530704,-0.0015328070148825645,-0.45672813430428505,0.9807267431169748,1.779877980351448,0.7906602979637682,1.737105329632759,3.5740993976593014,3.4976576864719386,3.9163629841059446,170.4223702035219,170.4223702035219,greedy,3.9163629841059446,0.0,hard_fault_cluster,0.002635499026011219,True
88,N513,control1,0.3376980125904083,1.9703085703775285,2.1342607140541077,0.22240375336259602,1.2807005707453936,1.9127433477211762,1.9703085703775285,1.9703085703775285,-0.2878261132817616,0.2,3,2,1,0.0,-0.19248912257848683,2,1,1,0.0,0.3376980125904083,0.24907581508159637,1.4939357716590167,1.1782445728778839,0.002490758150815964,-0.0006526410579681396,-0.0014799591153860092,-0.90997713804245,0.5794991850852966,-0.012329109013080597,-0.24613304436206818,0.22147482633590698,-0.0014799591153860092,0.1863825359940528,0.00369890034198761,0.04503306746482849,-0.003552675247192383,28281.583984375,11767.23046875,16514.353515625,28331.26171875,11801.7998046875,16529.4609375,-0.0017565400339663029,-0.0029377632308751345,-0.0009148055105470121,-0.1756540033966303,0.6174858901649714,1.0008441691845655,0.4317889981903136,0.9864183550328016,1.5131830617785453,1.5257575043756515,1.9703085703775285,172.39267877389943,172.39267877389943,greedy,1.9703085703775285,0.0,hard_fault_cluster,0.0023334500058336013,True
89,N7723,control0,0.2553297281265259,1.5025207269191743,2.130256748199463,0.1739115989208221,0.9766384724974633,1.5025207269191743,1.5025207269191743,1.5814667744693451,0.0,0.2,2,3,0,0.0,0.04052026749839652,2,2,1,0.39473023775085436,0.2553297281265259,0.22507520020008087,1.069325891137123,1.827444851398468,0.0022507520020008088,-0.0009163320064544678,0.017402252182364464,-0.5383269190788269,0.7204532027244568,-0.04767448455095291,-0.11841043829917908,0.023061469197273254,0.017402252182364464,0.3034306651353836,0.0042574480175971985,0.042084358632564545,-0.005157582461833954,28323.78515625,11800.484375,16523.30078125,28232.27734375,11681.09765625,16551.1796875,0.0032307761721313,0.010117103345692158,-0.0016872480046004057,0.32307761721313,0.6682222541421652,0.9865679311752319,0.4863641648553312,0.9149414664506912,1.1720624983310701,1.9294213780015708,1.5814667744693451,173.97414554836877,173.97414554836877,greedy,1.5814667744693451,0.0,hard_fault_cluster,0.0025371929419905456,True
90,N7722,control0,0.20140649378299713,1.7429843362048267,2.82207099199295,0.16469948861747977,1.1329398185331374,1.6986749097866634,1.7429843362048267,1.7429843362048267,-0.22154713209081703,0.2,3,3,1,0.0,-0.07386983102130097,2,2,1,0.0,0.20140649378299713,0.21242059767246246,0.2030971166491508,0.9853748336434364,0.0021242059767246245,-0.02110782265663147,0.03488922119140625,-0.7947033047676086,0.6255620718002319,0.040421366691589355,0.10178731381893158,-0.02094458043575287,0.03488922119140625,1.284204424060881,0.0032081827521324158,0.045202404260635376,-0.008249059319496155,28232.376953125,11681.138671875,16551.23828125,28100.357421875,11595.75,16504.607421875,0.004676174838095903,0.007309961132705212,0.0028173637110739946,0.46761748380959034,0.5681280940771103,1.0596051812171936,0.38264572992920876,1.0596051812171936,0.9625329501926898,2.2521899579837914,1.7429843362048267,175.71712988457358,175.71712988457358,greedy,1.7429843362048267,0.0,hard_fault_cluster,0.0032358848471323517,False
91,N7471,control0,0.0887754037976265,1.4336334784142672,2.591008424758911,0.26512350236997007,0.9318617609692738,1.4588583813540366,1.4336334784142672,1.493217741512624,0.12612451469884678,0.2,2,3,0,0.0,0.254533545996434,2,2,1,0.29792131549178325,0.0887754037976265,0.2384123057126999,1.3623217219486832,2.6020795226097104,0.002384123057126999,-0.013407260179519653,0.013688558712601662,-0.7988579273223877,0.8654671907424927,-0.002762444317340851,-0.06361119449138641,0.05808630585670471,0.013688558712601662,0.259136027097702,0.005343087017536163,0.07426349818706512,-0.009867310523986816,28097.439453125,11592.81640625,16504.623046875,28109.4140625,11583.2109375,16526.203125,-0.00042618150473572314,0.0008285707444883883,-0.0013075171737000346,-0.042618150473572314,0.7864095661789179,2.2946663708984856,0.5973339178599417,2.246528014689684,1.3733153805136682,2.5826596530526875,1.493217741512624,177.21034762608622,177.21034762608622,greedy,1.493217741512624,0.0,hard_fault_cluster,0.007475365273530417,False
92,N7724,control0,0.013467793352901936,1.8703415873646738,2.7088539123535154,0.4466096273064614,1.215722031787038,1.8755524847393497,1.8703415873646738,1.9376991026976478,0.02605448687337963,0.2,2,3,0,0.0,0.2357439008669208,2,2,1,0.3367875766648694,0.013467793352901936,0.2380106896162033,2.5120266184210776,3.5893563747406003,0.002380106896162033,-0.01185154914855957,0.018007593229413033,-0.6988767385482788,0.7653143405914307,-0.07690881937742233,-0.15175104141235352,-0.00206659734249115,0.018007593229413033,0.3048422792553901,0.005653712898492813,0.08036389946937561,-0.010538190603256226,28112.267578125,11586.1640625,16526.103515625,28138.828125,11583.3857421875,16555.44140625,-0.0009448027121834457,0.00023979638353921473,-0.001775245531462133,-0.09448027121834457,0.8213895726948977,1.661139184832573,0.6293758605606854,1.6521738475561143,1.8545765236020089,2.584264678582549,1.9376991026976478,179.14804672878387,179.14804672878387,greedy,1.9376991026976478,0.0,hard_fault_cluster,0.042460228545821196,False
93,N7370,control1,0.0464363731443882,2.052679073214531,2.007730782032013,-0.026331132650375344,1.3342413975894452,2.163241856689982,2.2361460890821716,2.2391871421026925,0.5528139173772559,0.2,2,2,1,0.917335079338203,0.8348435611275731,2,1,1,0.9325403444408094,0.0464363731443882,0.2246108502149582,0.4944299115613103,0.3100909978151321,0.002246108502149582,0.07782304286956787,0.021653050556778908,-0.49536749720573425,1.0125259160995483,-0.08259441703557968,-0.2321883887052536,0.06699955463409424,0.021653050556778908,-0.1459441734105349,0.00043229758739471436,0.04543478041887283,-0.0024466663599014282,28139.490234375,11584.025390625,16555.46484375,28256.71875,11657.2421875,16599.4765625,-0.004165978636592627,-0.006320497021079063,-0.002658440498635173,-0.41659786365926266,0.28949365951120853,0.06239591982215645,0.10479573393240571,0.0461587503179908,1.0172384161502124,0.8462127471156419,2.2391871421026925,181.38723387088655,181.38723387088655,greedy,2.2391871421026925,0.0,hard_fault_cluster,0.06262469518953669,False
94,N2106,observe,0.1840289980173111,2.3361522880196572,2.0897451519966124,0.2132094839215279,1.5184989872127772,2.449591142426803,2.3361522880196572,2.3361522880196572,0.567194272035729,0.2,3,2,1,0.0,0.3106538546566436,2,1,1,0.0,0.1840289980173111,0.24592863023281097,2.284133677184582,2.052864730358124,0.00245928630232811,-0.01491016149520874,0.01386338658630848,-0.3399544358253479,1.330257773399353,0.2663054019212723,0.11633753776550293,0.4162732660770416,0.01386338658630848,-1.5905884584784509,0.010073378682136536,0.08650811016559601,-0.006968051195144653,28256.443359375,11656.751953125,16599.69140625,28331.947265625,11724.193359375,16607.75390625,-0.0026720950845628977,-0.005785608664155006,-0.00048570180661045015,-0.26720950845628977,1.267129885032773,2.4501939660310748,1.0722858724184334,2.6672835952043537,2.4366812661290167,2.340363285914063,2.3361522880196572,183.7233861589062,183.7233861589062,greedy,2.3361522880196572,0.0,hard_fault_cluster,0.00013559322033898318,True
95,N556,control1,0.23169882595539093,3.086424823999405,3.1362457275390625,0.34443350911140436,2.0061761355996133,3.0833743084864933,3.086424823999405,3.086424823999405,-0.0152525775645601,0.2,3,2,1,0.0,0.024229940508459814,2,1,1,0.0,0.23169882595539093,0.23732413351535797,2.67620755136013,2.2360769629478456,0.0023732413351535797,0.04616206884384155,0.015536146238446236,-0.7731849551200867,0.7210503816604614,-0.048822835087776184,-0.3015727400779724,0.20392706990242004,0.015536146238446236,-0.11526996195316319,0.005939006805419922,0.05272260308265686,-0.0011385977268218994,28334.65625,11724.61328125,16610.04296875,28433.783203125,11828.23828125,16605.544921875,-0.0034984350204467773,-0.008838244713842869,0.00027080284780822694,-0.34984350204467773,0.8467609602957964,0.5354386618733407,0.6571157504804432,0.5151720693707467,2.5003156930208204,2.302417915314436,3.086424823999405,186.80981098290562,186.80981098290562,greedy,3.086424823999405,0.0,hard_fault_cluster,0.0014299332697807448,True
96,N520,control1,0.19134488701820374,1.375208439962007,3.01684877872467,-0.17210128945298495,0.8938854859753046,1.4295458027436878,1.4005240360462183,1.3964975248835105,0.2716868139084042,0.2,2,2,1,0.12657798042105628,0.5318349655403267,2,1,1,0.10644542460751794,0.19134488701820374,0.14486052095890045,-0.47747908778022974,-0.488034638762474,0.0014486052095890045,0.274019330739975,0.02612830139696598,-0.1900266706943512,1.184958815574646,-0.0718085914850235,-0.2915109395980835,0.1478937566280365,0.02612830139696598,0.09640062466263769,-0.003476358950138092,-0.032369814813137054,0.01765909045934677,28432.12890625,11827.1005859375,16605.02734375,28487.46875,11875.25390625,16612.21484375,-0.0019463840872049332,-0.004071439150720835,-0.00043285085121169686,-0.19463840872049332,-0.17664707265794277,-0.3630356454104185,-0.3048886894248426,-0.33944692842662333,0.39062840044498454,1.071387998200953,1.3964975248835105,188.20630850778912,188.20630850778912,greedy,1.3964975248835105,0.0,hard_fault_cluster,0.0,True
97,N7532,observe,0.11131786555051804,1.801381132900715,0.8864403247833252,0.7793922063708305,1.1708977363854647,1.929534867038524,1.812742714732427,1.8140963130384353,0.6407686706890449,0.2,3,2,1,0.056807909158560266,0.6106409145940465,2,1,1,0.06357590068860175,0.11131786555051804,0.1861112266778946,4.161815592646598,4.989513921737671,0.001861112266778946,0.15524688363075256,0.02627192996442318,0.11583775281906128,1.2448630332946777,0.24863649904727936,0.12098026275634766,0.37629273533821106,0.02627192996442318,0.6716774267452273,-0.0019496381282806396,0.0021207332611083984,0.008612267673015594,28485.71484375,11876.12109375,16609.59375,28457.37109375,11849.6484375,16607.72265625,0.0009950163075700402,0.002229065867140889,0.00011265138891758397,0.09950163075700402,0.017419343814253807,1.5775123094508672,-0.14186802366748452,1.8262539361903691,2.4003944635391234,2.5400339501351117,1.8140963130384353,190.02040482082757,190.02040482082757,greedy,1.8140963130384353,0.0,hard_fault_cluster,0.0008729812309035362,True
98,N7820,control0,0.05139494314789772,1.5506006345339118,2.537122929096222,0.3869972389750182,1.0078904124470427,1.5506006345339118,1.5506006345339118,1.5506006345339118,0.0,0.2,3,3,1,0.0,-0.0904157993777043,2,2,1,0.0,0.05139494314789772,0.10669019818305969,-0.012393776802346212,-2.256111907958984,0.001066901981830597,-0.06890204548835754,0.08737946301698685,-0.6824180483818054,0.6166096329689026,0.1270090639591217,0.2493937909603119,0.0046243369579315186,0.08737946301698685,3.858299155114218,-0.002784162759780884,0.006130285561084747,-0.008263081312179565,28457.4609375,11849.7470703125,16607.712890625,28319.544921875,11724.533203125,16595.01171875,0.004846392199397087,0.01056679617613554,0.0007647754973731935,0.4846392199397087,-0.08434661477804184,0.574029019093141,-0.22989886067807674,0.6328255294263363,0.4283083744347096,0.6129494952037933,1.5506006345339118,191.57100545536147,191.57100545536147,greedy,1.5506006345339118,0.0,hard_fault_cluster,0.0034514496088356886,False
99,N555,control1,0.13339228928089142,1.3564824492111802,2.4869638681411743,0.09363253850489854,0.8817135919872672,1.3694057677838847,1.3564824492111802,1.3564824492111802,0.06461659286352205,0.2,3,2,1,0.0,0.20472521489143425,2,1,1,0.0,0.13339228928089142,0.11488504707813263,0.646302820648998,0.6491539537906647,0.0011488504707813263,0.19058451056480408,0.04834223538637161,-0.3588639497756958,0.8550955653190613,-0.020419076085090637,-0.2118496149778366,0.17101146280765533,0.04834223538637161,0.8732421338185667,-0.003673538565635681,-0.02964838035404682,0.010253217071294785,28320.859375,11724.263671875,16596.595703125,28383.970703125,11818.732421875,16565.23828125,-0.002228439785540104,-0.008057542145252228,0.0018893887754529715,-0.2228439785540104,-0.20412657409906387,0.7732530740089714,-0.32654703594744205,0.7987851408310234,0.8439634373411535,1.463759707799181,1.3564824492111802,192.92748790457264,192.92748790457264,greedy,1.3564824492111802,0.0,hard_fault_cluster,0.00022927891780350816,True
100,N7537,observe,0.08783605694770813,2.0277506702393295,1.313990181684494,0.4083616187423468,1.3180379356555643,2.139343270121155,2.0277506702393295,2.0277506702393295,0.5579629994091284,0.2,3,2,1,0.0,0.4532330553644257,2,1,1,0.0,0.08783605694770813,0.13842187821865082,2.2418290473520757,2.0674097537994385,0.0013842187821865083,-0.027396023273468018,0.0746309757232666,-0.09723449498414993,0.9129276275634766,0.3224300146102905,0.25334519147872925,0.3915148377418518,0.0746309757232666,2.3651449263095854,0.0038080215454101562,0.025915637612342834,-0.004838690161705017,28381.89453125,11818.6513671875,16563.2421875,28315.220703125,11781.86328125,16533.357421875,0.0023491675965487957,0.003112714271992445,0.0018042823066934943,0.23491675965487957,0.593855008482933,2.764008413553238,0.434065368026495,2.9232322800159456,1.9967275142669678,1.8095869576931,2.0277506702393295,194.95523857481197,194.95523857481197,greedy,2.0277506702393295,0.0,hard_fault_cluster,0.014991728701406122,False
101,N3682,control0,0.039345357567071915,1.3363108928501606,2.791862154006958,0.03885607853531838,0.8686020803526044,1.3625791081299203,1.3363108928501606,1.3363108928501606,0.13134107639879858,0.2,3,3,1,0.0,0.4146378290163005,2,2,1,0.0,0.039345357567071915,0.03875690698623657,0.7359951809048653,2.2727027416229246,0.0003875690698623657,-0.010918676853179932,0.09126260131597519,-0.4037328362464905,0.834613025188446,0.05503053963184357,0.005348727107048035,0.1047123521566391,0.03875690698623657,1.4762563732266425,0.001402050256729126,0.010528720915317535,-0.0056187063455581665,28313.92578125,11770.4296875,16543.49609375,28258.927734375,11689.4765625,16569.451171875,0.0019424380734562874,0.006877669598907232,-0.0015688992571085691,0.19424380734562874,0.27022453397512436,0.1402780845761299,0.17270990274846554,0.07129685431718824,0.9567478865385056,1.6718861262500284,1.3363108928501606,196.29154946766212,196.29154946766212,greedy,1.3363108928501606,0.0,hard_fault_cluster,0.0007112375533428172,True
102,N7408,control0,0.09821444749832153,1.590646461993456,2.5392172694206234,0.4158169488608837,1.0339202002957464,1.6072150104412644,1.590646461993456,1.590646461993456,0.08284274223904242,0.2,3,3,1,0.0,0.476352163429266,2,2,1,0.0,0.09821444749832153,0.13651424646377563,2.038812892138958,3.2258301973342896,0.0013651424646377564,-0.12333521246910095,0.10801395773887634,-0.08316072821617126,0.7799826264381409,0.09438277781009674,0.14737316966056824,0.041392385959625244,0.10801395773887634,5.163931318223476,-0.0020634829998016357,-0.011843815445899963,-0.005594231188297272,28259.5546875,11700.90234375,16558.65234375,28164.91015625,11637.990234375,16526.919921875,0.0033491160720586777,0.0053766886703670025,0.001916364999487996,0.33491160720586777,0.0381799042224884,0.10326205790042875,-0.14521624892950058,-0.38533652722835543,1.2283370971679688,1.9840765592455865,1.590646461993456,197.88219592965558,197.88219592965558,greedy,1.590646461993456,0.0,hard_fault_cluster,0.006668966310221897,False
103,N7541,control0,0.028398487716913223,1.6190826976299286,2.6437870860099792,0.33995410084724426,1.0524037534594537,1.6471251872593065,1.6190826976299286,1.6190826976299286,0.1402124481468887,0.2,3,3,1,0.0,0.7088455899995733,2,2,1,0.0,0.028398487716913223,0.13047157227993011,1.6459648191928864,2.210307848453522,0.0013047157227993012,-0.1292589008808136,0.10781051218509674,0.11744152009487152,0.7305259108543396,0.1574697270989418,0.2817840576171875,0.033155396580696106,0.10781051218509674,2.484918644428253,-0.003004126250743866,-0.008793748915195465,-0.007473461329936981,28164.607421875,11637.935546875,16526.671875,28174.4453125,11621.55859375,16552.88671875,-0.0003492997493594885,0.0014072043122723699,-0.0015862142900004983,-0.03492997493594885,-0.06213054060935974,1.2753420144319534,-0.24084210395812988,1.1771066457033157,1.3269230306148527,2.0949619397521015,1.6190826976299286,199.5012786272855,199.5012786272855,greedy,1.6190826976299286,0.0,hard_fault_cluster,0.07990571596935767,False
104,N7588,control1,0.006145228631794453,2.8569384166598324,2.933950018882751,0.9621187475323677,1.8570099708288912,2.9584406999460366,2.8569384166598324,2.8569384166598324,0.5075114164310217,0.2,3,2,1,0.0,0.3234417072650807,2,1,1,0.0,0.006145228631794453,0.1969306319952011,5.479188475757837,5.999999999999999,0.001969306319952011,-0.156963512301445,0.09826517850160599,-0.06281338632106781,0.411285400390625,0.390446275472641,0.6133735179901123,0.16751903295516968,0.09826517850160599,1.5817482675611971,0.0011032447218894958,-0.020749013870954514,-0.003129027783870697,28173.8359375,11620.87890625,16552.95703125,28227.16796875,11648.3271484375,16578.841796875,-0.0018929630750790238,-0.0023619765415787697,-0.001563754747621715,-0.18929630750790238,0.4055202826857567,2.4303192391991617,0.18412342481315136,3.274212361872196,3.3471888162195675,4.14818750295788,2.8569384166598324,202.35821704394533,202.35821704394533,greedy,2.8569384166598324,0.0,hard_fault_cluster,0.00011299435028249852,True
105,N7534,observe,-0.048425983637571335,1.2553858615458013,0.8598254799842835,0.42907476648688314,0.8160008100047709,1.4553858615458013,1.2553858615458013,1.2553858615458013,1.0,0.2,3,2,1,0.0,1.0,2,1,1,0.0,-0.048425983637571335,0.14208106696605682,1.1845878770947456,2.3518062293529507,0.0014208106696605683,-0.1601574718952179,0.10780374705791473,0.4882345497608185,0.8137946128845215,0.504946231842041,0.5200639963150024,0.4898284673690796,0.10780374705791473,0.9825288487970828,-0.0021953508257865906,-0.015359506011009216,-0.0053651779890060425,28227.859375,11648.9609375,16578.8984375,28207.3671875,11678.9990234375,16528.369140625,0.0007259561098180711,-0.0025786063633859158,0.003047807840630412,0.07259561098180711,0.0303497314453125,-0.16042124122381213,-0.15706387907266617,-0.1622366496920586,0.6998725146055221,1.542313368618488,1.2553858615458013,203.61360290549112,203.61360290549112,greedy,1.2553858615458013,0.0,hard_fault_cluster,0.0,True
106,N7535,observe,-0.022030208259820938,1.5330654310435057,1.3797712206840516,0.10194397054612635,0.9964925301782788,1.6828237971748654,1.5330654310435057,1.5330654310435057,0.748791830656799,0.2,3,2,1,0.0,0.7105365857058563,2,1,1,0.0,-0.022030208259820938,0.009021148085594177,0.0705099481344223,-0.7989681512117385,9.021148085594177e-05,0.015364140272140503,0.12616612017154694,0.03235539048910141,0.965362012386322,0.44825708866119385,0.45491862297058105,0.44159555435180664,0.009021148085594177,0.18348477177321912,0.009391706436872482,0.02766457200050354,-0.0008900538086891174,28207.244140625,11678.853515625,16528.390625,28175.091796875,11675.896484375,16499.1953125,0.0011398611823096871,0.0002531953505240381,0.001766373636201024,0.11398611823096871,1.0743579119443893,2.0027426068112257,0.9729674607515335,1.6773405496403575,0.8779833242297173,0.777618917748332,1.5330654310435057,205.14666833653462,205.14666833653462,greedy,1.5330654310435057,0.0,hard_fault_cluster,0.06996258079147297,False
107,N614,control1,-0.01085157971829176,1.3745185599103569,1.8928629159927368,0.1505104987695813,0.893437063941732,1.3801014757614298,1.3759500589248095,1.381657537551423,0.027914579255364877,0.2,2,2,1,0.007157495072263143,0.7127353845349411,2,1,1,0.035694888205330844,-0.01085157971829176,0.01822522282600403,0.6842233818210661,0.7108738213777541,0.00018225222826004028,0.014622658491134644,0.13152340054512024,-0.14610125124454498,0.8418769240379333,0.04360632598400116,-0.03875879943370819,0.1259714514017105,0.01822522282600403,0.9770194168761372,0.010815899819135666,0.033143237233161926,-0.0006342753767967224,28175.611328125,11675.83984375,16499.771484375,28233.83203125,11689.4912109375,16544.33984375,-0.002066351007670164,-0.0011691978434100747,-0.002701150020584464,-0.2066351007670164,1.2313386052846909,1.6827443424612283,1.1190271377563477,1.7181855503469705,0.9605867296457291,1.3678716011345387,1.381657537551423,206.52832587408605,206.52832587408605,greedy,1.381657537551423,0.0,hard_fault_cluster,0.00012621481761958866,True
108,N7846,control0,-0.055841755121946335,0.7617689974186942,-1.3326641619205473,0.10239640356507153,0.49514984832215125,0.7609543135503481,0.7717556410127611,0.7840811207356913,-0.004073419341729998,0.2,3,3,1,0.04993321797033424,-0.030101127564976415,2,2,1,0.1115606165849853,-0.055841755121946335,0.00577215850353241,0.20453077748417853,-1.8090041944757103,5.77215850353241e-05,0.00934860110282898,0.14276857674121857,-0.5098474025726318,0.885537326335907,0.15865150839090347,0.2904290556907654,0.026873961091041565,0.00577215850353241,0.09289270640350877,0.008038695901632309,0.03220019489526749,-0.0024645328521728516,28233.1484375,11689.6201171875,16543.529296875,28140.927734375,11611.171875,16529.755859375,0.0032663980964571238,0.006710931658744812,0.0008325573871843517,0.3266398096457124,0.9524103254079819,0.7961319122463465,0.8410047739744186,0.7963742230087518,0.5854603002779186,-1.4794689165847372,0.7840811207356913,207.31240699482174,207.31240699482174,greedy,0.7840811207356913,0.0,hard_fault_cluster,0.0013751718964870622,True
109,N634,control1,-0.01983894780278206,1.2093670012056827,2.6733621120452877,0.05502818182110788,0.7860885507836938,1.2139158267038632,1.2093670012056827,1.2093670012056827,0.022744127490902856,0.2,3,2,1,0.0,0.6310938458701081,2,1,1,0.0,-0.01983894780278206,0.010056853294372559,0.6583847224712371,1.0320658385753632,0.00010056853294372559,0.009060472249984741,0.13461603224277496,-0.14182381331920624,0.8718335032463074,0.043066203594207764,-0.03276906907558441,0.11890147626399994,0.010056853294372559,0.9973164573311806,0.010367687791585922,0.03689044713973999,-0.00146445631980896,28141.517578125,11611.072265625,16530.4453125,28229.15625,11672.83203125,16556.32421875,-0.0031142127700150013,-0.005319040734320879,-0.0015655298484489322,-0.31142127700150013,1.1814416646957397,1.5906330180168151,1.072937000542879,1.7046650958061218,1.0125150173902513,1.826662599295378,1.2093670012056827,208.52177399602743,208.52177399602743,greedy,1.2093670012056827,0.0,hard_fault_cluster,0.0,True
110,N510,control1,0.061070237308740616,1.0479765963554386,2.878829431533813,-0.3082634687423704,0.6811847876310351,1.1485912880313915,1.0479765963554386,1.0479765963554386,0.5030734583797645,0.2,3,2,1,0.0,1.0,2,1,1,0.0,0.061070237308740616,0.05996854603290558,2.088265147805214,3.4045196294784548,0.0005996854603290558,0.3773246109485626,0.0006691757589578629,0.12048140168190002,1.2938367128372192,-0.031048789620399475,-0.20816443860530853,0.14606685936450958,0.0006691757589578629,0.4831206146255135,-0.002779558300971985,-0.05716709792613983,0.02637334167957306,28232.2890625,11672.83984375,16559.44921875,28414.703125,11837.55859375,16577.14453125,-0.006461185868829489,-0.014111283235251904,-0.0010685930028557777,-0.6461185868829489,-0.21731810830533504,-0.26535712232347575,-0.2627963996492326,-0.37595669975038615,1.9739149540662766,2.370273709744215,1.0479765963554386,209.56975059238286,209.56975059238286,greedy,1.0479765963554386,0.0,hard_fault_cluster,0.00012624668602449196,True
111,N7721,control0,0.02390812709927559,1.1452871160423093,-1.3009162306785582,0.33624134656463867,0.744436625427501,1.114401265885571,1.1452871160423093,1.1666229709310338,-0.15442925078369066,0.2,2,3,0,0.0,-0.32673278324073773,2,2,1,0.10667927444362285,0.02390812709927559,0.03312164545059204,1.7054895396271603,-0.6249955534934997,0.00033121645450592043,0.010748803615570068,0.13742521405220032,-0.4590960144996643,0.827194094657898,0.1487005166709423,0.2777893543243408,0.019611679017543793,0.03312164545059204,4.653567393124104,0.008164726197719574,0.03187879920005798,-0.0025189220905303955,28409.6796875,11836.7294921875,16572.94921875,28240.869140625,11689.255859375,16551.61328125,0.00594200799241662,0.01245898474007845,0.001287395367398858,0.594200799241662,0.9870194792747498,1.4545078071951867,0.8591093346476555,1.3850161823630334,1.2827945768833162,-0.5468207915127276,1.1666229709310338,210.7363735633139,210.7363735633139,greedy,1.1666229709310338,0.0,hard_fault_cluster,0.0010371053238073425,True
112,N7518,observe,-0.06426189094781876,1.794764748811722,2.310643196105957,0.8285468089580537,1.1665970867276194,1.994764748811722,1.794764748811722,1.794764748811722,1.0,0.2,3,2,1,0.0,1.0,2,1,1,0.0,-0.06426189094781876,0.15842901170253754,5.082865147292614,5.999999999999999,0.0015842901170253754,-0.16710083186626434,0.09560751914978027,0.5689687728881836,0.8334232568740845,0.5733155161142349,0.681792140007019,0.4648388922214508,0.09560751914978027,6.218123053461313,-0.0002759695053100586,-0.01891351491212845,-0.004912517964839935,28241.517578125,11689.740234375,16551.77734375,28176.201171875,11653.990234375,16522.2109375,0.0023127796594053507,0.0030582372564822435,0.0017862980021163821,0.23127796594053507,0.22643958032131195,0.8610750533640383,0.03591218218207359,0.6238290615379809,2.6090499028563494,3.65478621892631,1.794764748811722,212.53113831212562,212.53113831212562,greedy,1.794764748811722,0.0,hard_fault_cluster,0.08425744727114588,False
113,N610,control1,-0.011119688861072063,2.216434075906873,2.746357190608978,0.2854527131468057,1.4406821493394675,2.247039711336628,2.216434075906873,2.216434075906873,0.15302817714877576,0.2,3,2,1,0.0,0.301289324425746,2,1,1,0.0,-0.011119688861072063,0.0316435769200325,0.8357917419821023,0.7994740694761276,0.000316435769200325,0.011005014181137085,0.13669301569461823,-0.10553976148366928,0.8323834538459778,0.051302313804626465,-0.025608494877815247,0.12821312248706818,0.0316435769200325,0.7594797560572624,0.010117553174495697,0.034067071974277496,-0.001004248857498169,28176.66015625,11653.9609375,16522.69921875,28276.41796875,11706.7841796875,16569.6328125,-0.003540441393852234,-0.004532642662525177,-0.0028405524790287018,-0.3540441393852234,1.1800919100642204,2.4589018180966375,1.0538394656032324,2.0875698283314703,1.3588192507624626,1.9088856022804976,2.216434075906873,214.7475723880325,214.7475723880325,greedy,2.216434075906873,0.0,hard_fault_cluster,0.00012190661952945407,True
114,N7847,control0,-0.057243507355451584,1.0354729188451892,2.5180181026458737,0.0714679552821326,0.673057397249373,1.015965140761215,1.0354729188451892,1.0354729188451892,-0.09753889041987131,0.2,3,3,1,0.0,-0.23118408076845176,2,2,1,0.0,-0.057243507355451584,0.006714522838592529,0.23465899412141877,1.8017073268536477,6.714522838592529e-05,0.007008075714111328,0.13791881501674652,-0.5376737117767334,0.832062304019928,0.15432973951101303,0.29951608180999756,0.009143397212028503,0.006714522838592529,0.24347767375176768,0.007029365748167038,0.03201927989721298,-0.002972528338432312,28275.83203125,11707.0166015625,16568.81640625,28204.705078125,11650.427734375,16554.27734375,0.0025154680479317904,0.004833756480365992,0.0008774955640546978,0.25154680479317904,0.8475699126720428,0.9827617970108986,0.7390949092805386,0.8828877305239439,0.8166695055784658,2.3684038333855275,1.0354729188451892,215.78304530687768,215.78304530687768,greedy,1.0354729188451892,0.0,hard_fault_cluster,0.0,True
115,N3180,control1,-0.0690435841679573,1.0352354019880297,1.11063175201416,0.18718913495540618,0.6729030112922193,0.9354396353426753,1.0352354019880297,1.0352354019880297,-0.4989788332267719,0.2,3,2,1,0.0,0.10013154075171822,2,1,1,0.0,-0.0690435841679573,0.07897421717643738,1.5699788570404052,2.498031973838806,0.0007897421717643737,-0.13658583164215088,0.12219889461994171,-0.2703407108783722,0.5145584344863892,0.130964033305645,0.029943153262138367,0.2319849133491516,0.07897421717643738,4.3552913171052925,-0.007194027304649353,-0.01609780266880989,-0.00774790346622467,28205.6796875,11650.75390625,16554.92578125,28513.271484375,11887.072265625,16626.19921875,-0.010905314236879349,-0.020283525809645653,-0.004305270966142416,-1.0905314236879349,-0.5182296186685562,-0.24122030079364776,-0.6691094525158405,-0.5387795025110245,0.9088468372821807,0.7854279181361198,1.0352354019880297,216.8182807088657,216.8182807088657,greedy,1.0352354019880297,0.0,hard_fault_cluster,0.0,True
116,N2040,observe,-0.059100862592458725,0.77494848895818,2.343572479486465,0.04840791884809732,0.503716517822817,0.9749484889581801,0.9731963579851131,0.9977750541838303,1.0,0.2,3,2,1,0.991239345134665,1.0,2,1,1,1.1141328261282513,-0.059100862592458725,0.06725384294986725,0.41832191757857795,1.8357018172740935,0.0006725384294986725,-0.051412224769592285,0.10016755759716034,0.6050387024879456,1.1463217735290527,0.42916686832904816,0.42296361923217773,0.4353701174259186,0.06725384294986725,0.8822330220043658,-0.003980726003646851,-0.013014428317546844,-0.006496205925941467,28512.0546875,11886.7265625,16625.328125,28427.0078125,11786.73046875,16640.27734375,0.0029828392434865236,0.008412416093051434,-0.0008991833892650902,0.29828392434865236,-0.23065119981765747,-0.2115195359289646,-0.35621725022792816,-0.3006674613058567,0.5152577862143517,2.355663176998496,0.9977750541838303,217.81605576304952,217.81605576304952,greedy,0.9977750541838303,0.0,hard_fault_cluster,0.00012084592145015117,True
117,N785,observe,-0.047765832394361496,1.3643261010572314,2.561099338531494,0.16596204932779074,0.8868119656872004,1.5643261010572314,1.3643261010572314,1.3643261010572314,1.0,0.2,1,2,0,0.0,1.0,1,1,0,0.0,-0.047765832394361496,0.06155744194984436,0.6745814715698362,-0.05258248746395111,0.0006155744194984436,-0.10425561666488647,0.10328060388565063,0.6010837554931641,1.0384759902954102,0.4936261475086212,0.5338371396064758,0.4534151554107666,0.06155744194984436,1.390308753326535,-0.005406245589256287,-0.01033526286482811,-0.008573874831199646,28426.578125,11786.0009765625,16640.578125,28358.58203125,11755.744140625,16602.837890625,0.002391990041360259,0.0025671841576695442,0.00226796418428421,0.2391990041360259,-0.37578651309013367,2.0996626245975496,-0.4994150474667549,2.413661860227585,1.1842671081423761,1.8945592521876098,1.3643261010572314,219.18038186410675,219.18038186410675,greedy,1.3643261010572314,0.0,hard_fault_cluster,0.022313296903460855,False
118,N6948,observe,-0.026391353458166122,2.1254265736043454,3.020122396945953,0.291242560595274,1.3815272728428245,2.172129952019108,2.1254265736043454,2.1254265736043454,0.2335168920738121,0.2,3,2,1,0.0,0.5719521868603233,2,1,1,0.0,-0.026391353458166122,0.1765124350786209,3.38647945150733,4.636890363693237,0.0017651243507862092,0.13233697414398193,-0.003398468717932701,-0.13599665462970734,1.2236467599868774,0.16731981933116913,-0.05918857455253601,0.39382821321487427,-0.003398468717932701,0.37438453331589683,0.002941541373729706,0.034831702709198,-0.0014898180961608887,28358.392578125,11755.705078125,16602.6875,28567.1875,11806.65625,16760.53125,-0.0073627205565571785,-0.0043341657146811485,-0.009507120586931705,-0.7362720556557178,0.4672681037336588,4.156890348494053,0.33743262896314263,4.5744339028000836,3.065225464105606,3.910800994336605,2.1254265736043454,221.3058084377111,221.3058084377111,greedy,2.1254265736043454,0.0,hard_fault_cluster,0.08066062866275972,False
119,N620,control1,-0.019679341465234756,1.5922869844385423,1.6889310598373413,0.16227205180795862,1.0349865398850526,1.592830670044439,1.5922869844385423,1.5922869844385423,0.002718428029482937,0.2,3,2,1,0.0,0.01442566432202456,2,1,1,0.0,-0.019679341465234756,0.17699287831783295,0.8299350630608386,0.8015395760536194,0.0017699287831783295,0.137827068567276,0.0013329628854990005,-0.5250601768493652,0.8543823957443237,-0.04874285310506821,-0.20008094608783722,0.1025952398777008,0.0013329628854990005,0.3164633081853389,-0.00023292750120162964,0.018150515854358673,0.002728555351495743,28568.875,11807.3671875,16761.5078125,28688.935546875,11894.666015625,16794.26953125,-0.004202494863420725,-0.007393589708954096,-0.001954580657184124,-0.4202494863420725,0.15503309108316898,1.7563111177831887,0.021288710180670023,2.0014436713606116,1.227245831489563,1.313668961673975,1.5922869844385423,222.89809542214965,222.89809542214965,greedy,1.5922869844385423,0.0,hard_fault_cluster,0.0016286644951140079,True
120,N578,observe,0.04146872088313103,2.19196972578764,2.498090243339538,0.9292095163464547,1.4247803217619661,2.39196972578764,2.19196972578764,2.19196972578764,1.0,0.2,3,2,1,0.0,1.0,2,1,1,0.0,0.04146872088313103,0.2107832282781601,4.7537389598786834,5.397469520568848,0.002107832282781601,0.0834822952747345,0.004219973459839821,-0.21296405792236328,1.3645126819610596,0.2621219679713249,0.2143734246492386,0.30987051129341125,0.004219973459839821,1.2993240199983118,0.0023329704999923706,0.03568693995475769,0.0006185024976730347,28687.53515625,11894.1328125,16793.40234375,28707.443359375,11947.623046875,16759.8203125,-0.0006939670420251787,-0.00449719512835145,0.0019997158087790012,-0.06939670420251787,0.448300251737237,1.4358301863074303,0.28704785043373704,1.3829008683562278,2.5459736131131647,3.7548828485235566,2.19196972578764,225.09006514793728,225.09006514793728,greedy,2.19196972578764,0.0,hard_fault_cluster,0.0,True
121,N638,control1,0.02793305739760399,1.3653275557607412,1.8028650164604185,0.17453958444297313,0.8874629112444817,1.3950709603685394,1.3653275557607412,1.3653275557607412,0.14871702303899115,0.2,3,2,1,0.0,0.9761781656703169,2,1,1,0.0,0.02793305739760399,0.2074974924325943,0.8670426958054304,0.6376997470855713,0.002074974924325943,0.12115561962127686,-0.0010418910533189774,-0.5476177334785461,0.9325697422027588,-0.06490617245435715,-0.23445148766040802,0.10463914275169373,-0.0010418910533189774,0.7067032009363174,-0.0012817084789276123,0.016237765550613403,0.004316981881856918,28708.5859375,11948.1015625,16760.484375,28726.806640625,11950.275390625,16776.53125,-0.0006346778245642781,-0.00018193920550402254,-0.000957423122599721,-0.06346778245642781,0.07828475348651409,0.40485568702220914,-0.0765569475479424,0.41404483079910276,0.8517793729901314,0.9728175297752023,1.3653275557607412,226.455392703698,226.455392703698,greedy,1.3653275557607412,0.0,hard_fault_cluster,0.00013180440226703583,True
122,N3410,control1,0.017987210303544998,1.1019913364946843,1.0920230805873872,0.29601300939917563,0.7162943687215448,1.1163329070432393,1.1283803937120778,1.192225836133997,0.07170785274277448,0.2,2,2,1,0.13194528608696793,0.42865259767762043,2,1,1,0.45117249819656396,0.017987210303544998,0.19566695392131805,1.0915290281176566,0.9727345407009124,0.0019566695392131805,0.14938214421272278,0.006670737639069557,-0.6696566343307495,0.9701361060142517,-0.10689841955900192,-0.3240589499473572,0.11026211082935333,0.006670737639069557,1.5738464492559432,-0.006280742585659027,-0.0044594407081604,0.007735561579465866,28727.23828125,11950.884765625,16776.353515625,28946.529296875,12108.359375,16838.169921875,-0.007633557077497244,-0.013176815584301949,-0.003684734459966421,-0.7633557077497244,-0.4257365670055151,-0.7126367804408074,-0.5774898356758058,-0.8743771430850029,0.5250954359769822,0.4591666489839554,1.192225836133997,227.647618539832,227.647618539832,greedy,1.192225836133997,0.0,hard_fault_cluster,0.00012742099898064625,True
123,N2580,control1,0.006177281029522419,1.3579031654819846,0.5951970875263214,0.6196470591798424,0.88263705756329,1.3957024429123108,1.3579031654819846,1.3579031654819846,0.18899638715163078,0.2,3,2,1,0.0,0.47588706926219054,2,1,1,0.0,0.006177281029522419,0.1725902408361435,0.52497846275568,-0.21810238510370253,0.001725902408361435,0.2006201446056366,0.01585494913160801,-0.44209182262420654,1.1174453496932983,-0.10952216386795044,-0.31617867946624756,0.09713435173034668,0.01585494913160801,4.804006370343267,-0.008429944515228271,-0.02318665012717247,0.011652667075395584,28937.3515625,12096.61328125,16840.73828125,29052.3203125,12168.9013671875,16883.41796875,-0.003973022568970919,-0.005975894629955292,-0.0025343121960759163,-0.39730225689709187,-0.6545492615550756,0.13195871770381928,-0.7958831540308893,0.1295734888315201,0.026893816888332367,-0.12400570869445798,1.3579031654819846,229.00552170531398,229.00552170531398,greedy,1.3579031654819846,0.0,hard_fault_cluster,0.0,True
124,N7424,control1,0.055287983268499374,1.2320067254081368,0.7653127133846283,0.3327102437242865,0.8008043715152889,1.2636272805801365,1.2320067254081368,1.2320067254081368,0.15810277585999788,0.2,3,2,1,0.0,0.4353189381654023,2,1,1,0.0,0.055287983268499374,0.17612014710903168,0.44126514494419095,-0.06122143268585205,0.0017612014710903167,0.19985851645469666,0.002500982955098152,-0.4189501404762268,1.053646206855774,-0.07815445959568024,-0.26482343673706055,0.10851451754570007,0.002500982955098152,2.131587385199964,-0.00433880090713501,-0.018150612711906433,0.01195869967341423,29060.09765625,12180.34375,16879.75390625,28823.67578125,12022.2783203125,16801.3984375,0.008135618641972542,0.012977090664207935,0.004641979467123747,0.8135618641972542,-0.25525896064937115,1.3776426017284393,-0.3892248081974685,1.418158859014511,0.6673666827380658,0.6151352062821389,1.2320067254081368,230.2375284307221,230.2375284307221,greedy,1.2320067254081368,0.0,hard_fault_cluster,0.0,True
125,N7726,control0,0.04768699035048485,1.0530592362582682,-1.254706937074661,0.22397973522543904,0.6844885035678744,1.057252178311447,1.0530592362582682,1.060471649390612,0.020964710265893992,0.2,2,3,0,0.0,0.05304723609468323,2,2,1,0.037062065661718685,0.04768699035048485,0.18512369692325592,0.5200072281062602,-1.6580723106861113,0.0018512369692325593,0.09539568424224854,0.003959855064749718,-0.696900486946106,0.8978123068809509,0.06060870736837387,0.15173141658306122,-0.030514001846313477,0.003959855064749718,1.1909068608283997,-0.004337526857852936,0.0034385547041893005,0.003478448837995529,28823.18359375,12021.671875,16801.51171875,28665.65625,11915.98828125,16749.66796875,0.0054652998223900795,0.008791089989244938,0.0030856598168611526,0.546529982239008,-0.24466913379728794,0.9438024607300758,-0.38648179778829217,0.9442770329117774,0.7121305018663406,-0.8496608481669682,1.060471649390612,231.29800008011273,231.29800008011273,greedy,1.060471649390612,0.0,hard_fault_cluster,0.0002523977788995459,True
126,N3237,control1,0.036613401025533676,1.1374024941027163,1.0305595636367797,0.14586333826184275,0.7393116211667656,1.0845137430434093,1.1374024941027163,1.1374024941027163,-0.26444375529653513,0.2,3,2,1,0.0,-0.36110715177250413,2,1,1,0.0,0.036613401025533676,0.1978406459093094,1.0103036493062973,1.0751204013824462,0.0019784064590930937,0.09669321775436401,-0.006333092227578163,-0.9976311922073364,0.7214742302894592,-0.04375534504652023,-0.22438298165798187,0.1368722915649414,-0.006333092227578163,0.35216979265213005,-0.004910781979560852,0.004324734210968018,0.004733562469482422,28667.05078125,11916.6845703125,16750.365234375,28601.9140625,11898.8671875,16703.046875,0.002272180747240782,0.0014951627235859632,0.0028249151073396206,0.22721807472407818,-0.299570644274354,1.0818846271932125,-0.4432013095356524,1.0322203622758388,1.0806523099541665,1.1012837077677249,1.1374024941027163,232.43540257421546,232.43540257421546,greedy,1.1374024941027163,0.0,hard_fault_cluster,0.0,True
127,N5878,observe,-0.008016797713935375,0.7320408017933369,2.2948387205600738,0.06097610250115397,0.475826521165669,0.9014550543312402,0.7320408017933369,0.7711474674168938,0.8470712626895167,0.2,2,2,0,0.0,1.0,2,1,1,0.19553332811778468,-0.008016797713935375,0.1872573047876358,0.5529067240655422,-1.50578498840332,0.001872573047876358,0.11375892162322998,-0.025299454107880592,0.23382312059402466,1.4623478651046753,0.11253373324871063,-0.12385714054107666,0.3489246070384979,-0.025299454107880592,-0.30087344273924826,0.0017996057868003845,0.03229919821023941,-0.0013474002480506897,28601.09375,11898.9462890625,16702.1484375,28878.623046875,11941.685546875,16936.9375,-0.009703450836241245,-0.0035918522626161575,-0.014057416468858719,-0.9703450836241245,0.34191842935979366,2.8533034428954123,0.22045004134997725,3.308770643174648,0.9328911148011684,1.228506902419031,0.7711474674168938,233.20655004163234,233.20655004163234,greedy,0.7711474674168938,0.0,hard_fault_cluster,0.0,True
128,N7853,control0,-0.1195371225476265,1.4333089766581544,0.9739132821559905,0.280824392887298,0.9316508348278004,1.4178715536091855,1.4333089766581544,1.4333089766581544,-0.07718711524484441,0.2,3,3,1,0.0,-0.03520560938647543,2,2,1,0.0,-0.1195371225476265,0.2118321806192398,1.5372795922448859,1.0140476584434508,0.0021183218061923983,-0.006443917751312256,-0.029421290382742882,-0.972605288028717,0.8680704832077026,0.03668154776096344,0.08480450510978699,-0.011441409587860107,-0.029421290382742882,0.3336932628042995,0.0007182508707046509,0.046653181314468384,-0.007578760385513306,28878.33203125,11941.2822265625,16937.048828125,28791.326171875,11931.021484375,16860.3046875,0.0030128422658890486,0.0008592663798481226,0.004531139973551035,0.30128422658890486,0.254235977306962,0.8599645113106816,0.11742780962958932,0.8600701903458684,1.3023076966404916,0.9999466484040023,1.4333089766581544,234.6398590182905,234.6398590182905,greedy,1.4333089766581544,0.0,hard_fault_cluster,0.0,True
129,N7854,control0,-0.1464732438325882,1.3448056003917008,1.3435987830162048,0.16338187375105917,0.8741236402546055,1.3463544452335008,1.3448056003917008,1.3448056003917008,0.007744224208999686,0.2,3,3,1,0.0,0.026458114405447986,2,2,1,0.0,-0.1464732438325882,0.21033351123332977,0.9047436075750739,-0.40177873373031614,0.0021033351123332976,-0.009679347276687622,-0.025526752695441246,-0.9654353260993958,0.8763546347618103,0.027774151414632797,0.0820213183760643,-0.026473015546798706,-0.025526752695441246,0.267656216956675,0.0004917830228805542,0.04751463979482651,-0.0076483190059661865,28791.3125,11931.0263671875,16860.28515625,28660.1171875,11883.076171875,16777.041015625,0.004556767176836729,0.004018949810415506,0.004937291610985994,0.4556767176836729,0.23398506082594395,0.8877277047047392,0.09537999192252755,0.8879873425373808,1.0525177776813508,0.7401442490518094,1.3448056003917008,235.98466461868222,235.98466461868222,greedy,1.3448056003917008,0.0,hard_fault_cluster,0.00012545477355411992,True
130,N7453,observe,-0.414398193359375,1.2187415193766356,2.0619593501091003,0.656844126060605,0.7921819875948132,1.4187415193766355,1.4440420177504516,1.3471684786243097,1.0,0.2,3,2,1,1.1265024918690798,1.0,2,1,1,0.6421347962383706,-0.414398193359375,0.22094403207302094,2.1292293835431337,3.0813607692718503,0.0022094403207302093,-0.025397449731826782,-0.0138328205794096,-0.31224268674850464,1.1821391582489014,0.23507753759622574,0.20675446093082428,0.2634006142616272,-0.0138328205794096,3.0354198141768576,-0.0024650096893310547,0.04191114753484726,-0.006174817681312561,28659.41796875,11882.322265625,16777.095703125,29016.5546875,12059.2275390625,16957.326171875,-0.012461408972740173,-0.014888105913996696,-0.010742650367319584,-1.2461408972740173,-0.03938975743949413,0.5740200862661005,-0.19472316605970263,0.5269932583346963,0.7530989836901425,2.589514339398592,1.3471684786243097,237.33183309730651,237.33183309730651,greedy,1.3471684786243097,0.0,hard_fault_cluster,0.0031336174479819393,False
131,N645,control1,-0.2081226259469986,2.5454665376245975,1.4676997184753415,0.5845539529621601,1.6545532494559885,2.520604511446022,2.5454665376245975,2.5454665376245975,-0.12431013089287735,0.2,3,2,1,0.0,0.30091205662309817,2,1,1,0.0,-0.2081226259469986,0.2247878462076187,2.8669869288802143,2.1412891805171963,0.0022478784620761872,-0.027865886688232422,-0.01803075708448887,-0.7715930342674255,0.671798050403595,-0.045458294451236725,-0.19613607227802277,0.10521948337554932,-0.01803075708448887,1.4745204091072082,0.0015441104769706726,0.04513717442750931,-0.004535466432571411,29018.4140625,12060.1044921875,16958.30859375,28839.30859375,11968.4990234375,16870.80859375,0.00617213174700737,0.0075957439839839935,0.005159712862223387,0.617213174700737,0.3611681368201971,1.3396710497140885,0.20610031997784972,1.311429415345192,2.0961599200963974,1.5907485239952803,2.5454665376245975,239.87729963493112,239.87729963493112,greedy,2.5454665376245975,0.0,hard_fault_cluster,0.0,True
132,N7500,observe,-0.46468207240104675,1.1661349259316922,2.1069807827472684,0.5659040726721286,0.7579877018555999,1.3661349259316922,1.3874460072296815,1.2981011356835068,1.0,0.2,3,2,1,1.1065554064899465,1.0,2,1,1,0.6598310487590731,-0.46468207240104675,0.22845493257045746,2.124082938581705,3.198904764652252,0.0022845493257045747,-0.037011146545410156,-0.009246958419680595,-0.21919284760951996,1.131484031677246,0.2631978169083595,0.2368941456079483,0.28950148820877075,-0.009246958419680595,2.1974448282271624,-0.0006979405879974365,0.04025118798017502,-0.003527022898197174,28836.609375,11967.203125,16869.40625,29125.810546875,12100.6796875,17025.130859375,-0.01002895925194025,-0.011153530329465866,-0.009231184609234333,-1.002895925194025,0.1494139153510332,0.5792324208468198,-0.014992065262049437,0.5438100063055753,0.8900577791035176,2.678537556417286,1.2981011356835068,241.17540077061463,241.17540077061463,greedy,1.2981011356835068,0.0,hard_fault_cluster,0.008964646464646458,False
133,N616,control1,-0.1888454407453537,2.80882846981287,1.6941709756851195,0.6846080860495567,1.8257385053783657,2.7974387519692376,2.80882846981287,2.80882846981287,-0.056948589218161615,0.2,3,2,1,0.0,0.36514133138014815,2,1,1,0.0,-0.1888454407453537,0.2269364446401596,3.036872343719005,2.2556460738182067,0.002269364446401596,-0.018682539463043213,-0.006080498918890953,-0.7148751020431519,0.6684327125549316,-0.04379379004240036,-0.19504855573177338,0.10746097564697266,-0.006080498918890953,2.2950704899430274,0.0027770549058914185,0.04041965305805206,-0.0014514848589897156,29128.0390625,12101.73828125,17026.30078125,28956.06640625,12005.6337890625,16950.431640625,0.005904024466872215,0.007941379211843014,0.004455996677279472,0.5904024466872215,0.4985614363104105,1.4028796119987965,0.332919477019459,1.368500487357378,2.16527594178915,1.7780143313854933,2.80882846981287,243.9842292404275,243.9842292404275,greedy,2.80882846981287,0.0,hard_fault_cluster,0.0,True
134,N636,control1,-0.062107350677251816,2.5268007705733178,1.5208041429519652,0.7108735390380023,1.6424205008726567,2.5295933916176176,2.5268007705733178,2.5268007705733178,0.013963105221499295,0.2,3,2,1,0.0,0.46869134856645,2,1,1,0.0,-0.062107350677251816,0.23090167343616486,3.022792266495526,2.325384533405304,0.0023090167343616484,0.006040096282958984,0.0003818664699792862,-0.6522575616836548,0.7554090619087219,-0.05925896018743515,-0.21396808326244354,0.09545016288757324,0.0003818664699792862,2.510714286584407,0.0027608945965766907,0.03787822276353836,7.767230272293091e-05,28956.033203125,12005.6640625,16950.369140625,28984.6171875,12024.7060546875,16959.91015625,-0.0009871512884274125,-0.001586084021255374,-0.0005628794897347689,-0.09871512884274125,0.5073729995638132,1.113001849297434,0.3339103446342051,1.065122689846903,1.9289273945614696,1.6415936704445633,2.5268007705733178,246.51103001100083,246.51103001100083,greedy,2.5268007705733178,0.0,hard_fault_cluster,0.0,True
135,N7735,control0,-0.10508186370134354,1.5490134420347021,0.8096797965466975,0.33234336120127406,1.0068587373225564,1.5507115091403503,1.5490134420347021,1.5527866653776041,0.008490335528240115,0.2,2,3,0,0.0,0.01665915165177852,2,2,1,0.018866116714510016,-0.10508186370134354,0.213124617934227,1.813170346152765,1.4175632655620574,0.00213124617934227,0.01202574372291565,-0.002534104511141777,-0.8515037894248962,0.8109991550445557,0.04929717630147934,0.13835923373699188,-0.0397648811340332,-0.002534104511141777,0.414869840145111,0.0023201555013656616,0.036306217312812805,-0.000772424042224884,28982.919921875,12024.224609375,16958.6953125,28794.376953125,11911.1484375,16883.228515625,0.006505313329398632,0.009404030628502369,0.004450035747140646,0.6505313329398632,0.4426060635596514,0.8969891785085201,0.28466317849233747,0.8963717876374722,1.4407643809914588,1.019565212674206,1.5527866653776041,248.06381667637842,248.06381667637842,greedy,1.5527866653776041,0.0,hard_fault_cluster,0.0004900759617740755,True
136,N7734,control0,-0.22070349752902985,1.6597956137359142,1.0331668913364411,0.3764720271527767,1.0788671489283443,1.6561095686179648,1.6597956137359142,1.6597956137359142,-0.018430225589747336,0.2,1,3,0,0.0,-0.01325927210899613,0,2,0,0.0,-0.22070349752902985,0.21548141539096832,2.3197951197624205,1.9151838421821592,0.0021548141539096833,-0.029272526502609253,-0.010616851970553398,-0.9523308873176575,0.7744607925415039,0.03802860900759697,0.11635176092386246,-0.04029454290866852,-0.010616851970553398,-0.12396955877542504,0.0031576380133628845,0.04819878935813904,-0.004484847187995911,28794.40234375,11911.18359375,16883.21875,28628.21875,11834.7841796875,16793.43359375,0.005771385505795479,0.006414090748876333,0.005318011622875929,0.5771385505795479,0.5206283647567034,0.8163724774122239,0.3669799421913922,0.8153425091505051,1.7339783266186712,1.3517013521119952,1.6597956137359142,249.72361229011435,249.72361229011435,greedy,1.6597956137359142,0.0,hard_fault_cluster,0.009174311926605512,False
137,N6538,observe,-0.42658692598342896,0.9185762940347194,2.272143566608429,0.19824926897883413,0.5970745911225677,1.080515228383769,1.2173877344314257,1.1363609029028483,0.8096946717452473,0.2,3,2,1,1.494057201983531,0.5968730675628678,2,1,1,1.0889230443406444,-0.42658692598342896,0.21264545619487762,0.9119443317875265,2.3276927769184113,0.0021264545619487764,-0.020904093980789185,-0.0058527421206235886,-0.0715552493929863,1.1389557123184204,0.2157806232571602,0.1536908596754074,0.27787038683891296,-0.0058527421206235886,0.4219643775746226,0.0026537999510765076,0.0547022670507431,-0.005449056625366211,28627.515625,11834.4287109375,16793.0859375,28839.306640625,11963.935546875,16875.37109375,-0.007398162502795458,-0.010943226516246796,-0.0048999423161149025,-0.7398162502795458,0.4721727091819048,1.6016113492101431,0.31707817362621427,1.5672895880788564,0.8444244040176273,2.6488758626114572,1.1363609029028483,250.8599731930172,250.8599731930172,greedy,1.1363609029028483,0.0,hard_fault_cluster,0.015524241700501566,False
138,N7733,control0,-0.33540990948677063,1.760992492865771,2.9542994499206543,0.17620476370677354,1.1446451203627512,1.7590846298352047,1.760992492865771,1.760992492865771,-0.009539315152830664,0.2,1,3,0,0.0,-0.006866768502108978,0,2,0,0.0,-0.33540990948677063,0.2095743864774704,1.0316212511621417,2.3156156480312347,0.002095743864774704,-0.02550390362739563,-0.009159846231341362,-0.9685598015785217,0.7270066142082214,0.03250136598944664,0.10994134098291397,-0.04493860900402069,-0.009159846231341362,0.2939172135293483,0.004526633769273758,0.05344941467046738,-0.005271777510643005,28839.9453125,11964.296875,16875.6484375,28636.138671875,11845.771484375,16790.3671875,0.007066817954182625,0.009906590916216373,0.005053509492427111,0.7066817954182625,0.6530779171735048,0.9541540597192943,0.502767011988908,0.9532682750932873,1.2926511853933333,2.9366734980046747,1.760992492865771,252.62096568588296,252.62096568588296,greedy,1.760992492865771,0.0,hard_fault_cluster,0.0055489964580873845,False
139,N7732,control0,-0.3314809203147888,1.3921455889940262,2.7320787429809568,0.12330094873905183,0.904894632846117,1.3897252223395407,1.3921455889940262,1.3921455889940262,-0.012101833272427497,0.2,2,3,0,0.0,-0.009441217226564602,1,2,0,0.0,-0.3314809203147888,0.2076018899679184,0.9763446107506751,2.379378914833069,0.002076018899679184,-0.02282598614692688,-0.008027886971831322,-0.9886280298233032,0.7703317403793335,0.026639871299266815,0.10307443141937256,-0.04979468882083893,-0.008027886971831322,-0.3107409343123436,0.0045297034084796906,0.05503056198358536,-0.005746200680732727,28636.12890625,11845.7744140625,16790.35546875,28466.08203125,11765.9541015625,16700.12890625,0.005938193295150995,0.006738294381648302,0.005373713560402393,0.5938193295150995,0.6525443438440561,0.8360539919137955,0.5028638415969908,0.8351744419336319,1.2213307619094849,2.893864995241165,1.3921455889940262,254.013111274877,254.013111274877,greedy,1.3921455889940262,0.0,hard_fault_cluster,0.0047764849969381675,False
140,N649,control1,-0.26957085728645325,2.1118346179649237,1.2144424259662627,0.5179865412786603,1.3726925016772005,2.1118346179649237,2.1118346179649237,2.1118346179649237,0.0,0.2,2,2,0,0.0,0.01242696865967225,1,1,0,0.0,-0.26957085728645325,0.22068582475185394,2.7793303173035384,2.236108148097992,0.0022068582475185394,-0.025154918432235718,-0.0034290608018636703,-0.7129614353179932,0.7800754308700562,-0.08607466518878937,-0.2523916959762573,0.08024236559867859,-0.0034290608018636703,0.6612968325614929,0.004883721470832825,0.05757524073123932,-0.004408739507198334,28467.54296875,11766.2890625,16701.25390625,28511.375,11820.2265625,16691.1484375,-0.0015397195238620043,-0.004584070760756731,0.000605072476901114,-0.15397195238620043,0.7056289110332727,1.1708920389413833,0.54268633807078,1.2905609399080276,2.0050364404916765,1.5449100737716437,2.1118346179649237,256.12494589284194,256.12494589284194,greedy,2.1118346179649237,0.0,hard_fault_cluster,0.0006232859636001002,True
141,N630,control1,-0.1532530039548874,4.568536309450865,2.872884303331375,0.7243500410020351,2.969548601143062,4.579574200334814,4.568536309450865,4.568536309450865,0.05518945441974383,0.2,3,2,1,0.0,0.10485607986214422,2,1,1,0.0,-0.1532530039548874,0.2248198539018631,4.000377187132835,2.783005791902542,0.002248198539018631,-0.006257891654968262,0.004723170772194862,-0.6435361504554749,0.7876026034355164,-0.08641055971384048,-0.262289822101593,0.08946870267391205,0.004723170772194862,1.8448462668061256,0.003406248986721039,0.052621521055698395,-0.002657964825630188,28511.23046875,11820.2861328125,16690.943359375,28575.7578125,11865.9072265625,16709.8515625,-0.002263225382193923,-0.0038595590740442276,-0.001132842036895454,-0.2263225382193923,0.5701679233461618,0.8647161446511745,0.39801065484061837,0.873037638515234,3.457431687414646,2.467862194730177,4.568536309450865,260.6934822022928,260.6934822022928,greedy,4.568536309450865,0.0,hard_fault_cluster,0.0010699764605178457,True
142,N642,control1,-0.06277080625295639,4.924375437200069,2.927339422702789,0.8968746349215507,3.200844034180045,4.94047840871278,4.924375437200069,4.924375437200069,0.08051485756355346,0.2,3,2,1,0.0,0.5814182843118122,2,1,1,0.0,-0.06277080625295639,0.2278704196214676,4.563867595791816,3.172755968570709,0.002278704196214676,0.014674872159957886,0.00877092219889164,-0.6610803008079529,0.803573727607727,-0.07864434272050858,-0.2552427649497986,0.09795407950878143,0.00877092219889164,2.529826726913452,0.002360038459300995,0.04597064107656479,-0.0011131614446640015,28575.365234375,11865.736328125,16709.62890625,28637.916015625,11902.255859375,16735.66015625,-0.002188975689932704,-0.0030777298379689455,-0.0015578592428937554,-0.2188975689932704,0.4726451877504587,1.1337758988142013,0.2951641813851893,1.1035015076398849,3.7241455674171453,2.665401039519348,4.924375437200069,265.61785763949285,265.61785763949285,greedy,4.924375437200069,0.0,hard_fault_cluster,0.002638254693049193,True
143,N7731,control0,-0.11840767413377762,2.5819791450724003,2.9135378360748287,0.7709417394176125,1.6782864442970602,2.579432639035917,2.5819791450724003,2.5819791450724003,-0.012732530182417028,0.2,1,3,0,0.0,-0.0033189673095184594,0,2,0,0.0,-0.11840767413377762,0.21922461688518524,4.216530276462436,4.750953245162964,0.0021922461688518523,-0.007172763347625732,0.007139841094613075,-0.9034233093261719,0.7487561106681824,0.047246359288692474,0.12338945269584656,-0.02889673411846161,0.007139841094613075,1.0119347634911537,0.0023062527179718018,0.05086261034011841,-0.0038946717977523804,28636.0234375,11901.681640625,16734.341796875,28407.03515625,11762.29296875,16644.7421875,0.007996510714292526,0.011711678467690945,0.005354235414415598,0.7996510714292526,0.4569897297769785,1.016802472025156,0.28721638629212976,1.0280221523344517,2.7569659844040872,3.8298617473989722,2.5819791450724003,268.19983678456526,268.19983678456526,greedy,2.5819791450724003,0.0,hard_fault_cluster,0.012539184952978018,False
144,N1607,control1,-0.12046576291322708,4.113074351996183,2.595189541578293,0.6406126271188258,2.6734983287975194,4.147949983353747,4.212326873091766,4.225369605846384,0.17437815678781957,0.2,2,2,1,0.4962626054779129,0.29026269966149165,2,1,1,0.5614762692510062,-0.12046576291322708,0.2296200841665268,3.8388843469321725,2.813019561767578,0.002296200841665268,-0.010459691286087036,0.007804723456501961,-0.4997495710849762,1.0131030082702637,-0.12016360461711884,-0.30332911014556885,0.06300190091133118,0.007804723456501961,1.0668183989822864,0.0025083795189857483,0.05174417793750763,-0.003507174551486969,28407.1875,11762.3994140625,16644.7890625,28463.513671875,11817.001953125,16646.51171875,-0.0019828141666948795,-0.0046421256847679615,-0.00010349522926844656,-0.19828141666948795,0.4882627595216036,0.881877283975482,0.310194153804332,0.8883611964434386,3.3361069269478323,2.38795391023159,4.225369605846384,272.42520639041163,272.42520639041163,greedy,4.225369605846384,0.0,hard_fault_cluster,0.002644103648863026,True
145,N7730,control0,-0.14728312194347382,2.7185558998584747,4.136756587028503,-0.2598594784736636,1.7670613349080087,2.8187301942299157,2.7185558998584747,2.7185558998584747,0.5008714718572046,0.2,2,3,0,0.0,0.3428247778738868,1,2,0,0.0,-0.14728312194347382,0.03765569627285004,-4.813920049667359,-5.999999999999999,0.0003765569627285004,-0.1473856270313263,0.12567239999771118,-0.28755247592926025,0.5208472609519958,0.26235024631023407,0.516013503074646,0.008686989545822144,0.03765569627285004,1.8648462653160096,-0.006611496210098267,-0.01249794289469719,-0.009748265147209167,28463.322265625,11816.890625,16646.431640625,28247.423828125,11690.537109375,16556.88671875,0.007585145533084869,0.01069261971861124,0.005379226058721542,0.7585145533084869,-0.49782152473926544,-0.10937776386737819,-0.6203175969421864,-0.04051568329334254,-0.604148435592651,0.10765214323997546,2.7185558998584747,275.1437622902701,275.1437622902701,greedy,2.7185558998584747,0.0,hard_fault_cluster,0.0031755787748411896,False
146,N3295,control1,-0.13687603175640106,1.1974956563115118,1.0553025305271149,0.06421239048242568,0.7783721766024827,1.1879954477285521,1.1974956563115118,1.1974956563115118,-0.04750104291479792,0.2,0,2,0,0.0,-0.050324235384941185,0,1,0,0.0,-0.13687603175640106,0.04579208791255951,0.18146204292774196,0.05469955801963806,0.0004579208791255951,-0.1392243206501007,0.11964741349220276,-0.301784485578537,0.5816360116004944,0.14082696288824081,0.05050213634967804,0.2311517894268036,0.04579208791255951,0.9994607403874397,-0.008445650339126587,-0.014787867665290833,-0.009861402213573456,28249.173828125,11691.318359375,16557.85546875,28435.28515625,11862.1015625,16573.18359375,-0.006588204298168421,-0.014607694000005722,-0.0009257313213311136,-0.6588204298168421,-0.6791255325078964,-2.07482280343771,-0.8032051585614681,-2.680963655412197,0.25874143540859224,0.29485142905265094,1.1974956563115118,276.3412579465816,276.3412579465816,greedy,1.1974956563115118,0.0,hard_fault_cluster,0.004165645675079641,False
147,N3467,control1,-0.0014332784339785576,3.2104605334997176,2.62852229475975,0.07780039966106414,2.0867993467748165,3.2217820158516597,3.2104605334997176,3.2104605334997176,0.05660741175971083,0.2,0,2,0,0.0,0.17047019745573164,0,1,0,0.0,-0.0014332784339785576,0.0711781233549118,0.482324052453041,0.06565859913825989,0.0007117812335491181,-0.1428767442703247,0.11931542307138443,-0.17478199303150177,0.4741811454296112,0.15285971015691757,0.05435462296009064,0.2513647973537445,0.0711781233549118,2.3138218891620634,-0.006748124957084656,-0.01709655299782753,-0.007585763931274414,28435.0546875,11862.0615234375,16572.994140625,28534.587890625,11933.21875,16601.369140625,-0.0035003696102648973,-0.005998723674565554,-0.0017121226992458105,-0.35003696102648973,-0.48431894928216934,0.17179501771926875,-0.6271891091018915,-0.3602609562873841,1.2595698714256287,0.9680525612644852,3.2104605334997176,279.5517184800813,279.5517184800813,greedy,3.2104605334997176,0.0,hard_fault_cluster,0.04913076341647771,False
148,N5867,observe,-0.019959498196840286,1.8015997255709952,2.9612167477607727,0.19638612265000116,1.1710398216211468,1.9585247906505743,1.91889235140235,1.8238909980239304,0.7846253253978955,0.2,2,2,1,0.5864631291567731,1.0,2,1,1,0.11145636226467559,-0.019959498196840286,0.20884038507938385,1.085688670197269,2.2828356504440306,0.0020884038507938386,0.038363248109817505,-0.009726179763674736,0.13909341394901276,1.2011940479278564,0.15331432968378067,-0.10752643644809723,0.41415509581565857,-0.009726179763674736,0.5082050142227672,0.005147680640220642,0.06050306558609009,-0.006377816200256348,28533.505859375,11933.205078125,16600.30078125,28740.287109375,11923.865234375,16816.421875,-0.007246962748467922,0.000782676856033504,-0.013019107282161713,-0.7246962748467922,0.7138822693377733,4.486430381718092,0.5645466153509915,5.964150737705641,1.9035340064554473,3.3372971041960406,1.8238909980239304,281.3756094781053,281.3756094781053,greedy,1.8238909980239304,0.0,hard_fault_cluster,0.0036606373815676174,False
149,N3525,control1,-0.10724421590566635,1.6367370321601629,1.357351541519165,0.2841635512560606,1.063879070904106,1.6367370321601629,1.6367370321601629,1.6367370321601629,0.0,0.2,0,2,0,0.0,0.0056916343472894985,0,1,0,0.0,-0.10724421590566635,0.2103922814130783,1.258906091377139,1.1638285756111144,0.002103922814130783,-0.021073251962661743,-0.0002751331776380539,-0.9974245429039001,0.6608275771141052,-0.06745978444814682,-0.2836344838142395,0.14871491491794586,-0.0002751331776380539,1.1727203778550028,0.00048644840717315674,0.04556158185005188,-0.005660876631736755,28742.0,11924.2021484375,16817.796875,28951.4765625,12104.3876953125,16847.087890625,-0.007288169115781784,-0.015110909938812256,-0.0017416678601875901,-0.7288169115781784,0.25876198895275593,0.20485963638871907,0.10117412777617574,0.18681471016258,1.018202232196927,1.0703428896516562,1.6367370321601629,283.01234651026544,283.01234651026544,greedy,1.6367370321601629,0.0,hard_fault_cluster,0.05101302460202606,False
150,N694,observe,0.11597178131341934,2.5969112752377987,3.5248333692550657,0.24135260030627248,1.6879923289045693,2.7944704380155025,2.5969112752377987,2.5969112752377987,0.9877958138885187,0.2,3,2,1,0.0,1.0,2,1,1,0.0,0.11597178131341934,0.22650139033794403,1.455044517815113,2.5364556074142453,0.0022650139033794404,-0.036403805017471313,-0.001966981217265129,-0.33563265204429626,1.307182788848877,0.20745371282100677,0.05175107717514038,0.36315634846687317,-0.001966981217265129,0.7217549768090248,0.011175267398357391,0.0699605941772461,-0.0038458704948425293,28949.828125,12103.09375,16846.734375,28822.12109375,12059.7626953125,16762.357421875,0.00441132253035903,0.0035801634658128023,0.005008505191653967,0.441132253035903,1.342061148956418,1.3268256798386573,1.1736603421159089,1.3268898144364356,1.6935812905430794,3.2008278388530016,2.5969112752377987,285.60925778550325,285.60925778550325,greedy,2.5969112752377987,0.0,hard_fault_cluster,0.00011587485515644401,True
151,N1586,control1,0.14858227968215942,3.480169912725687,2.6050894856452937,0.44432445004582405,2.2621104432716965,3.5080620992338645,3.480169912725687,3.480169912725687,0.13946093254088732,0.2,3,2,1,0.0,0.4157396331780316,2,1,1,0.0,0.14858227968215942,0.2305344194173813,2.436463923752308,1.9711791276931763,0.002305344194173813,-0.030813604593276978,0.007033778354525566,-0.8136410713195801,0.758421003818512,-0.04092451184988022,-0.22040997445583344,0.138560950756073,0.007033778354525566,1.2733880096673964,0.009804252535104752,0.06369202584028244,-0.0032973214983940125,28821.81640625,12060.556640625,16761.259765625,28762.08984375,12063.4912109375,16698.59765625,0.002072269096970558,-0.000243319635046646,0.003738508326932788,0.20722690969705582,1.217993451282382,1.2366098833084107,1.0398173029534519,1.2223564457893372,2.40595683157444,2.0882324743270875,3.480169912725687,289.0894276982289,289.0894276982289,greedy,3.480169912725687,0.0,hard_fault_cluster,0.0014010507880910697,True
152,N647,control1,0.014343750663101673,4.474582898132503,3.3037505626678465,0.39283535774797196,2.908478883786127,4.474582898132503,4.474582898132503,4.474582898132503,0.0,0.2,3,2,1,0.0,0.004044684870027354,2,1,1,0.0,0.014343750663101673,0.22911085188388824,2.813112278655171,2.2556469202041627,0.0022911085188388825,-0.03968912363052368,0.005914630368351936,-0.8296219706535339,0.6142959594726562,-0.05940811336040497,-0.253303587436676,0.1344873607158661,0.005914630368351936,0.9434254649281502,0.008820075541734695,0.06507016718387604,-0.00425044447183609,28763.37109375,12063.4384765625,16699.931640625,28783.078125,12036.0380859375,16747.0390625,-0.0006851432844996452,0.0022713581565767527,-0.0028208151925355196,-0.06851432844996452,1.1170330364257097,1.284936541542411,0.9407639247365296,1.2649891319125892,3.0766989037394525,2.4515570443868637,4.474582898132503,293.5640105963614,293.5640105963614,greedy,4.474582898132503,0.0,hard_fault_cluster,0.0006214396685654877,True
153,N7402,observe,-0.03258934244513512,3.9750501974672074,4.445166349411011,0.3653503852337598,2.583782628353685,4.077256332368239,3.9750501974672074,3.9750501974672074,0.5110306745051595,0.2,3,2,1,0.0,0.650583057631651,2,1,1,0.0,-0.03258934244513512,0.22728310525417328,2.643513648957014,3.380353093147278,0.0022728310525417326,-0.03267976641654968,0.005411768332123756,-0.3192155063152313,1.3503586053848267,0.15845365822315216,-0.048157453536987305,0.3650647699832916,0.005411768332123756,0.883328318297863,0.010293819010257721,0.07360672950744629,-0.004614293575286865,28780.42578125,12034.98828125,16745.4375,28842.056640625,12013.376953125,16828.6796875,-0.0021414158400148153,0.0017957083182409406,-0.004971036687493324,-0.21414158400148153,1.2620767746120691,1.8185879123210906,1.0875556194223464,1.7847458255290984,2.8866642281413077,3.97633174829185,3.9750501974672074,297.53906079382864,297.53906079382864,greedy,3.9750501974672074,0.0,hard_fault_cluster,0.00010004001600639154,True
154,N7729,control0,-0.09156227111816406,4.607684664446861,5.006403493881225,0.3087419278360903,2.99499503189046,4.607298241844105,4.607684664446861,4.607684664446861,-0.0019321130137823677,0.2,3,3,1,0.0,0.004438914478463848,2,2,1,0.0,-0.09156227111816406,0.18163101375102997,0.3362456094380468,-2.2671869695186615,0.0018163101375102996,-0.04009482264518738,0.030398985370993614,-0.8644020557403564,0.6562873125076294,0.058570995926856995,0.14808328449726105,-0.030941292643547058,0.030398985370993614,2.3972356305364517,0.005164328962564468,0.04588957875967026,-0.007485255599021912,28842.478515625,12013.763671875,16828.71484375,28610.05078125,11887.6748046875,16722.375,0.008058521896600723,0.010495367459952831,0.006318951956927776,0.8058521896600723,0.7284628953784704,0.8782991999853401,0.5694403960369527,0.8727089176047592,1.9263623230159281,1.8821355099603534,4.607684664446861,302.1467454582755,302.1467454582755,greedy,4.607684664446861,0.0,hard_fault_cluster,0.0015050907481186672,True
155,N7728,control0,-0.19594062864780426,1.5767981695383784,3.1134622216224668,-0.10176270231604607,1.024918810199946,1.7289315212853136,1.5767981695383784,1.5767981695383784,0.7606667587346763,0.2,2,3,0,0.0,0.5575471176870579,1,2,0,0.0,-0.19594062864780426,0.055854782462120056,-4.3670632180199025,-5.578458642959594,0.0005585478246212006,-0.13811573386192322,0.1141042709350586,-0.24861307442188263,0.5456351637840271,0.256515696644783,0.5082969069480896,0.00473448634147644,0.055854782462120056,2.941272024177015,-0.002399168908596039,-0.014874525368213654,-0.006562173366546631,28610.044921875,11887.677734375,16722.3671875,28384.6484375,11777.7041015625,16606.943359375,0.007878229022026062,0.009251060895621777,0.0069023617543280125,0.7878229022026062,-0.06995783746242523,0.41294597875326877,-0.19742712751030922,0.4480375428125263,-0.8877120345830916,0.05298717752099069,1.5767981695383784,303.7235436278139,303.7235436278139,greedy,1.5767981695383784,0.0,hard_fault_cluster,0.004205116224740104,False
156,N7727,control0,-0.21841518580913544,1.8842688857018945,3.0706078529357907,0.15949195668101301,1.2247747757062315,1.9636931100750035,1.9550022830451281,1.9243294560884867,0.39712112186554505,0.2,3,3,1,0.35366698671616803,0.33325299628529337,2,2,1,0.20030285193296024,-0.21841518580913544,0.05988284945487976,-3.0329209666699173,-4.666004180908203,0.0005988284945487976,-0.16327479481697083,0.11036257445812225,-0.21647143363952637,0.5416277647018433,0.27273451536893845,0.5344093441963196,0.011059686541557312,0.05988284945487976,3.8004549401253462,-0.0010258182883262634,-0.020673487335443497,-0.006406150758266449,28384.65625,11777.71875,16606.9375,28183.01171875,11681.783203125,16501.228515625,0.007103997748345137,0.008145512081682682,0.006365350913256407,0.7103997748345137,0.06766359508037567,1.1679647704213858,-0.06002047285437584,1.1743472953885794,-0.3106953322887419,0.42804803401231795,1.9243294560884867,305.6478730839024,305.6478730839024,greedy,1.9243294560884867,0.0,hard_fault_cluster,0.004247233709623316,False
157,N2652,control1,-0.22499756515026093,1.9779173549057578,1.6028151273727418,0.11283547690682995,1.2856462806887425,1.9959260425424026,1.9815286493027766,1.9779173549057578,0.09004343818322376,0.2,2,2,1,0.018056471985094177,0.18760295796366247,1,1,0,0.0,-0.22499756515026093,0.056026145815849304,-3.0118453220848234,-2.601028549671173,0.0005602614581584931,-0.1494823843240738,0.1139087975025177,-0.27214211225509644,0.5208001136779785,0.16495583206415176,0.09555001556873322,0.2343616485595703,0.056026145815849304,3.0177345285683033,-0.003920748829841614,-0.02168569713830948,-0.006474189460277557,28184.9609375,11682.6728515625,16502.287109375,28365.697265625,11858.283203125,16507.4140625,-0.006412509363144636,-0.015031692571938038,-0.00031068138196133077,-0.6412509363144636,-0.22213993966579437,0.6590012652218092,-0.3495911471545696,0.6590025525860937,-0.5523065299548762,-0.16356529205501602,1.9779173549057578,307.62579043880817,307.62579043880817,greedy,1.9779173549057578,0.0,hard_fault_cluster,0.004619953800461999,False
158,N2721,control1,-0.1111513003706932,4.138014585375786,3.388032954931259,0.026811866164207335,2.689709480494261,4.1750770506327,4.138014585375786,4.138014585375786,0.1853123262845689,0.2,1,2,0,0.0,0.33731497428123847,0,1,0,0.0,-0.1111513003706932,0.0700831264257431,-3.29268655449152,-3.0264967024326324,0.000700831264257431,-0.14694622159004211,0.11224886029958725,-0.23003710806369781,0.45055606961250305,0.17119814455509186,0.09516756236553192,0.2472287267446518,0.0700831264257431,3.830510959923268,-0.005141489207744598,-0.021544937044382095,-0.006600365042686462,28365.333984375,11858.140625,16507.193359375,28432.58984375,11916.4013671875,16516.1875,-0.0023710583336651325,-0.00491314334794879,-0.0005448618903756142,-0.23710583336651325,-0.3318169340491295,1.0357467582821847,-0.46856592409312725,1.0357467582821847,0.3105513095855715,0.39818314856032444,4.138014585375786,311.76380502418397,311.76380502418397,greedy,4.138014585375786,0.0,hard_fault_cluster,0.07164606842199532,False
159,N2894,control1,-0.07791800051927567,5.591636846902795,4.402345132827758,0.1219507207563241,3.6345639504868172,5.604136885822315,5.591636846902795,5.591636846902795,0.06250019459759708,0.2,0,2,0,0.0,0.37016153449109546,0,1,0,0.0,-0.07791800051927567,0.06720143556594849,-2.509011505530667,-2.601721030473709,0.0006720143556594849,-0.08680897951126099,0.11811824142932892,-0.21816056966781616,0.525663435459137,0.14398708194494247,0.052935078740119934,0.23503908514976501,0.06720143556594849,3.6912672649710623,-0.007011622190475464,-0.019239109009504318,-0.00618821382522583,28432.32421875,11916.3017578125,16516.0234375,28494.005859375,11956.103515625,16537.90234375,-0.0021694195456802845,-0.0033401099499315023,-0.0013247078750282526,-0.21694195456802845,-0.515842542052269,1.1520643613172172,-0.654832299798727,1.1520646573084026,1.1000569048896982,0.9081636862773805,5.591636846902795,317.3554418710868,317.3554418710868,greedy,5.591636846902795,0.0,hard_fault_cluster,0.0061738166851353716,False
160,N2102,observe,-0.042313892394304276,5.5846867321431635,5.999999999999999,0.1175279204547405,3.6300463758930563,5.784686732143164,5.5846867321431635,5.5846867321431635,1.0,0.2,3,2,1,0.0,1.0,2,1,1,0.0,-0.042313892394304276,0.08188576996326447,0.3609608227014539,-2.2334379494190215,0.0008188576996326447,-0.1698722541332245,0.113741934299469,0.7503635287284851,0.7324485778808594,0.4968694597482681,0.5342016816139221,0.45953723788261414,0.08188576996326447,1.953576079905033,-0.0035649538040161133,-0.016083717346191406,-0.006461799144744873,28492.251953125,11955.0703125,16537.181640625,28374.13671875,11886.4892578125,16487.6484375,0.004145521204918623,0.005736566614359617,0.002995262620970607,0.4145521204918623,-0.16086767613887787,1.5160760653018952,-0.30758845433592796,1.497930623292923,2.5273545593023305,2.272780463546515,5.5846867321431635,322.94012860322994,322.94012860322994,greedy,5.5846867321431635,0.0,hard_fault_cluster,0.0006894438486287989,True
161,N7465,observe,-0.14812037348747253,5.678294710665941,5.999999999999999,0.17709663406014445,3.690891561932862,5.7983010553689,5.678294710665941,5.678294710665941,0.6000317235147931,0.2,3,2,1,0.0,0.7434875567881627,2,1,1,0.0,-0.14812037348747253,0.2081805318593979,2.2832408105582,2.9103380799293515,0.002081805318593979,-0.026273071765899658,-0.00034277699887752533,-0.200657919049263,0.9889280796051025,0.15932557731866837,-0.084996297955513,0.40364745259284973,-0.00034277699887752533,0.3596318452060222,0.008785009384155273,0.07817347347736359,-0.009760357439517975,28374.08984375,11886.6650390625,16487.42578125,28586.62109375,11943.521484375,16643.099609375,-0.007490328513085842,-0.004783212672919035,-0.009441972710192204,-0.7490328513085842,1.0863386932760477,2.2862497187405824,0.9304603771306574,2.246896944120526,3.4414771102368835,4.3369601216539735,5.678294710665941,328.6184233138959,328.6184233138959,greedy,5.678294710665941,0.0,hard_fault_cluster,0.009457364341085262,False
162,N2952,control1,-0.12056126445531845,3.284661165326834,2.4391878247261043,0.26009662911295894,2.135029757462442,3.2864917719167948,3.284661165326834,3.2982608182866193,0.009153032949804114,0.2,1,2,0,0.0,0.025021837892474297,1,1,1,0.06799826479892693,-0.12056126445531845,0.2031797617673874,1.738693873733282,1.0954587042331696,0.002031797617673874,-0.02643159031867981,0.01810566894710064,-1.107848048210144,0.6063259840011597,-0.08798067271709442,-0.32256919145584106,0.14660784602165222,0.01810566894710064,1.297787766456604,0.0016315728425979614,0.05280083417892456,-0.007039211690425873,28588.828125,11944.6171875,16644.2109375,28773.23828125,12076.7783203125,16696.4609375,-0.006450427230447531,-0.011064493097364902,-0.0031392297241836786,-0.6450427230447531,0.38444271497428417,0.6395974051952362,0.21847864193841815,0.6238000136613846,2.003464844822884,1.5088189534025516,3.2982608182866193,331.9166841321825,331.9166841321825,greedy,3.2982608182866193,0.0,hard_fault_cluster,0.05297504798464492,False
163,N7628,observe,-0.14873473346233368,5.673990244194865,5.977788209915161,0.1925307109206915,3.6880936587266624,5.804664523686015,5.673990244194865,5.673990244194865,0.6533713974557527,0.2,3,2,1,0.0,1.0,2,1,1,0.0,-0.14873473346233368,0.20293383300304413,1.9150351028889419,2.598417806625366,0.0020293383300304412,-0.019934117794036865,0.013067783787846565,-0.35174065828323364,1.0415617227554321,0.21600094810128212,0.0470932200551033,0.38490867614746094,0.013067783787846565,1.1019699853658675,0.004609476774930954,0.06197093427181244,-0.007258936762809753,28771.0625,12075.7734375,16695.2890625,28744.05859375,12007.6455078125,16736.412109375,0.0009385786834172904,0.005641703028231859,-0.0024631526321172714,0.09385786834172904,0.6769492942839861,1.82976876527071,0.5149480816908181,1.7981694224476814,3.1750245183706283,4.163765936940909,5.673990244194865,337.59067437637736,337.59067437637736,greedy,5.673990244194865,0.0,hard_fault_cluster,7.901390644756115e-05,True
164,N2779,control1,-0.08135652542114258,2.94257739469409,2.298101955652237,0.15784027919173238,1.9126753065511584,2.9715916322332587,2.94257739469409,2.94257739469409,0.14507118769584418,0.2,1,2,0,0.0,0.24036633021314335,0,1,0,0.0,-0.08135652542114258,0.18781723082065582,0.9483626203984021,0.5459472626447678,0.0018781723082065581,0.03624841570854187,0.02709994651377201,-1.0389503240585327,0.7022255063056946,-0.09522617608308792,-0.31689512729644775,0.1264427751302719,0.02709994651377201,1.5406420685350894,-0.0033928528428077698,0.024613186717033386,-0.002568840980529785,28746.10546875,12008.5830078125,16737.5234375,28854.7578125,12107.6328125,16747.125,-0.003779724007472396,-0.008248250931501389,-0.00057365489192307,-0.3779724007472396,-0.12436810694634914,0.5014318276941776,-0.28555598994717,0.5014318276941776,1.5148603335022928,1.1882700659334662,2.94257739469409,340.53325177107143,340.53325177107143,greedy,2.94257739469409,0.0,hard_fault_cluster,0.055202541699761715,False
165,N5617,observe,-0.1182522401213646,5.559564947485924,5.999999999999999,0.10154133021831516,3.613717215865851,5.695180253355438,5.559564947485924,5.559564947485924,0.6780765293475662,0.2,3,2,1,0.0,1.0,2,1,1,0.0,-0.1182522401213646,0.21533237397670746,2.166392346918583,2.877986705303192,0.0021533237397670744,-0.02748224139213562,-0.005910387262701988,-0.18068228662014008,1.0751166343688965,0.19524994492530823,-0.06736761331558228,0.45786750316619873,-0.005910387262701988,-0.1120569473505022,0.009151052683591843,0.07663042843341827,-0.009064778685569763,28852.3984375,12106.34765625,16746.05078125,28855.673828125,12077.615234375,16778.05859375,-0.00011352229921612889,0.0023733351845294237,-0.0019113648450002074,-0.011352229921612889,1.1245272550731897,2.1946711319684984,0.9674607650376856,2.00471077144146,3.4015406310558323,4.311001410186291,5.559564947485924,346.09281671855734,346.09281671855734,greedy,5.559564947485924,0.0,hard_fault_cluster,0.00023768024084931972,True
166,N3009,control1,-0.12926016747951508,2.0846989329904315,1.5360355973243711,0.23541087917983533,1.3550543064437806,2.0850196573143145,2.0846989329904315,2.094624888922838,0.0016036216194147412,0.2,1,2,0,0.0,0.0168336116308206,1,1,1,0.04962977966203348,-0.12926016747951508,0.2051251381635666,1.432624764367938,1.0366420328617094,0.002051251381635666,-0.027298033237457275,0.01173982210457325,-1.1172900199890137,0.6005497574806213,-0.08625487983226776,-0.3151392936706543,0.14262953400611877,0.01173982210457325,1.0320464534312486,0.0019144713878631592,0.052722372114658356,-0.0070191845297813416,28858.25390625,12079.0322265625,16779.22265625,29017.66796875,12183.7802734375,16833.88671875,-0.005524036940187216,-0.008671890944242477,-0.003257842268794775,-0.5524036940187216,0.40831209905445576,0.41555450554937123,0.24566337885335088,0.400659602843225,1.447925128415227,1.1477100805891314,2.094624888922838,348.1874416074802,348.1874416074802,greedy,2.094624888922838,0.0,hard_fault_cluster,0.0007981755986317124,True
167,N8790,control1,-0.03339390829205513,2.767689321786165,2.1859334766864773,0.14203195467591287,1.7989980591610073,2.8369212632112206,2.767689321786165,2.767689321786165,0.3461597071252779,0.2,3,2,1,0.0,0.8388036650422613,2,1,1,0.0,-0.03339390829205513,0.2051825374364853,1.338968878686428,0.929821103811264,0.002051825374364853,-0.0024126768112182617,0.012818900868296623,-0.5697992444038391,0.7724093198776245,-0.07341974973678589,-0.29700976610183716,0.15017026662826538,0.012818900868296623,0.8189898100495339,0.004567109048366547,0.05034103989601135,-0.004686780273914337,29015.47265625,12182.91796875,16832.5546875,28851.95703125,12081.69921875,16770.2578125,0.0056354631669819355,0.00830825138837099,0.003700975561514497,0.5635463166981936,0.6747123431414366,1.2372699756920338,0.5112112644128501,1.2301804800331593,1.824184489250183,1.4456831339001655,2.767689321786165,350.9551309292664,350.9551309292664,greedy,2.767689321786165,0.0,hard_fault_cluster,0.001730665224445648,True
168,N5876,observe,-0.10461264103651047,5.508436356997991,5.999999999999999,0.06900495445326672,3.5804836320486944,5.658240924217296,5.64253499412083,5.688397513485035,0.7490228360965254,0.2,3,2,1,0.6704931856141931,1.0,2,1,1,0.8998057824352208,-0.10461264103651047,0.21217288076877594,2.5046520376970873,3.2899074316024777,0.0021217288076877594,-0.010284274816513062,-0.010376935824751854,-0.06151873618364334,1.2289851903915405,0.13377900421619415,-0.14802515506744385,0.41558316349983215,-0.010376935824751854,-0.7428287395971712,0.008610043674707413,0.08446718752384186,-0.010706745088100433,28852.4140625,12082.2509765625,16770.1640625,29175.62890625,12166.529296875,17009.099609375,-0.01120235025882721,-0.006975382566452026,-0.014247656799852848,-1.120235025882721,1.0628003124147654,1.5876335543776805,0.9114533537067473,1.6107606333876903,3.5932147881670975,4.435589612308613,5.688397513485035,356.6435284427514,356.6435284427514,greedy,5.688397513485035,0.0,hard_fault_cluster,0.0002387584560285894,True
169,N7852,control0,-0.19132627546787262,1.1256046330183744,2.5886669993400573,0.07102085791528225,0.7316430114619434,1.1646253382575622,1.1256046330183744,1.1256046330183744,0.19510352619593893,0.2,0,3,0,0.0,0.23104171151294212,0,2,0,0.0,-0.19132627546787262,0.19647832214832306,0.5550202810764313,2.070913368463516,0.0019647832214832305,-0.022213220596313477,0.0009291414171457291,-0.9896552562713623,0.7476829290390015,0.037980686873197556,0.07380975037813187,0.0021516233682632446,0.0009291414171457291,0.6148861216008663,0.007064487785100937,0.07557471096515656,-0.010963082313537598,29175.357421875,12166.158203125,17009.19921875,29109.869140625,12134.908203125,16974.9609375,0.002244643634185195,0.0025686004664748907,0.0020129273179918528,0.2244643634185195,0.9038562420755625,0.6511362070590258,0.7558006444014609,0.6527464265376329,0.8137704938650131,2.6289508210122583,1.1256046330183744,357.7691330757698,357.7691330757698,greedy,1.1256046330183744,0.0,hard_fault_cluster,0.027538940809968857,False
170,N2157,observe,-0.06416691094636917,1.619227473847568,2.8550427556037903,0.16720068331807852,1.0524978580009192,1.819227473847568,1.619227473847568,1.619227473847568,1.0,0.2,3,2,1,0.0,1.0,2,1,1,0.0,-0.06416691094636917,0.2135702222585678,1.1315062571316956,2.4716276884078976,0.002135702222585678,-0.027587175369262695,0.004754042252898216,-0.3157762587070465,1.1580145359039307,0.2673798277974129,0.23656977713108063,0.2981898784637451,0.004754042252898216,0.7164787343144416,0.01020321249961853,0.08278468251228333,-0.008209921419620514,29109.904296875,12134.990234375,16974.9140625,29028.72265625,12148.8759765625,16879.845703125,0.002788797952234745,-0.0011442730901762843,0.005600520875304937,0.2788797952234745,1.238645514473319,1.1463291871547698,1.0749023160897195,1.1371827948093414,1.2287149891257287,2.8986647429317234,1.619227473847568,359.38836054961735,359.38836054961735,greedy,1.619227473847568,0.0,hard_fault_cluster,0.0,True
171,N3067,control1,-0.18076612055301666,2.4186695449426767,1.706581038236618,0.31263864103704686,1.57213520421274,2.402919692626437,2.4186695449426767,2.4186695449426767,-0.07874926158119884,0.2,3,2,1,0.0,-0.0431170428440666,2,1,1,0.0,-0.18076612055301666,0.2095407098531723,1.7291628452017902,1.2178201496601104,0.0020954070985317232,-0.03535276651382446,0.013373566791415215,-1.1781617403030396,0.6958729028701782,-0.09092278778553009,-0.31116437911987305,0.12931880354881287,0.013373566791415215,1.676322434861213,0.003209054470062256,0.06697578728199005,-0.008954271674156189,29030.91015625,12149.515625,16881.39453125,29163.77734375,12256.92578125,16906.8515625,-0.0045767491683363914,-0.008840694092214108,-0.0015079934382811189,-0.45767491683363914,0.5438197236508131,0.4628958883322775,0.37663401616737247,0.4452892723120749,1.5874291418120265,1.2179707552026957,2.4186695449426767,361.80703009456005,361.80703009456005,greedy,2.4186695449426767,0.0,hard_fault_cluster,0.000249968753905762,True
172,N2837,control1,-0.07932084053754807,3.467158347144723,2.4126636743545533,0.4179778612405062,2.25365292564407,3.448474953049123,3.467158347144723,3.467158347144723,-0.09341697047800049,0.2,3,2,1,0.0,-0.03300020810628318,2,1,1,0.0,-0.07932084053754807,0.21363838016986847,2.4726063046604394,1.6843802750110626,0.002136383801698685,-0.0436873733997345,0.019883373752236366,-1.1953108310699463,0.6451394557952881,-0.08336396515369415,-0.3090341091156006,0.14230617880821228,0.019883373752236366,1.8070837249606848,0.0003607124090194702,0.058896809816360474,-0.009530998766422272,29163.25390625,12256.7255859375,16906.52734375,29128.390625,12255.2666015625,16873.125,0.0011954524088650942,0.0001190354087157175,0.001975707011297345,0.11954524088650942,0.26959299482405186,0.784985369630158,0.09445167938247323,0.7694634260609746,2.338456531986594,1.7210796914994715,3.467158347144723,365.2741884417048,365.2741884417048,greedy,3.467158347144723,0.0,hard_fault_cluster,0.0003198294243070484,True
173,N8239,control1,-0.07058659940958023,5.785221365839243,4.402347224950789,0.2451408691704273,3.7603938877955083,5.875901076589322,5.8009290750454205,5.801443834560109,0.45339855375039306,0.2,2,2,1,0.07853854603088722,0.6937709352755281,2,1,1,0.0811123436043264,-0.07058659940958023,0.21775229275226593,2.3874303431808945,1.3449436366558074,0.0021775229275226592,-0.046033650636672974,0.012785492464900017,-0.6063528656959534,0.8068131804466248,-0.06585320830345154,-0.2841271758079529,0.1524207592010498,0.012785492464900017,0.8842075328668577,0.0073889680206775665,0.06812497973442078,-0.00693858414888382,29126.30078125,12254.4833984375,16871.818359375,28892.7265625,12092.0087890625,16800.71875,0.008019357919692993,0.013258380815386772,0.004214104730635881,0.8019357919692993,0.9694345872849226,2.039815881396062,0.7965312483720481,2.031612136507756,3.4453765690326694,2.4720032832026484,5.801443834560109,371.0756322762649,371.0756322762649,greedy,5.801443834560109,0.0,hard_fault_cluster,0.0015079165619502214,True
174,N8789,control1,-0.05163976177573204,5.995493671833538,4.405403316020965,0.3789505184395239,3.8970708866918,6.062266563356158,5.995493671833538,5.995493671833538,0.33386445761310146,0.2,3,2,1,0.0,0.6196747180915669,2,1,1,0.0,-0.05163976177573204,0.22146902978420258,2.811691231350414,1.5888291358947753,0.002214690297842026,-0.04649615287780762,0.018259739503264427,-0.6138527393341064,0.7937721014022827,-0.08005966991186142,-0.314480721950531,0.15436138212680817,0.018259739503264427,1.548988192975521,0.008768200874328613,0.07338196039199829,-0.006499454379081726,28892.771484375,12092.00390625,16800.767578125,28838.43359375,12052.83984375,16785.59375,0.0018806742737069726,0.0032388397958129644,0.0009031628142111003,0.18806742737069726,1.1165488567203283,2.143097201138735,0.9367522797547281,2.1312809379398825,3.639973805844784,2.6043652947992086,5.995493671833538,377.0711259480984,377.0711259480984,greedy,5.995493671833538,0.0,hard_fault_cluster,0.0,True
175,N8240,control1,-0.019459981471300125,6.115474079996347,4.40530280470848,0.4553016872704028,3.975058151997626,6.1986650706204625,6.115474079996347,6.115474079996347,0.41595495312057634,0.2,3,2,1,0.0,0.8115923987652656,2,1,1,0.0,-0.019459981471300125,0.22564511001110077,3.0565812183916568,1.7228215217590332,0.0022564511001110076,-0.04880717396736145,0.02442478947341442,-0.5526050925254822,0.8722015023231506,-0.10136018693447113,-0.3268890380859375,0.12416866421699524,0.02442478947341442,1.8389518153667448,0.00971323624253273,0.07728148996829987,-0.00612330436706543,28838.498046875,12052.974609375,16785.5234375,28831.66796875,12048.806640625,16782.861328125,0.00023683889594394714,0.0003458041464909911,0.00015859554696362466,0.023683889594394714,1.2213935237377882,2.253087015748024,1.0338410991244018,2.238872500061989,3.7578964173793796,2.680872347280383,6.115474079996347,383.1866000280948,383.1866000280948,greedy,6.115474079996347,0.0,hard_fault_cluster,0.0,True
176,N652,control1,0.05835864320397377,6.216294949948788,4.425099152326583,0.5194604226946831,4.040591717466712,6.260182398856971,6.216294949948788,6.216294949948788,0.21943724454091565,0.2,3,2,1,0.0,0.9733888660413691,2,1,1,0.0,0.05835864320397377,0.2368801087141037,3.6053586974740024,2.583837485313415,0.002368801087141037,-0.043335676193237305,0.029863053932785988,-0.6005530953407288,0.7526140213012695,-0.07158438116312027,-0.28824788331985474,0.1450791209936142,0.029863053932785988,1.7571696946024893,0.009881138801574707,0.0833643227815628,-0.004995726048946381,28827.703125,12043.26171875,16784.44140625,28904.18359375,12093.4189453125,16810.765625,-0.002653019968420267,-0.0041647544130682945,-0.0015683702658861876,-0.2653019968420267,1.2548570428043604,2.265499473065138,1.0547996708191931,2.240435243099928,4.047191964089871,3.0424031603336337,6.216294949948788,389.4028949780436,389.4028949780436,greedy,6.216294949948788,0.0,hard_fault_cluster,0.0,True
177,N7482,observe,-0.14613424241542816,5.9497601423412565,5.999999999999999,0.3498473633080721,3.867344092521817,6.11653765956396,5.9497601423412565,5.9497601423412565,0.8338875861135165,0.2,3,2,1,0.0,1.0,2,1,1,0.0,-0.14613424241542816,0.22161372005939484,2.544833624139428,2.987807476520538,0.0022161372005939485,-0.050575315952301025,0.032433368265628815,-0.3858020603656769,0.7657074332237244,0.2736077457666397,0.22432497143745422,0.3228905200958252,0.032433368265628815,1.7381211537122725,0.0023192912340164185,0.062219299376010895,-0.00785016268491745,28908.01171875,12098.71484375,16809.296875,28916.65234375,12116.3701171875,16800.28125,-0.00029890070436522365,-0.0014592685038223863,0.0005363475647754967,-0.029890070436522365,0.4859762117266655,1.7311715039610864,0.29544089548289776,1.716032520234585,3.465399050712586,4.272074401974678,5.9497601423412565,395.35265512038484,395.35265512038484,greedy,5.9497601423412565,0.0,hard_fault_cluster,0.0,True
178,N8238,control1,-0.07520035654306412,6.122054738192818,4.402672272920608,0.4594893788499757,3.979335579825332,6.200942772036562,6.122054738192818,6.122054738192818,0.3944401692187186,0.2,3,2,1,0.0,0.8325851254653232,2,1,1,0.0,-0.07520035654306412,0.22543056309223175,3.2703368390304965,1.8961914122104644,0.0022543056309223177,-0.05662134289741516,0.031061986461281776,-0.575824499130249,0.8919573426246643,-0.1126348003745079,-0.3634583353996277,0.13818873465061188,0.031061986461281776,1.676807365119457,0.007194157689809799,0.07208466529846191,-0.005724616348743439,28916.78515625,12116.4970703125,16800.2890625,28764.951171875,12020.224609375,16744.7265625,0.005250721238553524,0.007945569232106209,0.0033072347287088633,0.5250721238553524,0.9759083185344934,2.305495728701353,0.7835389063693583,2.293823470324278,3.878216461837292,2.7682492885738617,6.122054738192818,401.4747098585777,401.4747098585777,greedy,6.122054738192818,0.0,hard_fault_cluster,0.0,True
179,N628,control1,-0.21448393166065216,5.642922177277506,4.358750170469284,0.15458684008568524,3.667899415230379,5.565825662490993,5.642922177277506,5.677538261109278,-0.38548257393256546,0.2,2,2,0,0.0,-0.2867209512294265,2,1,1,0.17308041915886357,-0.21448393166065216,0.20598866045475006,1.5487691984698175,0.7310882151126861,0.0020598866045475005,-0.05397289991378784,0.03201896697282791,-1.245803713798523,0.6642937064170837,0.0016107186675071716,-0.1047155112028122,0.10793694853782654,0.03201896697282791,1.334997310042381,0.0007942914962768555,0.05763891339302063,-0.010658875107765198,28766.1171875,12020.56640625,16745.55078125,28784.357421875,12013.33984375,16771.017578125,-0.0006340874824672937,0.0006011832156218588,-0.001520809717476368,-0.06340874824672937,0.3174367770552635,1.6478490383923055,0.13893105648458004,1.6452114732563496,2.9405646190047268,2.1225291435420517,5.677538261109278,407.152248119687,407.152248119687,greedy,5.677538261109278,0.0,hard_fault_cluster,0.0004725897920605094,True
180,N7589,control1,-0.20241917669773102,4.938554249294102,3.764307206869125,0.20440743390470745,3.210060262041166,4.915768029485336,4.938554249294102,4.938554249294102,-0.11393109904382738,0.2,1,2,0,0.0,-0.1954964222913931,0,1,0,0.0,-0.20241917669773102,0.19825394451618195,1.6740712632611392,0.781404748558998,0.0019825394451618195,-0.05933022499084473,0.03109307773411274,-1.284179925918579,0.5093681216239929,0.04961409419775009,0.041308775544166565,0.05791941285133362,0.03109307773411274,1.2248688611388205,-0.0020342394709587097,0.045703597366809845,-0.012339279055595398,28783.140625,12013.2109375,16769.9296875,28617.431640625,11942.384765625,16675.046875,0.005757154431194067,0.005895690526813269,0.005657913628965616,0.5757154431194067,0.025923075154423714,1.410359120219946,-0.1460871915332973,1.4059275148808956,2.827322173118591,2.036931845471263,4.938554249294102,412.0908023689811,412.0908023689811,greedy,4.938554249294102,0.0,hard_fault_cluster,0.07628537933344495,False
181,N8607,control1,-0.04057931527495384,2.498596062250435,1.865325903892517,0.22888567898422477,1.6240874404627827,2.576295951763253,2.498596062250435,2.498596062250435,0.3884994475640901,0.2,0,2,0,0.0,0.8805069207917345,0,1,0,0.0,-0.04057931527495384,-0.018125832080841064,0.36360728412866583,-0.11035738736391067,-0.00018125832080841066,-0.037324994802474976,0.09757081419229507,0.003709405194967985,0.9021657705307007,-0.0015720613300800323,-0.11371026933193207,0.110566146671772,-0.018125832080841064,-1.3596816793829203,0.01010710746049881,0.029044128954410553,0.00011777132749557495,28617.3046875,11942.0830078125,16675.22265625,28549.361328125,11910.947265625,16638.4140625,0.002374205505475402,0.0026072287000715733,0.0022073823492974043,0.2374205505475402,1.090155728161335,1.6383969831466676,1.0305719915777445,1.7697172927856446,1.4792448349297045,1.1556707571074365,2.498596062250435,414.58939843123153,414.58939843123153,greedy,2.498596062250435,0.0,hard_fault_cluster,0.11788660332045525,False
182,N902,control1,0.3103780150413513,5.745318402647972,4.402347224950789,0.21974807441234587,3.734456961721182,5.902505956072281,5.745318402647972,5.745318402647972,0.7859377671215433,0.2,3,2,1,0.0,0.8002683889548414,2,1,1,0.0,0.3103780150413513,0.1637081652879715,1.5382463607192038,0.8849629938602447,0.001637081652879715,-0.15335264801979065,0.12853394448757172,0.08660731464624405,0.5845317244529724,0.17531496286392212,0.13818490505218506,0.21244502067565918,0.12853394448757172,2.111989732980728,-0.0013462305068969727,-0.012172278016805649,-0.005938917398452759,28543.978515625,11899.53515625,16644.443359375,28560.5859375,11962.8671875,16597.71875,-0.0005818187491968274,-0.005322227254509926,0.002807219745591283,-0.05818187491968274,0.15761905908584595,-0.258682134002447,-0.06156252324581146,0.40727060809731497,2.8461013004183773,2.158317460566759,5.745318402647972,420.3347168338795,420.3347168338795,greedy,5.745318402647972,0.0,hard_fault_cluster,0.0,True
183,N8237,control1,0.10093281418085098,2.069988827556372,1.624474400281906,0.1537070195376873,1.3454927379116417,2.1246350888308574,2.069988827556372,2.069988827556372,0.27323130637242793,0.2,3,2,1,0.0,1.0,2,1,1,0.0,0.10093281418085098,0.12605085968971252,0.7561066684126854,0.4934845089912414,0.0012605085968971253,-0.1698826253414154,0.134956493973732,0.440428763628006,0.7941113710403442,0.14526109397411346,0.06551046669483185,0.22501172125339508,0.12605085968971252,1.4891786654293537,-0.003710620105266571,-0.016446460038423538,-0.00676235556602478,28565.9921875,11974.2626953125,16591.728515625,28628.45703125,11975.79296875,16652.6640625,-0.0021866855677217245,-0.00012779688404407352,-0.003672646125778556,-0.21866855677217245,-0.11005465686321259,-1.2610038995742798,-0.305810172110796,-0.6315032720565796,1.0392179548740388,0.9052879885584116,2.069988827556372,422.40470566143586,422.40470566143586,greedy,2.069988827556372,0.0,hard_fault_cluster,0.0,True
184,N8606,control1,0.09744402021169662,2.9491947260499,2.262692612409592,0.19102314502000806,1.9169765719324352,2.9820525014789157,2.9491947260499,2.9491947260499,0.16428887714507862,0.2,3,2,1,0.0,1.0,2,1,1,0.0,0.09744402021169662,0.12580470740795135,0.9882387176156044,0.5576534450054168,0.0012580470740795136,-0.17613360285758972,0.1382700651884079,0.37417593598365784,0.7192656397819519,0.1402825564146042,0.05154944956302643,0.22901566326618195,0.12580470740795135,1.6245172929763794,-0.004557766020298004,-0.016285359859466553,-0.007304266095161438,28628.478515625,11975.783203125,16652.6953125,28662.470703125,11978.908203125,16683.5625,-0.0011873557232320309,-0.0002609432558529079,-0.0018535851268097758,-0.11873557232320309,-0.19170182943344116,-0.4801726377010346,-0.3897579088807106,-0.20794791340827945,1.496341925859451,1.1850518547781392,2.9491947260499,425.35390038748574,425.35390038748574,greedy,2.9491947260499,0.0,hard_fault_cluster,0.0,True
185,N515,control1,0.4860275089740753,5.572585686445236,4.193915218114853,0.2803625333309173,3.6221806961894036,5.686322713111512,5.572585686445236,5.572585686445236,0.5686851333313774,0.2,3,2,1,0.0,0.7516855638744008,2,1,1,0.0,0.4860275089740753,0.19599737226963043,1.543406935930252,0.7447499752044677,0.001959973722696304,-0.1307915449142456,0.13113178312778473,0.0340149812400341,0.47841906547546387,0.1746334359049797,0.06033499538898468,0.28893187642097473,0.13113178312778473,2.2202083671092985,-0.003501415252685547,-0.01117098331451416,-0.006885439157485962,28661.826171875,11973.419921875,16688.40625,28623.365234375,12008.501953125,16614.86328125,0.0013418871676549315,-0.0029299925081431866,0.004406829830259085,0.13418871676549315,-0.023012369871139526,-0.00500908166170122,-0.2683592364192009,0.05270496338605879,2.6583721667528155,1.9814332044124605,5.572585686445236,430.92648607393096,430.92648607393096,greedy,5.572585686445236,0.0,hard_fault_cluster,0.0,True
186,N8236,control1,0.21407388150691986,2.3491208724677564,1.872982859611511,0.22834387049078939,1.5269285671040418,2.404879686260932,2.3491208724677564,2.3491208724677564,0.27879406896587755,0.2,3,2,1,0.0,1.0,2,1,1,0.0,0.21407388150691986,0.13745756447315216,0.9370388051867484,0.5595759212970733,0.0013745756447315217,-0.1491720974445343,0.1345072090625763,0.40243807435035706,0.7952365279197693,0.13124116510152817,0.029450908303260803,0.23303142189979553,0.1345072090625763,1.6116480024158955,-0.006936497986316681,-0.01360144093632698,-0.00840047001838684,28623.640625,12013.90625,16609.734375,28663.0703125,11997.38671875,16665.68359375,-0.0013775217812508345,0.0013750341022387147,-0.003368459641933441,-0.13775217812508345,-0.42168502509593964,-0.2615412095189094,-0.625658605247736,-0.18428774863481517,1.1957635790109635,1.0691163978725673,2.3491208724677564,433.27560694639874,433.27560694639874,greedy,2.3491208724677564,0.0,hard_fault_cluster,0.0,True
187,N5726,control1,0.20724202692508698,2.728138645365834,2.126323163509369,0.2341976974159479,1.7732901194877921,2.7325007754307795,2.728138645365834,2.728138645365834,0.021810650324727385,0.2,3,2,1,0.0,0.5396767605255754,2,1,1,0.0,0.20724202692508698,0.13069580495357513,0.9900355468690395,0.5510920017957687,0.0013069580495357514,-0.1482541263103485,0.13139982521533966,0.055737365037202835,0.42200544476509094,0.19918404519557953,0.05667746067047119,0.34169062972068787,0.13069580495357513,2.020945065841079,-0.006966203451156616,-0.017359860241413116,-0.008004285395145416,28664.90625,11996.595703125,16668.310546875,28551.3046875,11966.041015625,16585.263671875,0.003963088616728783,0.00254694651812315,0.004982321057468653,0.39630886167287827,-0.4345247149467468,-0.19924832627177247,-0.6310964375734329,-0.08634592339396485,1.4041921392083165,1.2055892375111577,2.728138645365834,436.0037455917646,436.0037455917646,greedy,2.728138645365834,0.0,hard_fault_cluster,0.0,True
188,N8605,control1,0.17796480655670166,6.060421129297465,4.135805904865265,0.926046195682138,3.9392737340433523,6.112385915306856,6.060421129297465,6.060421129297465,0.25982393004695475,0.2,3,2,1,0.0,0.6821242352175171,2,1,1,0.0,0.17796480655670166,0.14513355493545532,2.3618706309888506,1.4298206031322478,0.0014513355493545532,-0.1773616075515747,0.13071227073669434,0.3295033276081085,0.6761719584465027,0.13986795768141747,0.03361385315656662,0.2461220622062683,0.13071227073669434,1.9753857848979532,-0.004953213036060333,-0.018713921308517456,-0.006985113024711609,28549.1015625,11966.71484375,16582.38671875,28552.96875,11951.03515625,16601.93359375,-0.00013545741967391223,0.0013102750526741147,-0.0011787733528763056,-0.013545741967391223,-0.21947547793388367,0.9550363655667752,-0.4263598471879959,0.8777282248716801,2.6706795320846135,2.4179981537023556,6.060421129297465,442.06416672106207,442.06416672106207,greedy,6.060421129297465,0.0,hard_fault_cluster,0.0,True
189,N626,control1,-0.09312819689512253,2.1980038178712134,2.0251055717468263,0.10178161181509496,1.4287024816162888,2.2247547251496385,2.1980038178712134,2.1980038178712134,0.1337545363921258,0.2,3,2,1,0.0,0.03719170409256357,2,1,1,0.0,-0.09312819689512253,0.08735106885433197,0.6137656770274043,1.0458944022655488,0.0008735106885433197,-0.1700020134449005,0.1256958395242691,-0.33962926268577576,0.5033074617385864,0.3573772758245468,0.4239272475242615,0.29082730412483215,0.08735106885433197,0.9955342095345259,-0.003438234329223633,-0.02474118396639824,-0.0059500038623809814,28553.98046875,11951.328125,16602.65234375,28617.716796875,11962.21875,16655.498046875,-0.002232134575024247,-0.0009112480911426246,-0.0031829674262553453,-0.22321345750242472,-0.1307765245437622,0.6007649456337094,-0.290561705827713,0.5648474400117993,1.2464663207530977,1.4681907515227794,2.1980038178712134,444.2621705389333,444.2621705389333,greedy,2.1980038178712134,0.0,hard_fault_cluster,0.0,True
190,N624,control1,-0.17939923703670502,5.367387536615134,4.627111232280732,0.04074956938624383,3.488801898799837,5.345519457850317,5.367387536615134,5.367387536615134,-0.10934039382408212,0.2,1,2,0,0.0,-0.043391893795185654,0,1,0,0.0,-0.17939923703670502,-0.05141866207122803,1.0673884262144566,0.4218369126319885,-0.0005141866207122803,-0.05346652865409851,0.10844828188419342,-0.6966221332550049,0.5651612281799316,0.167201928794384,0.15254056453704834,0.18186329305171967,-0.05141866207122803,1.1255570703744886,0.00036069750785827637,0.003840893507003784,-0.0031350553035736084,28617.5703125,11962.1640625,16655.40625,28615.6484375,11955.5166015625,16660.1328125,6.715716881444678e-05,0.0005557071999646723,-0.0002837854844983667,0.006715716881444678,0.09309937059879303,3.4886211746931073,0.050327155739068985,2.3379194134473797,2.9310436487197875,2.2819902075827123,5.367387536615134,449.6295580755484,449.6295580755484,greedy,5.367387536615134,0.0,hard_fault_cluster,0.040585037139137775,False
191,N5627,observe,-0.12644602358341217,1.9489353764604314,3.731095767021179,-0.48536548934644086,1.2668079946992805,2.0965402394675987,2.0103077961829934,1.9489353764604314,0.7380243150358361,0.2,2,2,1,0.30686209861280933,1.0,1,1,0,0.0,-0.12644602358341217,0.12343180179595947,0.8137944560905452,2.6546462297439573,0.0012343180179595946,-0.037819117307662964,0.036925844848155975,-0.09026392549276352,1.0735738277435303,0.2636260464787483,0.07208074629306793,0.4551713466644287,0.036925844848155975,1.350358579257736,0.0035925284028053284,0.045106276869773865,-0.011226080358028412,28614.18359375,11954.2783203125,16659.90625,29042.95703125,12087.017578125,16955.939453125,-0.014984646812081337,-0.011103912256658077,-0.01776920072734356,-1.4984646812081337,0.5196104869246483,2.265739291089121,0.3993422519415617,2.484733181374613,1.98048995230929,3.3873184690010385,1.9489353764604314,451.57849345200884,451.57849345200884,greedy,1.9489353764604314,0.0,hard_fault_cluster,0.05254257760599107,False
192,N7624,observe,-0.22549934685230255,2.279492437433801,3.7215297937393186,-0.17367806254769666,1.4816700843319708,2.415552526124357,2.33653359046774,2.279492437433801,0.6803004434527796,0.2,3,2,1,0.285205765169694,1.0,2,1,0,0.0,-0.22549934685230255,0.18795306980609894,1.124224416629295,2.688882744312286,0.0018795306980609894,-0.001963019371032715,-0.014504102990031242,-0.306355357170105,1.1103051900863647,0.1713205799460411,-0.03376220166683197,0.3764033615589142,-0.014504102990031242,-1.552178905477631,0.010861620306968689,0.08474250137805939,-0.010538406670093536,29042.75390625,12087.62890625,16955.125,29464.986328125,12275.8203125,17189.166015625,-0.014538304880261421,-0.015568926930427551,-0.013803555630147457,-1.4538304880261421,1.2596109975129366,1.0597587454423774,1.1295242724008858,1.0621333050832618,1.8523068875336322,3.303999476896861,2.279492437433801,453.85798588944266,453.85798588944266,greedy,2.279492437433801,0.0,hard_fault_cluster,0.16893523600439078,False
193,N8235,control1,-0.25301530957221985,2.3705680377408864,2.4122487545013427,0.2161447399482131,1.5408692245315763,2.4431671670373687,2.3705680377408864,2.3705680377408864,0.36299564648241245,0.2,3,2,1,0.0,1.0,2,1,1,0.0,-0.25301530957221985,0.19063325226306915,1.4317499432712792,1.3777163743972778,0.0019063325226306915,-0.021052509546279907,-0.0034911278635263443,-0.5262252688407898,0.8629099130630493,-0.0940249040722847,-0.24452875554561615,0.05647894740104675,-0.0034911278635263443,0.9064292132854461,0.011315848678350449,0.07982876896858215,-0.009342625737190247,29465.412109375,12276.119140625,17189.29296875,29335.26953125,12240.45703125,17094.8125,0.004416791256517172,0.002904998604208231,0.005496472120285034,0.4416791256517172,1.3187269922345877,1.6464295589923859,1.1783703989349306,1.6436777317523956,1.6989113748073579,1.9773645395040513,2.3705680377408864,456.22855392718355,456.22855392718355,greedy,2.3705680377408864,0.0,hard_fault_cluster,0.00013000520020800844,True
194,N8234,control1,-0.22936342656612396,4.8994386810436845,4.294966673851013,0.3106380810216069,3.184635142678395,4.96135678840789,4.8994386810436845,4.8994386810436845,0.30959053682103094,0.2,3,2,1,0.0,0.8483304130955718,2,1,1,0.0,-0.22936342656612396,0.19807903468608856,2.1332610942795873,1.5953394293785093,0.0019807903468608856,-0.026860833168029785,0.004332834854722023,-0.5331931114196777,0.8529196977615356,-0.0991685539484024,-0.2608736753463745,0.0625365674495697,0.004332834854722023,1.4981579601764676,0.012163646519184113,0.08273144066333771,-0.00813668966293335,29335.30859375,12240.47265625,17094.8359375,29284.84765625,12231.9140625,17052.93359375,0.0017201433656737208,0.0006992045091465116,0.0024511697702109814,0.17201433656737208,1.4187765214592218,2.031718562245369,1.266967619303614,2.0187664729356767,2.9579363673925396,2.7658903987705705,4.8994386810436845,461.12799260822726,461.12799260822726,greedy,4.8994386810436845,0.0,hard_fault_cluster,0.00039231071008238557,True
195,N6593,control1,-0.16747578978538513,6.1393928866833445,5.217874431610107,0.4705227460712194,3.990605376344174,6.1448335746474605,6.1393928866833445,6.1393928866833445,0.027203439820581907,0.2,3,2,1,0.0,0.05902233508107693,2,1,1,0.0,-0.16747578978538513,0.21006040275096893,3.548862556368112,2.7300325155258176,0.0021006040275096892,-0.030496954917907715,0.003018660470843315,-1.017987847328186,0.5105379223823547,-0.06979139894247055,-0.20020709931850433,0.06062430143356323,0.003018660470843315,1.330799225568771,0.010044682770967484,0.07741527259349823,-0.004664570093154907,29282.99609375,12229.78125,17053.21484375,29400.755859375,12341.087890625,17059.66796875,-0.004021438304334879,-0.009101278148591518,-0.00037841105950064957,-0.4021438304334879,1.2175473403185606,1.9373911286890508,1.0577380429022014,1.9124567176401617,4.058822774887085,3.570915444716811,6.1393928866833445,467.2673854949106,467.2673854949106,greedy,6.1393928866833445,0.0,hard_fault_cluster,0.0,True
196,N8783,control1,-0.09727618843317032,6.263153053065762,4.95354208946228,0.549279215587303,4.071049484492746,6.327680935844175,6.263153053065762,6.263153053065762,0.3226394138920598,0.2,3,2,1,0.0,0.7881628807823909,2,1,1,0.0,-0.09727618843317032,0.21391038596630096,3.735631520766765,2.37879421710968,0.0021391038596630095,-0.03822299838066101,0.006575101986527443,-0.5944351553916931,0.8255540132522583,-0.10652166232466698,-0.3342205882072449,0.12117726355791092,0.006575101986527443,1.6993251395225524,0.011911053210496902,0.0800575315952301,-0.004760153591632843,29402.552734375,12343.16015625,17059.392578125,29192.70703125,12209.087890625,16983.619140625,0.007136989384889603,0.010862070135772228,0.0044417427852749825,0.7136989384889603,1.4115908090025187,2.1377990320324898,1.2462266930378973,2.11959458142519,4.193408483266831,3.3356632110476494,6.263153053065762,473.5305385479764,473.5305385479764,greedy,6.263153053065762,0.0,hard_fault_cluster,0.0,True
197,N8233,control1,-0.06661290675401688,6.402191756255925,5.037837624549865,0.6377583903446793,4.161424641566351,6.469719219292333,6.402191756255925,6.402191756255925,0.3376373151820419,0.2,3,2,1,0.0,0.8314477647555377,2,1,1,0.0,-0.06661290675401688,0.22055156528949738,4.141290822252631,2.6895877122879024,0.0022055156528949737,-0.040665388107299805,0.01315850205719471,-0.5418510437011719,0.8917518854141235,-0.125009223818779,-0.34614992141723633,0.09613147377967834,0.01315850205719471,1.9056823992729184,0.01243315264582634,0.08255046606063843,-0.004432551562786102,29192.654296875,12209.103515625,16983.55078125,29145.111328125,12172.931640625,16972.1796875,0.0016285935416817665,0.0029626970645040274,0.0006695357151329517,0.16285935416817665,1.477025331929326,2.1245429593324663,1.301742781419307,2.1027978736162187,4.407992625236512,3.5000923259556296,6.402191756255925,479.93273030423234,479.93273030423234,greedy,6.402191756255925,0.0,hard_fault_cluster,0.0,True
198,N6531,observe,-0.17566393315792084,5.76091906145215,5.999999999999999,0.22967576637864112,3.744597389943898,5.8771332387549915,5.889622356076744,5.962718379509746,0.5810708865142054,0.2,3,2,1,0.6435164731229692,1.0,2,1,1,1.0089965902879772,-0.17566393315792084,0.21807952225208282,2.736400797218084,3.2716842174530028,0.0021807952225208283,-0.031396955251693726,0.0014494527131319046,-0.15070101618766785,1.088635802268982,0.186797134578228,-0.011380866169929504,0.3849751353263855,0.0014494527131319046,0.2707860155403613,0.013574644923210144,0.08923397958278656,-0.006470143795013428,29144.021484375,12171.830078125,16972.19140625,29338.431640625,12223.873046875,17114.55859375,-0.006670670118182898,-0.004275689832866192,-0.008388262242078781,-0.6670670118182898,1.5769934672862291,2.0441002132743598,1.412346736062318,2.0381702663749457,3.672646982222796,4.4872205384448165,5.962718379509746,485.8954486837421,485.8954486837421,greedy,5.962718379509746,0.0,hard_fault_cluster,0.0,True
199,N722,observe,0.03764776512980461,5.968116062581539,5.999999999999999,0.3615284034609794,3.8792754406780006,6.168116062581539,5.968116062581539,5.968116062581539,1.0,0.2,3,2,1,0.0,1.0,2,1,1,0.0,0.03764776512980461,0.2218586653470993,3.2011721909046167,3.5705687284469603,0.002218586653470993,-0.030983716249465942,-0.0010995212942361832,-0.3580530881881714,1.384127140045166,0.20548465102910995,0.04141859710216522,0.3695507049560547,-0.0010995212942361832,0.7512501817941664,0.017203081399202347,0.0923415869474411,-0.004736289381980896,29339.888671875,12224.580078125,17115.30859375,29254.71484375,12212.6015625,17042.11328125,0.0029030044097453356,0.000979871372692287,0.004276599269360304,0.29030044097453356,1.9410672839730978,2.3464846047759056,1.7754979259334505,2.334177676141262,3.933882483839989,4.6570236144959924,5.968116062581539,491.8635647463236,491.8635647463236,greedy,5.968116062581539,0.0,hard_fault_cluster,0.0,True
200,N7385,observe,-0.17977048456668854,5.973566273134201,5.999999999999999,0.36499671926721927,3.882818077537231,6.090559804199889,5.973566273134201,5.973566273134201,0.5849676553284384,0.2,3,2,1,0.0,1.0,2,1,1,0.0,-0.17977048456668854,0.21282245218753815,2.7460134004615244,3.136141061782837,0.0021282245218753816,-0.03562536835670471,0.007050694897770882,-0.32015931606292725,1.0246583223342896,0.1907775029540062,0.07649515569210052,0.30505985021591187,0.007050694897770882,1.5111095094680786,0.013460464775562286,0.07845430076122284,-0.004053071141242981,29254.4921875,12213.2451171875,17041.248046875,29240.53125,12224.4921875,17016.0390625,0.00047722371527925134,-0.0009208912379108369,0.0014792921720072627,0.047722371527925134,1.5659196246415377,1.9535229855775835,1.401014764327556,1.937677090764046,3.624925577640534,4.456201625466347,5.973566273134201,497.83713101945784,497.83713101945784,greedy,5.973566273134201,0.0,hard_fault_cluster,0.0,True
201,N2149,observe,-0.011733482591807842,6.213931994885206,5.999999999999999,0.5179567240178585,4.039055796675384,6.413931994885206,6.213931994885206,6.213931994885206,1.0,0.2,3,2,1,0.0,1.0,2,1,1,0.0,-0.011733482591807842,0.22327564656734467,3.9337768688797947,4.145968580245971,0.0022327564656734467,-0.035419583320617676,0.0076522622257471085,-0.2221541851758957,1.1515400409698486,0.2723398730158806,0.24003739655017853,0.30464234948158264,0.0076522622257471085,1.1166279441118239,0.016848929226398468,0.0861973762512207,-0.00333491712808609,29240.609375,12224.5380859375,17016.0703125,29078.3125,12131.9140625,16946.3984375,0.0055503929033875465,0.007576893549412489,0.004094474948942661,0.5550392903387547,1.9158208314329386,2.112314318493009,1.7426248998381197,2.096178149059415,4.3218112826347355,4.909177333712577,6.213931994885206,504.0510630143431,504.0510630143431,greedy,6.213931994885206,0.0,hard_fault_cluster,0.0,True
202,N5740,observe,-0.2642861306667328,4.872352387309075,5.008032369613647,0.4758341258764267,3.1670290517508985,5.036498774787879,4.872352387309075,4.872352387309075,0.8207319373940221,0.2,3,2,1,0.0,1.0,2,1,1,0.0,-0.2642861306667328,0.2120680958032608,3.6396781116724015,4.181329035758972,0.002120680958032608,-0.03152203559875488,0.007627548649907112,-0.43375852704048157,1.1911563873291016,0.14125902205705643,-0.08951859176158905,0.3720366358757019,0.007627548649907112,0.738744904398918,0.013643398880958557,0.08591204881668091,-0.006607711315155029,29077.34375,12131.072265625,16946.271484375,29248.736328125,12148.55078125,17100.185546875,-0.005894368514418602,-0.0014408054994419217,-0.009082473814487457,-0.5894368514418602,1.5840355325490236,1.7651567062735558,1.4192637992091477,1.7533353170752526,3.6927123814821243,4.500263047963381,4.872352387309075,508.92341540165216,508.92341540165216,greedy,4.872352387309075,0.0,hard_fault_cluster,0.0,True
203,N4489,observe,-0.36552560329437256,5.886585122067482,5.999999999999999,0.30964507767930627,3.826280329343863,6.037397681323584,5.886585122067482,5.886585122067482,0.7540627962805093,0.2,3,2,1,0.0,1.0,2,1,1,0.0,-0.36552560329437256,0.21076680719852448,2.9056688004173337,3.3493003129959105,0.0021076680719852446,-0.02890869975090027,0.0066191572695970535,-0.2875298261642456,1.1752572059631348,0.11488296836614609,-0.12481342256069183,0.354579359292984,0.0066191572695970535,0.9434206636808811,0.013382267206907272,0.08778364956378937,-0.00739036500453949,29250.09765625,12149.8232421875,17100.2734375,29373.28125,12170.50390625,17202.77734375,-0.004211390856653452,-0.0017021370586007833,-0.005994284525513649,-0.4211390856653452,1.5556126851588488,1.9254298893827946,1.3925732118077576,1.9147265641111881,3.656717273499817,4.476866227774881,5.886585122067482,514.8100005237196,514.8100005237196,greedy,5.886585122067482,0.0,hard_fault_cluster,0.0,True
204,N712,observe,-0.13238903880119324,5.902541720122099,5.999999999999999,0.31979927644133566,3.8366521180793645,6.102541720122099,5.902541720122099,5.902541720122099,1.0,0.2,3,2,1,0.0,1.0,2,1,1,0.0,-0.13238903880119324,0.21747983992099762,2.979040591418743,3.3959053516387936,0.002174798399209976,-0.02891165018081665,0.0017538238316774368,-0.25788551568984985,1.4011268615722656,0.2027811035513878,0.007535502314567566,0.398026704788208,0.0017538238316774368,0.7698824757337568,0.017138928174972534,0.09198999404907227,-0.005160324275493622,29372.7265625,12169.5546875,17203.171875,29300.41015625,12174.140625,17126.26953125,0.0024620257318019867,-0.0003768369206227362,0.004470242187380791,0.24620257318019867,1.9331264812499285,2.1759370459616183,1.7687012334354222,2.164869297891855,3.776277342438698,4.554580272585154,5.902541720122099,520.7125422438418,520.7125422438418,greedy,5.902541720122099,0.0,hard_fault_cluster,0.0013210039630118901,True
205,N7401,observe,-0.5066762566566467,6.007848834423348,5.999999999999999,0.3868128946330398,3.9051017423751766,6.204401511269441,6.007848834423348,6.007848834423348,0.9827633842304612,0.2,3,2,1,0.0,1.0,2,1,1,0.0,-0.5066762566566467,0.21755890548229218,3.093944566790014,3.4665289640426633,0.0021755890548229217,-0.03841167688369751,0.009944813326001167,-0.35225710272789,1.285487413406372,0.1953694336116314,0.10730098932981491,0.2834378778934479,0.009944813326001167,1.6177086499333382,0.011723421514034271,0.07752300798892975,-0.004632502794265747,29299.62109375,12173.7060546875,17125.916015625,29795.76953125,12385.17578125,17410.59375,-0.016933612525463104,-0.017371023073792458,-0.016622629016637802,-1.6933612525463104,1.3998458702117205,1.6417320607602597,1.2292180811055005,1.6213211654126645,3.6072899714112285,4.444738481417298,6.007848834423348,526.7203910782652,526.7203910782652,greedy,6.007848834423348,0.0,hard_fault_cluster,0.00227333511634127,True
206,N723,observe,-0.21125663816928864,5.752875340431928,5.999999999999999,0.22455703482031822,3.7393689712807534,5.952875340431929,5.752875340431928,5.752875340431928,1.0,0.2,3,2,1,0.0,1.0,2,1,1,0.0,-0.21125663816928864,0.21690095961093903,2.506019693389535,3.061958122253418,0.00216900959610939,-0.03531983494758606,0.0019014757126569748,-0.40609797835350037,1.2984070777893066,0.19501030445098877,0.03318852186203003,0.3568320870399475,0.0019014757126569748,0.6402298809587955,0.01744569092988968,0.08532796800136566,-0.0033519789576530457,29796.74609375,12385.4453125,17411.30078125,29580.62890625,12303.375,17277.25390625,0.007253046613186598,0.006626351270824671,0.007698843255639076,0.7253046613186598,1.963371528312564,1.9454598387330773,1.799269701819867,1.9395797213166954,3.498583791404963,4.374079464413226,5.752875340431928,532.4732664186971,532.4732664186971,greedy,5.752875340431928,0.0,hard_fault_cluster,0.00040333422963162175,True
207,N7551,observe,-0.1769160032272339,5.894250206574798,5.93297209739685,0.3693638699501753,3.8312626342736187,6.094250206574798,5.894250206574798,5.894250206574798,1.0,0.2,3,2,1,0.0,1.0,2,1,1,0.0,-0.1769160032272339,0.21837975084781647,2.9198320492357013,3.2852531194686887,0.002183797508478165,-0.03656226396560669,0.006740996614098549,-0.31633031368255615,0.9162752628326416,0.26172932237386703,0.19066931307315826,0.3327893316745758,0.006740996614098549,1.2603688818216323,0.018696635961532593,0.08242037892341614,-0.0011965036392211914,29579.419921875,12302.873046875,17276.546875,29279.41015625,12164.5830078125,17114.828125,0.010142517276108265,0.011240467429161072,0.009360594674944878,1.0142517276108265,2.0947843436151743,2.0528148202598095,1.925943783018738,2.040111163109541,3.7053780227899553,4.508495714813471,5.894250206574798,538.367516625272,538.367516625272,greedy,5.894250206574798,0.0,hard_fault_cluster,0.00013451708366962617,True
208,N7473,control0,-0.4014396369457245,5.844423222243786,5.999999999999999,0.2828147777915001,3.798875094458461,5.9045339693122685,5.844423222243786,5.844423222243786,0.30055373534241103,0.2,3,3,1,0.0,1.0,2,2,1,0.0,-0.4014396369457245,0.21050070226192474,2.7832148075103755,2.9000974178314207,0.0021050070226192475,-0.024862974882125854,0.009183252230286598,-0.6792603731155396,0.628326416015625,-0.04977037012577057,-0.018300041556358337,-0.0812406986951828,0.009183252230286598,0.886002097800374,0.015554394572973251,0.08551883697509766,-0.004419289529323578,29279.861328125,12165.119140625,17114.7421875,29415.734375,12179.716796875,17236.017578125,-0.00464049493893981,-0.001199960010126233,-0.007086019031703472,-0.464049493893981,1.7751234117895365,1.8915127353090795,1.610360445920378,1.8811285333056005,3.5806514710187916,3.7565176050364975,5.844423222243786,544.2119398475157,544.2119398475157,greedy,5.844423222243786,0.0,hard_fault_cluster,0.0,True
209,N8608,control1,-0.3320111036300659,5.9779551251232625,4.688797795772552,0.36778962507843965,3.885670831330121,6.077365526343812,5.9779551251232625,5.9779551251232625,0.49705200610274797,0.2,3,2,1,0.0,1.0,2,1,1,0.0,-0.3320111036300659,0.2153792530298233,2.9654978680610657,1.8543453812599182,0.002153792530298233,-0.029308289289474487,0.0132294911891222,-0.5916901230812073,0.8843257427215576,-0.14104349166154861,-0.3436369299888611,0.061549946665763855,0.0132294911891222,1.2968796673417091,0.01603376492857933,0.08434170484542847,-0.0034229233860969543,29416.388671875,12180.25,17236.138671875,29154.140625,12046.58984375,17107.55078125,0.008915032260119915,0.01097351498901844,0.007460365071892738,0.8915032260119915,1.8319852370768785,1.9693636137247088,1.6605286789126694,1.9584545332193377,3.717376680672169,2.995645131990314,5.9779551251232625,550.189894972639,550.189894972639,greedy,5.9779551251232625,0.0,hard_fault_cluster,0.00026986911347996246,True
210,N6743,control1,-0.486963152885437,5.711853003082797,5.175430440902709,0.19845191105268895,3.712704452003818,5.68242383764769,5.711853003082797,5.711853003082797,-0.14714582717553323,0.2,3,2,1,0.0,-0.021686893009550616,2,1,1,0.0,-0.486963152885437,0.20092816650867462,1.7720283381547777,1.333973157405853,0.002009281665086746,-0.03618094325065613,0.018349314108490944,-1.1653859615325928,0.5767629742622375,0.012884311378002167,-0.02860887348651886,0.05437749624252319,0.018349314108490944,1.4704449248313902,0.010657310485839844,0.07070186734199524,-0.00404714047908783,29152.82421875,12045.318359375,17107.505859375,29007.60546875,11967.0576171875,17040.548828125,0.004981292877346277,0.006497191730886698,0.003913898020982742,0.4981292877346277,1.28500852920115,1.6245978271961212,1.1205504187382758,1.6195469295978546,3.0454974561929706,3.0448272441327573,5.711853003082797,555.9017479757217,555.9017479757217,greedy,5.711853003082797,0.0,hard_fault_cluster,0.0,True
211,N2358,control1,-0.3435113728046417,5.931819339087233,5.056557011604308,0.3384304885100573,3.8556825704067017,5.915339344762554,5.931819339087233,5.931819339087233,-0.08239997162339319,0.2,3,2,1,0.0,0.05933966959270241,2,1,1,0.0,-0.3435113728046417,0.21026156842708588,2.6120259003946558,1.94140567779541,0.0021026156842708587,-0.04461294412612915,0.02648504264652729,-1.1883153915405273,0.6443533897399902,-0.07824862003326416,-0.27627116441726685,0.11977392435073853,0.02648504264652729,1.755079336101189,0.008715912699699402,0.06343255192041397,-0.004049807786941528,29010.36328125,11968.6982421875,17041.6640625,29030.740234375,12048.248046875,16982.4921875,-0.0007024025544524193,-0.006646487396210432,0.0034721887204796076,-0.07024025544524193,1.1083378810435534,1.5511155052436516,0.9307779227383435,1.540614716554992,3.3957302177790556,2.9734076399751945,5.931819339087233,561.833567314809,561.833567314809,greedy,5.931819339087233,0.0,hard_fault_cluster,0.00012919896640826886,True
212,N4529,observe,-0.30111443996429443,5.476860007345676,5.999999999999999,0.048910913765430455,3.5599590047746896,5.652040324982603,5.692952578253181,5.690684702167714,0.8759015881846319,0.2,3,2,1,1.0804628545375257,1.0,2,1,1,1.069123474110191,-0.30111443996429443,0.20886652171611786,2.385661549866199,3.1978829622268674,0.0020886652171611788,-0.015338748693466187,-0.005459284409880638,-0.18474222719669342,1.1940248012542725,0.07673554867506027,-0.2352750450372696,0.38874614238739014,-0.005459284409880638,-0.8142548492550851,0.015245269984006882,0.09233097732067108,-0.007550090551376343,29029.5078125,12048.16796875,16981.33984375,29367.40625,12137.7421875,17229.6640625,-0.01163982693105936,-0.007434675469994545,-0.014623358845710754,-1.163982693105936,1.7279342357069254,1.7148866577446462,1.5753788077272475,1.7170596046745779,3.4868829712271694,4.36647393129766,5.690684702167714,567.5242520169767,567.5242520169767,greedy,5.690684702167714,0.0,hard_fault_cluster,0.0006525711302531981,True
213,N714,observe,-0.13370852172374725,4.415846150815487,4.87763819694519,0.2920162984728813,2.8702999980300667,4.6158461508154875,4.415846150815487,4.415846150815487,1.0,0.2,3,2,1,0.0,1.0,2,1,1,0.0,-0.13370852172374725,0.21242810785770416,2.3967876434326167,3.0968378424644465,0.0021242810785770416,-0.02650916576385498,0.0026759710162878036,-0.39726871252059937,1.2760847806930542,0.1972278207540512,0.03534013032913208,0.35911551117897034,0.0026759710162878036,0.8284114012122153,0.01782572641968727,0.0919969379901886,-0.004528604447841644,29367.11328125,12136.958984375,17230.154296875,29304.703125,12151.50390625,17153.19921875,0.002125171711668372,-0.0011983992299064994,0.00446630222722888,0.21251717116683722,1.997676720842719,1.8426720989122987,1.836348661687225,1.8327608001604676,2.9465682566165925,4.015269366800785,4.415846150815487,571.9400981677921,571.9400981677921,greedy,4.415846150815487,0.0,hard_fault_cluster,0.00013032712107389558,True
214,N6673,observe,-0.06934995204210281,5.947668621093035,5.999999999999999,0.3485163952410221,3.865984603710473,6.142857074255229,5.947668621093035,5.947668621093035,0.975942265810969,0.2,3,2,1,0.0,1.0,2,1,1,0.0,-0.06934995204210281,0.21254928410053253,3.0231720194220544,3.394910836219787,0.0021254928410053254,-0.027044564485549927,0.0023256372660398483,-0.35857903957366943,1.1601104736328125,0.23266902565956116,0.07701006531715393,0.3883279860019684,0.0023256372660398483,0.9711833394691346,0.019302912056446075,0.09206339716911316,-0.003419049084186554,29304.3515625,12151.75,17152.6015625,29234.72265625,12145.6298828125,17089.09375,0.0023760602343827486,0.0005036407965235412,0.00370251783169806,0.23760602343827486,2.14516612701118,2.184171916800551,1.9840099359862506,2.1713767069159076,3.7955416381359104,4.567102064788342,5.947668621093035,577.8877667888852,577.8877667888852,greedy,5.947668621093035,0.0,hard_fault_cluster,0.0,True
215,N5874,observe,-0.3309924602508545,5.209710291624069,5.999999999999999,-0.17299064397811886,3.386311689555645,5.367644091929508,5.209710291624069,5.209710291624069,0.7896690015271918,0.2,2,2,0,0.0,1.0,2,1,0,0.0,-0.3309924602508545,0.2004225105047226,1.9621673732995983,3.0120440959930415,0.002004225105047226,-0.005122125148773193,-0.021765587851405144,-0.06697730720043182,1.2567245960235596,0.12607403844594955,-0.1518513709306717,0.4039994478225708,-0.021765587851405144,-1.7564532321691515,0.01681145653128624,0.09439577162265778,-0.008731655776500702,29235.765625,12146.578125,17089.1875,29791.615234375,12371.310546875,17420.3046875,-0.019012657925486565,-0.018501706421375275,-0.01937582902610302,-1.9012657925486565,1.8598025757819414,1.6560761639475823,1.7258098837919533,1.6643752762675286,3.280624726414681,4.2324060721695425,5.209710291624069,583.0974770805093,583.0974770805093,greedy,5.209710291624069,0.0,hard_fault_cluster,0.3783671777869871,False
216,N725,observe,-0.1879526972770691,1.4480846217274665,2.802217030525207,0.10151264339685442,0.9412550041228532,1.6480846217274665,1.4480846217274665,1.4480846217274665,1.0,0.2,3,2,1,0.0,1.0,2,1,1,0.0,-0.1879526972770691,0.20553629100322723,0.9866885125637055,2.414550656080246,0.0020553629100322724,-0.016498267650604248,-0.014752117916941643,-0.5930712819099426,1.176155686378479,0.19937219470739365,0.08709849417209625,0.31164589524269104,-0.014752117916941643,0.20964373767375943,0.018255725502967834,0.09390389919281006,-0.005865700542926788,29791.189453125,12370.119140625,17421.0703125,29708.7265625,12372.7119140625,17336.015625,0.00276802945882082,-0.0002095997188007459,0.0048822881653904915,0.276802945882082,2.016356723383069,1.0150084960460664,1.8732685935683548,1.015269582271576,1.2237114503979682,2.895412442758679,1.4480846217274665,584.5455617022368,584.5455617022368,greedy,1.4480846217274665,0.0,hard_fault_cluster,0.0,True
217,N706,observe,-0.10872145742177963,5.934758180677891,5.999999999999999,0.34030066043138507,3.8575928174406293,6.134758180677891,5.934758180677891,5.934758180677891,1.0,0.2,0,2,0,0.0,1.0,0,1,0,0.0,-0.10872145742177963,0.20835812389850616,3.0124400511384013,3.3934098005294797,0.0020835812389850615,-0.018551677465438843,-0.012614699080586433,-0.5605780482292175,1.195873498916626,0.19019148498773575,0.06051407754421234,0.31986889243125916,-0.012614699080586433,0.8789545342326164,0.019091062247753143,0.09485401213169098,-0.004528984427452087,29708.24609375,12372.6416015625,17335.603515625,29602.248046875,12342.5703125,17259.677734375,0.0035679670982062817,0.0024304662365466356,0.004379760008305311,0.35679670982062817,2.104849649593234,2.381311055421829,1.9580420809797943,2.3636834585666655,3.806194500625134,4.574026425406337,5.934758180677891,590.4803198829147,590.4803198829147,greedy,5.934758180677891,0.0,hard_fault_cluster,0.0005302929868752491,True
218,N5873,observe,-0.25906863808631897,6.050147646898404,5.999999999999999,0.41373032075352967,3.932595970483963,6.168424182819116,6.050147646898404,6.050147646898404,0.5913826796035625,0.2,3,2,1,0.0,1.0,2,1,1,0.0,-0.25906863808631897,0.20382486283779144,3.0435216405708343,3.345180225372314,0.0020382486283779143,-0.024771422147750854,-0.004106780514121056,-0.16066880524158478,0.9919114708900452,0.163420669734478,0.08979243040084839,0.2370489090681076,-0.004106780514121056,1.6118086853623388,0.0173233263194561,0.08768339455127716,-0.005321703851222992,29603.146484375,12343.8671875,17259.279296875,29450.6484375,12281.4375,17169.2109375,0.005151413381099701,0.005057546775788069,0.005218546837568283,0.5151413381099701,1.9320507142692804,2.267307303994894,1.7822621525265276,2.24531712397933,3.754104079306126,4.540167651548982,6.050147646898404,596.5304675298131,596.5304675298131,greedy,6.050147646898404,0.0,hard_fault_cluster,0.0014094432699083875,True
219,N5356,observe,-0.23681028187274933,6.131695457622409,5.999999999999999,0.4656243821233511,3.985602047454566,6.331695457622409,6.131695457622409,6.131695457622409,1.0,0.2,3,2,1,0.0,1.0,2,1,1,0.0,-0.23681028187274933,0.20578114688396454,3.1676699588447805,3.404020857810974,0.0020578114688396456,-0.031150788068771362,0.0020110178738832474,-0.401434063911438,1.2694059610366821,0.23761098831892014,0.15056808292865753,0.32465389370918274,0.0020110178738832474,1.9111143895983695,0.015616051852703094,0.08535179495811462,-0.0047439634799957275,29448.78125,12279.72265625,17169.05859375,29061.06640625,12034.005859375,17027.060546875,0.013165734708309174,0.0200099628418684,0.00827057845890522,1.3165734708309174,1.7693973500281572,2.122738014608622,1.6135532264597714,2.107128392606974,3.806385622918606,4.574150654897094,6.131695457622409,602.6621629874355,602.6621629874355,greedy,6.131695457622409,0.0,hard_fault_cluster,0.0015227021040974543,True
220,N715,observe,-0.0546218566596508,5.95253366202116,5.999999999999999,0.3516123303771018,3.8691468803137545,6.152533662021161,5.95253366202116,5.95253366202116,1.0,0.2,3,2,1,0.0,1.0,2,1,1,0.0,-0.0546218566596508,0.2118397206068039,3.0634982138872147,3.4430506229400635,0.002118397206068039,-0.0278874933719635,0.002268897369503975,-0.43123659491539,1.2612836360931396,0.2058708742260933,0.05348260700702667,0.3582591414451599,0.002268897369503975,0.8908474749326705,0.018134210258722305,0.09187416732311249,-0.00325910747051239,29061.537109375,12033.83984375,17027.697265625,28965.677734375,12013.564453125,16952.11328125,0.00329849636182189,0.0016848646337166429,0.0044388845562934875,0.329849636182189,2.0275296438485384,2.180959560498595,1.8669481803663075,2.1706882496923208,3.7945345878601078,4.566447482109069,5.95253366202116,608.6146966494567,608.6146966494567,greedy,5.95253366202116,0.0,hard_fault_cluster,0.0015184980673660974,True
221,N6741,control1,-0.38140344619750977,3.8830384412221615,4.577738308906555,0.19832948258146646,2.5239749867944052,3.846873943969289,3.8830384412221615,3.8830384412221615,-0.18082248626436168,0.2,3,2,1,0.0,-0.030220521353134543,2,1,1,0.0,-0.38140344619750977,0.19317860901355743,1.538970292266458,1.8273993313312529,0.0019317860901355744,-0.031340718269348145,0.004656882956624031,-1.1884907484054565,0.6194696426391602,-0.008217066526412964,-0.05623571574687958,0.03980158269405365,0.004656882956624031,1.1431441333889962,0.012358278036117554,0.07162536680698395,-0.0038911476731300354,28965.966796875,12014.326171875,16951.640625,28987.796875,12023.4892578125,16964.30859375,-0.0007536457851529121,-0.0007626799633726478,-0.0007473004516214132,-0.07536457851529121,1.4336632955819368,1.4214741206169128,1.2852866766043007,1.4182597017288208,2.277839478850365,3.0971963255107404,3.8830384412221615,612.4977350906789,612.4977350906789,greedy,3.8830384412221615,0.0,hard_fault_cluster,0.000133904659882164,True
222,N7439,observe,-0.38397952914237976,1.8419609007239344,3.8839529037475584,-0.7612791985273359,1.1972745854705573,2.0151704487882975,1.8419609007239344,1.8419609007239344,0.8660477403218153,0.2,3,2,1,0.0,1.0,2,1,1,0.0,-0.38397952914237976,0.1953185647726059,0.503496336936951,2.6187294363975524,0.001953185647726059,-0.002320617437362671,-0.03043610043823719,-0.4345324635505676,1.1468265056610107,0.10283850878477097,-0.18270038068294525,0.3883773982524872,-0.03043610043823719,-5.541595657467842,0.0171302892267704,0.093669593334198,-0.008325405418872833,28988.3984375,12024.087890625,16964.310546875,29374.6796875,12135.9287109375,17238.751953125,-0.013325373642146587,-0.009301397018134594,-0.016177574172616005,-1.3325373642146587,1.8779113870114088,0.6038432574272157,1.7542495387606323,0.6148469662666322,1.8395313918590546,3.2956954047083853,1.8419609007239344,614.3396959914029,614.3396959914029,greedy,1.8419609007239344,0.0,hard_fault_cluster,0.00013854253255749527,True
223,N7855,control0,-0.40368279814720154,2.570011680796742,3.537933301925659,0.21351654984056948,1.6705075925178825,2.7047586491349414,2.570011680796742,2.570011680796742,0.6737348416909966,0.2,3,3,1,0.0,0.8985145785050668,2,2,1,0.0,-0.40368279814720154,0.19091470539569855,1.5540053732693195,2.6542009592056273,0.0019091470539569855,-0.018115460872650146,-0.012837713584303856,-1.0838717222213745,0.7562212347984314,-0.0008440613746643066,0.050898969173431396,-0.05258709192276001,-0.012837713584303856,0.7384199008345604,0.01363009586930275,0.08589591085910797,-0.008894085884094238,29374.74609375,12136.03125,17238.71484375,29211.4375,12060.927734375,17150.509765625,0.005559489596635103,0.006188474129885435,0.005116685293614864,0.5559489596635103,1.5410865787416697,1.3371214421093465,1.4075288348831236,1.327046230584383,1.8623431727290154,3.262652098461986,2.570011680796742,616.9097076721996,616.9097076721996,greedy,2.570011680796742,0.0,hard_fault_cluster,0.0008538667967797031,True
224,N4521,observe,-0.21606458723545074,2.2619883498363196,4.084858202934265,-0.6142604386433959,1.4702924273936078,2.4619883498363198,2.2619883498363196,2.2619883498363196,1.0,0.2,3,2,1,0.0,1.0,2,1,1,0.0,-0.21606458723545074,0.15792351961135864,-0.19426468509249395,-1.925287142395973,0.0015792351961135863,0.14680510759353638,-0.043793514370918274,-0.23787426948547363,1.6162306070327759,0.12209675461053848,-0.061814144253730774,0.30600765347480774,-0.043793514370918274,-2.0978586171381175,-0.002440832555294037,0.10534223914146423,-0.011537209153175354,29212.12109375,12061.404296875,17150.716796875,29624.74609375,12227.7236328125,17397.021484375,-0.014125130139291286,-0.013789383694529533,-0.014361188746988773,-1.4125130139291286,-0.12995325028896332,0.13478672771714634,-0.2155507542192936,0.15439928031526512,1.1208528813906016,0.8335543729038912,2.2619883498363196,619.1716960220359,619.1716960220359,greedy,2.2619883498363196,0.0,hard_fault_cluster,0.0,True
225,N7513,control1,-0.7487694621086121,0.6195593359693885,1.088091492652893,0.19231752309948208,0.4027135683801025,0.677581397305229,0.7063250043344367,0.6890226309062241,0.29011030667920246,0.2,2,2,1,0.43382834182524066,0.41005687209172215,1,1,1,0.3473164746841779,-0.7487694621086121,0.172481968998909,1.0463675372302532,1.4240100502967834,0.00172481968998909,-0.010844260454177856,-0.021614281460642815,-1.1828519105911255,0.6142314076423645,0.0012346431612968445,0.013038650155067444,-0.010569363832473755,-0.021614281460642815,0.20030927225947381,0.006377197802066803,0.07350799441337585,-0.014159619808197021,29623.572265625,12226.978515625,17396.59375,29622.685546875,12212.58984375,17410.095703125,2.993287671415601e-05,0.0011767969699576497,-0.0007761262240819633,0.002993287671415601,0.7885874677449465,1.1958237772062421,0.6754367020912468,1.2086027865484357,0.8104377776384353,1.4283637420088051,0.6890226309062241,619.8607186529422,619.8607186529422,greedy,0.6890226309062241,0.0,hard_fault_cluster,0.011438254607074783,False
226,N2276,control1,-0.4263122081756592,1.567501202300191,2.462249743938446,0.20512590385973453,1.0188757814951241,1.6600294979247392,1.567501202300191,1.567501202300191,0.46264147812274053,0.2,3,2,1,0.0,1.0,2,1,1,0.0,-0.4263122081756592,0.20092619955539703,1.338977686315775,1.7230141282081604,0.0020092619955539705,-0.01493176817893982,-0.012293262407183647,-0.5956295132637024,0.72125643491745,-0.08878308534622192,-0.20402322709560394,0.026457056403160095,-0.012293262407183647,0.5845289149880408,0.01119692251086235,0.08293172717094421,-0.009485237300395966,29622.328125,12211.9501953125,17410.37890625,29212.60546875,12041.537109375,17171.068359375,0.013831548392772675,0.013954617083072662,0.013745280914008617,1.3831548392772675,1.3083251882344484,1.0933533325791358,1.1668504853732884,1.0863254085183143,1.4087524846196176,2.496855152323842,1.567501202300191,621.4282198552423,621.4282198552423,greedy,1.567501202300191,0.0,hard_fault_cluster,0.0006049606775559595,True
227,N6728,control1,-0.25907042622566223,2.8844939367473126,3.8918484449386592,0.12407468661665917,1.8749210588857532,2.954223360907802,2.8844939367473126,2.8844939367473126,0.3486471208024481,0.2,3,2,1,0.0,1.0,2,1,1,0.0,-0.25907042622566223,0.19686336815357208,1.3266979821026323,1.6236812949180601,0.0019686336815357207,-0.011999964714050293,-0.01077084057033062,-0.8327214121818542,0.6014787554740906,-0.036988601088523865,-0.17376717925071716,0.09978997707366943,-0.01077084057033062,0.38361356586217865,0.015270113945007324,0.08339065313339233,-0.007389932870864868,29212.849609375,12042.029296875,17170.8203125,28791.33203125,11851.7548828125,16939.578125,0.014429183676838875,0.01580085977911949,0.013467160053551197,1.4429183676838875,1.7131039220839739,1.5975086352601648,1.5735345263965428,1.5988026520982386,1.9398245632648468,2.9107271337509157,2.8844939367473126,624.3127137919896,624.3127137919896,greedy,2.8844939367473126,0.0,hard_fault_cluster,0.0,True
228,N5473,observe,-0.35941410064697266,2.713546248748899,3.602742028236389,0.25183140791952613,1.7638050616867842,2.8515029514144405,2.713546248748899,2.713546248748899,0.689783513327709,0.2,3,2,1,0.0,1.0,2,1,1,0.0,-0.35941410064697266,0.2028672844171524,1.7500949926674365,2.7971601724624633,0.002028672844171524,-0.016338199377059937,-0.0028667952865362167,-0.3877950608730316,1.1716029644012451,0.15498469024896622,-0.01944659650325775,0.3294159770011902,-0.0028667952865362167,0.8437586387991904,0.014103665947914124,0.08979380130767822,-0.008081749081611633,28790.642578125,11851.275390625,16939.3671875,28931.916015625,11893.869140625,17038.046875,-0.004906922113150358,-0.0035940224770456553,-0.005825464613735676,-0.4906922113150358,1.6103670839220285,1.4241419161856175,1.4603667170740664,1.4172624076902867,1.9890393123030663,3.3928755529969927,2.713546248748899,627.0262600407385,627.0262600407385,greedy,2.713546248748899,0.0,hard_fault_cluster,0.0,True
229,N2332,control1,-0.41175565123558044,2.0665962873399257,3.2860238552093506,-0.043346302211284604,1.3432875867709517,2.0381511029477353,2.0665962873399257,2.0665962873399257,-0.1422259219609513,0.2,3,2,1,0.0,0.009622183541792761,2,1,1,0.0,-0.41175565123558044,0.19181601703166962,0.8765629932284354,1.5332864582538606,0.0019181601703166962,-0.02860647439956665,-0.004957294091582298,-1.19272780418396,0.6388506889343262,-0.09994304925203323,-0.36344534158706665,0.16355924308300018,-0.004957294091582298,-1.135415319800377,0.010386712849140167,0.06976990401744843,-0.007146015763282776,28933.556640625,11894.958984375,17038.59765625,28574.53515625,11762.6015625,16811.93359375,0.012408480979502201,0.011127186007797718,0.01330297626554966,1.24084809795022,1.225530007854104,0.9864611047506333,1.0853859656490386,0.9892462033033372,1.5922461777925492,2.7288486678898334,2.0665962873399257,629.0928563280785,629.0928563280785,greedy,2.0665962873399257,0.0,hard_fault_cluster,0.0,True
230,N7405,observe,-0.5946551561355591,1.4976090693101287,2.8899757146835325,0.061225641183555134,0.9734458950515837,1.6604829911441736,1.4976090693101287,1.4976090693101287,0.8143696091702248,0.2,3,2,1,0.0,1.0,2,1,1,0.0,-0.5946551561355591,0.19355396926403046,0.8708440801128745,2.353827846050262,0.0019355396926403045,-0.019196301698684692,-0.007909120991826057,-0.4130256175994873,1.113267183303833,0.15511778742074966,0.01489226520061493,0.2953433096408844,-0.007909120991826057,0.24593216653913258,0.00980336219072342,0.07534855604171753,-0.00858917087316513,28574.693359375,11762.779296875,16811.9140625,28985.9140625,11937.14453125,17048.76953125,-0.014391080476343632,-0.014823472127318382,-0.014088548719882965,-1.4391080476343632,1.1659810673445463,0.9352440401539206,1.026747431140393,0.9344697936996817,1.1004135916009545,2.8152688345406203,1.4976090693101287,630.5904653973886,630.5904653973886,greedy,1.4976090693101287,0.0,hard_fault_cluster,0.0,True
231,N6668,observe,-0.7191890478134155,1.08916007488966,2.4725438058376312,0.14283875197172166,0.7079540486782789,1.28916007488966,1.08916007488966,1.08916007488966,1.0,0.2,3,2,1,0.0,1.0,2,1,1,0.0,-0.7191890478134155,0.20788656175136566,1.0667611509561539,2.574090898036957,0.0020788656175136566,-0.02927759289741516,0.0022264402359724045,-0.21882537007331848,1.0098114013671875,0.22932123392820358,0.1460019201040268,0.31264054775238037,0.0022264402359724045,0.6028322571516037,0.008459776639938354,0.06626074016094208,-0.006012186408042908,28985.509765625,11936.859375,17048.650390625,29458.537109375,12139.701171875,17318.8359375,-0.01631944254040718,-0.016992894932627678,-0.015847913920879364,-1.631944254040718,1.0560906659811735,0.8597210210561752,0.89850591449067,0.8525239568948746,0.932558985054493,2.70616334028542,1.08916007488966,631.6796254722782,631.6796254722782,greedy,1.08916007488966,0.0,hard_fault_cluster,0.0,True
232,N2151,observe,-0.2785677909851074,2.5021938157081607,3.500998544692993,0.20057907342910763,1.6264259802103045,2.702193815708161,2.5021938157081607,2.5021938157081607,1.0,0.2,3,2,1,0.0,1.0,2,1,1,0.0,-0.2785677909851074,0.2218012660741806,1.5494352653622625,2.684412682056427,0.002218012660741806,-0.03259837627410889,0.0033005643635988235,-0.25393205881118774,1.0951144695281982,0.2618100941181183,0.26461344957351685,0.2590067386627197,0.0033005643635988235,0.6132428082823753,0.015353050082921982,0.07976947724819183,-0.0025634393095970154,29459.076171875,12140.16796875,17318.908203125,29104.3125,11982.3603515625,17121.951171875,0.012042593210935593,0.012998799793422222,0.011372369714081287,1.2042593210935593,1.7604068387299776,1.3573697827011346,1.591580465901643,1.3516451738029718,1.843672089278698,3.2983868580311535,2.5021938157081607,634.1818192879864,634.1818192879864,greedy,2.5021938157081607,0.0,hard_fault_cluster,0.0,True
233,N703,observe,-0.12977412343025208,2.9884020529687407,3.9125675439834593,0.17324604317545894,1.9424613344296815,3.188402052968741,2.9884020529687407,2.9884020529687407,1.0,0.2,3,2,1,0.0,1.0,2,1,1,0.0,-0.12977412343025208,0.2187017947435379,1.6371809147298335,2.724988043308258,0.002187017947435379,-0.029333263635635376,0.0073377881199121475,-0.39223983883857727,1.2984565496444702,0.19703257828950882,0.03709612786769867,0.35696902871131897,0.0073377881199121475,0.5021089233458041,0.016445018351078033,0.08640947937965393,-0.0021371692419052124,29104.171875,11981.5810546875,17122.591796875,29039.708984375,11977.2109375,17062.498046875,0.0022149020805954933,0.00036473627551458776,0.003509617643430829,0.22149020805954933,1.8705414179712534,1.4749394143372774,1.7010117308236659,1.4707951033860445,2.0461996980011463,3.430029803700745,2.9884020529687407,637.1702213409551,637.1702213409551,greedy,2.9884020529687407,0.0,hard_fault_cluster,0.00119063368170393,True
234,N6573,observe,-0.37578463554382324,1.0274407848715783,3.0656433701515198,-0.5452863425016403,0.6678365101665259,1.2274407848715783,1.0274407848715783,1.0274407848715783,1.0,0.2,0,2,0,0.0,1.0,0,1,0,0.0,-0.37578463554382324,0.20835815370082855,0.511679257452488,2.6123103141784667,0.0020835815370082856,-0.002389281988143921,-0.034454621374607086,-0.44671908020973206,1.0514706373214722,0.13960843533277512,-0.08472050726413727,0.3639373779296875,-0.034454621374607086,-3.7431935968995096,0.01727166771888733,0.09256431460380554,-0.008873574435710907,29039.46875,11977.40234375,17062.06640625,29514.21484375,12138.1611328125,17376.052734375,-0.016348304226994514,-0.013421840965747833,-0.018402596935629845,-1.6348304226994514,1.9010703042149544,0.7523340111970902,1.7706426549702883,0.7678707605600358,1.3798348918557166,2.9968926797062156,1.0274407848715783,638.1976621258267,638.1976621258267,greedy,1.0274407848715783,0.0,hard_fault_cluster,0.046247929672569736,False
235,N5456,observe,-0.5133317112922668,1.7551555410027504,2.8686910986900327,0.24253353625535964,1.1408511016517877,1.9551555410027504,1.7551555410027504,1.7551555410027504,1.0,0.2,2,2,0,0.0,1.0,1,1,0,0.0,-0.5133317112922668,0.20720340311527252,1.70099705606699,2.9679356098175047,0.0020720340311527253,-0.015393644571304321,-0.01999589614570141,-0.4369046688079834,1.1675970554351807,0.16888774186372757,0.02406923472881317,0.31370624899864197,-0.01999589614570141,-0.25881669074296954,0.015071772038936615,0.08933621644973755,-0.009105786681175232,29513.546875,12137.8125,17375.734375,29488.14453125,12125.5546875,17362.58984375,0.0008607011404819787,0.001009886502288282,0.0007564878324046731,0.08607011404819787,1.6943847108632326,1.2256275922060011,1.5539790806360543,1.2138812333345412,1.6463944151997567,3.170156369879842,1.7551555410027504,639.9528176668294,639.9528176668294,greedy,1.7551555410027504,0.0,hard_fault_cluster,0.00013404825737265428,True
236,N7436,observe,-0.4421635866165161,1.7072570717334747,3.1905264854431152,-0.0732388138771057,1.1097170966267587,1.9072570717334747,1.7072570717334747,1.7072570717334747,1.0,0.2,3,2,1,0.0,1.0,2,1,1,0.0,-0.4421635866165161,0.21135668456554413,1.0734465718269348,2.6805747270584104,0.0021135668456554414,0.010688245296478271,-0.051107242703437805,-0.4752046763896942,1.1661020517349243,0.11657353490591049,-0.12900497019290924,0.3621520400047302,-0.051107242703437805,-1.1441047477722168,0.01622997224330902,0.09650292992591858,-0.011460207402706146,29489.5078125,12126.599609375,17362.908203125,29751.298828125,12207.75390625,17543.544921875,-0.00887742917984724,-0.006692254915833473,-0.010403597727417946,-0.887742917984724,1.7832466661930084,1.133357300758362,1.6630595847964287,1.1427345180511475,1.4877001583576204,3.0670051029324528,1.7072570717334747,641.6600747385629,641.6600747385629,greedy,1.7072570717334747,0.0,hard_fault_cluster,0.002208365809301119,True
237,N4460,control0,-0.19725951552391052,2.5649316950142382,3.390089297294616,0.3312471081316471,1.667205601759255,2.7649316950142384,2.5649316950142382,2.5649316950142382,1.0,0.2,3,3,1,0.0,1.0,2,2,1,0.0,-0.19725951552391052,0.22289235889911652,2.100467930734158,3.0741929650306696,0.002228923588991165,-0.005593687295913696,-0.03888397663831711,-0.6977481842041016,0.9809117317199707,-0.06203828752040863,-0.20041687786579132,0.07634030282497406,-0.03888397663831711,-0.19841917037963874,0.017360404133796692,0.08386155962944031,-0.007748901844024658,29751.814453125,12208.208984375,17543.60546875,29254.904296875,12078.494140625,17176.41015625,0.016701843589544296,0.010625215247273445,0.02093043550848961,1.6701843589544296,1.9200487956404686,1.7943179881572724,1.782042508944869,1.775925544500351,2.282224231958389,3.539902218282223,2.5649316950142382,644.2250064335772,644.2250064335772,greedy,2.5649316950142382,0.0,hard_fault_cluster,0.00014380212827149854,True
238,N705,observe,-0.09158536046743393,3.6805561946332457,4.282826519012451,0.31076860830187797,2.3923615265116096,3.880556194633246,3.6805561946332457,3.6805561946332457,1.0,0.2,3,2,1,0.0,1.0,2,1,1,0.0,-0.09158536046743393,0.2210037261247635,2.004698833674192,2.7793436765670774,0.002210037261247635,-0.00960683822631836,-0.03622889518737793,-0.5275173783302307,1.230277180671692,0.17709539830684662,0.01711517572402954,0.3370756208896637,-0.03622889518737793,0.8215413257479668,0.017262302339076996,0.08832025527954102,-0.006448723375797272,29254.603515625,12077.607421875,17176.99609375,28986.380859375,11994.208984375,16992.171875,0.009168562479317188,0.006905211601406336,0.010759985074400902,0.9168562479317188,1.9110050648450851,1.8221821517869832,1.772423941642046,1.8067462177202107,2.831007182598114,3.940154668688774,3.6805561946332457,647.9055626282104,647.9055626282104,greedy,3.6805561946332457,0.0,hard_fault_cluster,0.001387487386478306,True
239,N5422,observe,-0.37455591559410095,1.75365645237267,2.8909043073654175,0.22340512730181214,1.1398766940422356,1.95365645237267,1.75365645237267,1.75365645237267,1.0,0.2,3,2,1,0.0,1.0,2,1,1,0.0,-0.37455591559410095,0.21117253601551056,1.3685960300266742,2.5973413467407225,0.0021117253601551055,-0.010111749172210693,-0.024332141503691673,-0.40592455863952637,1.1822501420974731,0.16299386322498322,-0.005422353744506836,0.33141008019447327,-0.024332141503691673,0.6929498288035393,0.013202030211687088,0.08775810897350311,-0.009521521627902985,28985.1015625,11993.87109375,16991.23046875,29008.59765625,11965.2080078125,17043.390625,-0.0008106266031973064,0.0023898109793663025,-0.0030698280315846205,-0.08106266031973064,1.5070434156805277,1.139277177453041,1.3669131197966635,1.1278911405801773,1.540507400035858,3.1013298100233073,1.75365645237267,649.6592190805831,649.6592190805831,greedy,1.75365645237267,0.0,hard_fault_cluster,0.0016374858294495402,True
240,N6660,observe,-0.3944586217403412,1.9410345842316745,2.883133351802826,0.3490038112178445,1.2616724797505885,2.1294493671220396,1.9410345842316745,1.9410345842316745,0.9420739144518244,0.2,3,2,1,0.0,1.0,2,1,1,0.0,-0.3944586217403412,0.20986147224903107,1.453500842936337,2.4672358989715573,0.0020986147224903106,-0.016423821449279785,-0.01139564998447895,-0.20589354634284973,0.9813762307167053,0.22314386069774628,0.07793381810188293,0.3683539032936096,-0.01139564998447895,1.0215668198466301,0.011368587613105774,0.08244842290878296,-0.006927669048309326,29009.90234375,11966.1318359375,17043.76953125,28984.30078125,11987.2939453125,16997.0078125,0.0008825111435726285,-0.0017685004277154803,0.0027436253149062395,0.08825111435726285,1.3353245835751295,1.294728388041258,1.1864752168767154,1.2842485801875592,1.9838129475712776,3.38947841592133,1.9410345842316745,651.6002536648148,651.6002536648148,greedy,1.9410345842316745,0.0,hard_fault_cluster,0.0006338742393509133,True
241,N679,observe,-0.12776029109954834,2.378963007479906,3.4028282403945918,0.20248062625527383,1.546325954861939,2.5789630074799064,2.378963007479906,2.378963007479906,1.0,0.2,3,2,1,0.0,1.0,2,1,1,0.0,-0.12776029109954834,0.2150900512933731,1.4632761165499688,2.590169537067413,0.002150900512933731,-0.02141079306602478,-0.008659480139613152,-0.45322129130363464,1.2193385362625122,0.19361667335033417,0.06909233331680298,0.31814101338386536,-0.008659480139613152,0.621673502922058,0.01527288556098938,0.0914059728384018,-0.005082666873931885,28985.35546875,11987.2138671875,16998.140625,28812.703125,11922.955078125,16889.748046875,0.005956537090241909,0.005360610783100128,0.006376731675118208,0.5956537090241909,1.733719127252698,1.392239965349436,1.578896198887378,1.3864428175985815,1.8534066498279573,3.304714322388172,2.378963007479906,653.9792166722947,653.9792166722947,greedy,2.378963007479906,0.0,hard_fault_cluster,0.0007773027594247966,True
242,N5439,observe,-0.40168139338493347,1.2979066430032253,2.581272304058075,0.18671779677271844,0.8436393179520965,1.4979066430032253,1.2979066430032253,1.2979066430032253,1.0,0.2,1,2,0,0.0,1.0,0,1,0,0.0,-0.40168139338493347,0.20809383690357208,1.1628658324480057,2.5015103816986084,0.002080938369035721,-0.020694822072982788,-0.00826098583638668,-0.4443947374820709,1.1510692834854126,0.1592637374997139,-0.0021293312311172485,0.32065680623054504,-0.00826098583638668,0.41900167107582087,0.01279241219162941,0.0851815938949585,-0.007200121879577637,28810.73828125,11922.2763671875,16888.4609375,28869.373046875,11904.458984375,16964.9140625,-0.0020351705607026815,0.0014944614376872778,-0.004526944365352392,-0.20351705607026815,1.4790740702301264,1.081184053234756,1.3291994319297373,1.077090763859451,1.3369094595313071,2.9689911486953493,1.2979066430032253,655.2771233152979,655.2771233152979,greedy,1.2979066430032253,0.0,hard_fault_cluster,0.0006426735218508861,True
243,N4513,observe,-0.4074929356575012,0.8457404864579441,2.7084083080291745,-0.2929209567606449,0.5497313161976637,1.045740486457944,0.8457404864579441,0.8457404864579441,1.0,0.2,2,2,0,0.0,1.0,1,1,0,0.0,-0.4074929356575012,0.21057496964931488,0.5894994411617518,2.499446082115173,0.002105749696493149,0.010575532913208008,-0.05301705002784729,-0.2310677021741867,1.2328503131866455,0.08282173424959183,-0.15518571436405182,0.3208291828632355,-0.05301705002784729,-2.339479673281312,0.01695822924375534,0.09623721241950989,-0.010753490030765533,28871.01171875,11905.73828125,16965.2734375,29148.298828125,11970.486328125,17177.8125,-0.009604343213140965,-0.0054383897222578526,-0.012527888640761375,-0.9604343213140965,1.8533808439970016,0.865604572147131,1.735212404280901,0.8811197565495968,1.1727592583745718,2.8622935179434714,0.8457404864579441,656.1228638017559,656.1228638017559,greedy,0.8457404864579441,0.0,hard_fault_cluster,0.00013029315960912062,True
244,N5390,observe,-0.505556583404541,1.6268024834990502,2.775392735004425,0.23718934267759326,1.0574216142743826,1.8268024834990502,1.6268024834990502,1.6268024834990502,1.0,0.2,3,2,1,0.0,1.0,2,1,1,0.0,-0.505556583404541,0.2115369290113449,1.3782481983304022,2.598549401760101,0.002115369290113449,-0.004460513591766357,-0.0368005633354187,-0.46259647607803345,1.204709529876709,0.16613426059484482,0.024652674794197083,0.30761584639549255,-0.0368005633354187,0.682953140437603,0.014262277632951736,0.09201093018054962,-0.010943606495857239,29146.869140625,11969.3515625,17177.517578125,29041.966796875,11938.384765625,17103.58203125,0.003599094692617655,0.002587174065411091,0.004304204601794481,0.3599094692617655,1.6009641289710999,1.3260532642900944,1.4699118547141552,1.3126907373964787,1.5784925028681756,3.1260201268643137,1.6268024834990502,657.749666285255,657.749666285255,greedy,1.6268024834990502,0.0,hard_fault_cluster,0.0009139574356965669,True
245,N5202,observe,-0.33186766505241394,2.1531543004512788,3.050694179534912,0.3468938624858856,1.3995502952933312,2.353154300451279,2.1531543004512788,2.1531543004512788,1.0,0.2,3,2,1,0.0,1.0,2,1,1,0.0,-0.33186766505241394,0.21981178224086761,1.6585300147533417,2.622840929031372,0.002198117822408676,-0.016104310750961304,-0.0263372790068388,-0.373600572347641,1.3069300651550293,0.2267063856124878,0.13119086623191833,0.32222190499305725,-0.0263372790068388,0.89721435546875,0.01456395536661148,0.0916500836610794,-0.008607499301433563,29042.658203125,11938.767578125,17103.890625,28595.9375,11752.74609375,16843.19140625,0.015381536446511745,0.015581296756863594,0.015242100693285465,1.5381536446511745,1.6498700398951769,1.4774896973371505,1.5047641624696553,1.4638217562437057,2.125657594203949,3.481677436232567,2.1531543004512788,659.9028205857063,659.9028205857063,greedy,2.1531543004512788,0.0,hard_fault_cluster,0.0006331518298087887,True
246,N6688,observe,-0.5918571352958679,0.7279450930282474,1.6000014364719393,0.05285030242055656,0.4731643104683608,0.9279450930282473,0.7279450930282474,0.7279450930282474,1.0,0.2,3,2,1,0.0,1.0,2,1,1,0.0,-0.5918571352958679,0.20782499015331268,0.657278379611671,0.6608227372169494,0.0020782499015331267,-0.00900241732597351,-0.028674593195319176,-0.29317331314086914,1.0914949178695679,0.20676222443580627,0.1291264295578003,0.28439801931381226,-0.028674593195319176,0.1716562434285879,0.010036777704954147,0.08656802773475647,-0.0100092813372612,28596.62890625,11753.1845703125,16843.4453125,28927.7265625,11924.4609375,17003.265625,-0.011578205972909927,-0.01457276288419962,-0.009488576091825962,-1.1578205972909927,1.1828281674534082,0.7657497209869325,1.048465369734913,0.7655813319049775,0.7316819505766033,1.3371094885934145,0.7279450930282474,660.6307656787345,660.6307656787345,greedy,0.7279450930282474,0.0,hard_fault_cluster,0.001008445733013993,True
247,N1598,observe,-0.6672286987304688,0.6689295981824398,1.7061985552310943,0.028550191372632983,0.4348042388185859,0.8689295981824399,0.6689295981824398,0.6689295981824398,1.0,0.2,3,2,1,0.0,1.0,2,1,1,0.0,-0.6672286987304688,0.20396466553211212,0.5916855186223984,0.5389395833015441,0.002039646655321121,-0.006842702627182007,-0.02656322531402111,-0.2021285444498062,1.2099242210388184,0.19836705923080444,0.13610902428627014,0.26062509417533875,-0.02656322531402111,0.14643029566854235,0.007941965013742447,0.08460427820682526,-0.01073252409696579,28927.357421875,11924.599609375,17002.7578125,29297.275390625,12099.095703125,17198.1796875,-0.012787824496626854,-0.01463328767567873,-0.011493539437651634,-1.2787824496626854,0.9715979415923357,0.7292887549288571,0.8385468614287674,0.7291592042334378,0.6331927701830864,1.2204468563944102,0.6689295981824398,661.299695276917,661.299695276917,greedy,0.6689295981824398,0.0,hard_fault_cluster,0.002334267040149395,True
248,N6656,observe,-0.5249099731445312,1.0882434596866368,2.5012907505035398,0.11873522393405438,0.7073582487963139,1.2882434596866368,1.0882434596866368,1.0882434596866368,1.0,0.2,3,2,1,0.0,1.0,2,1,1,0.0,-0.5249099731445312,0.20393209159374237,0.8412850923836231,2.3208258807659146,0.002039320915937424,-0.01116904616355896,-0.015903828665614128,-0.25852733850479126,0.9728960990905762,0.22323761135339737,0.11671717464923859,0.32975804805755615,-0.015903828665614128,0.5689325630664825,0.00973639264702797,0.07837855815887451,-0.005981244146823883,29297.0625,12098.7734375,17198.2890625,29225.15625,12092.0751953125,17133.08203125,0.0024543842300772667,0.0005536298267543316,0.003791483584791422,0.24543842300772667,1.1616675276309252,0.98436410009861,1.020646330434829,0.9811090785264969,0.9293438002467155,2.7040734701603646,1.0882434596866368,662.3879387366036,662.3879387366036,greedy,1.0882434596866368,0.0,hard_fault_cluster,0.0,True
249,N5373,observe,-0.48803243041038513,1.06791194409132,2.499335807561874,0.10739648550748826,0.6941427636593581,1.26791194409132,1.06791194409132,1.06791194409132,1.0,0.2,2,2,0,0.0,1.0,2,1,0,0.0,-0.48803243041038513,0.20854021608829498,0.8931955054402351,2.39670929312706,0.00208540216088295,-0.012138992547988892,-0.014955809339880943,-0.4267114996910095,1.2069506645202637,0.16563018411397934,0.02707497775554657,0.3041853904724121,-0.014955809339880943,0.3399694389104843,0.011730417609214783,0.08210989832878113,-0.006321050226688385,29224.05859375,12091.3583984375,17132.69921875,29099.45703125,11998.1845703125,17101.2734375,0.004263663664460182,0.007705819793045521,0.0018342575058341026,0.4263663664460182,1.3666261676698923,0.9636622028052807,1.2214378626085818,0.961344881504774,0.9866506263613701,2.74132290713489,1.06791194409132,663.4558506806949,663.4558506806949,greedy,1.06791194409132,0.0,hard_fault_cluster,0.07353693908889268,False
250,N699,observe,-0.18187792599201202,1.7603272680938244,2.9398920774459834,0.1875692890584469,1.1442127242609859,1.9603272680938244,1.7603272680938244,1.7603272680938244,1.0,0.2,3,2,1,0.0,1.0,2,1,1,0.0,-0.18187792599201202,0.21445830166339874,1.2377544313669204,2.461117601394653,0.0021445830166339874,-0.013711392879486084,-0.016009440645575523,-0.4209924638271332,1.319117546081543,0.18738073855638504,0.037689998745918274,0.3370714783668518,-0.016009440645575523,0.35123909205198284,0.01543358713388443,0.08867132663726807,-0.003643244504928589,29100.90234375,11998.5419921875,17102.359375,28791.244140625,11888.927734375,16902.31640625,0.010640845634043217,0.00913563184440136,0.011696805246174335,1.0640845634043217,1.7418075744062662,1.31358867444098,1.5929709286428988,1.3121380165964365,1.6988968506455422,3.204282952919602,1.7603272680938244,665.2161779487888,665.2161779487888,greedy,1.7603272680938244,0.0,hard_fault_cluster,0.0005201109570041613,True
251,N7382,observe,-0.30365195870399475,1.5397043932974337,2.704017853736877,0.24016091540455817,1.000807855643332,1.7397043932974336,1.5397043932974337,1.5397043932974337,1.0,0.2,3,2,1,0.0,1.0,2,1,1,0.0,-0.30365195870399475,0.20988760888576508,1.2182980224490165,2.4329768121242523,0.002098876088857651,-0.019660502672195435,-0.001827498897910118,-0.4251037836074829,1.0026954412460327,0.1908632628619671,0.11082496494054794,0.27090156078338623,-0.001827498897910118,0.8936603987216949,0.011868312954902649,0.07830880582332611,-0.004137054085731506,28790.71484375,11889.4287109375,16901.28515625,28771.056640625,11914.611328125,16856.4453125,0.0006827966426499188,-0.002118067815899849,0.002653043484315276,0.06827966426499188,1.3948914054781199,1.1103340904414654,1.2388463229872286,1.1022886554896831,1.447031493484974,3.040570470765233,1.5397043932974337,666.7558823420862,666.7558823420862,greedy,1.5397043932974337,0.0,hard_fault_cluster,0.0002681324574339726,True
252,N1874,observe,-0.3363189995288849,1.5119522020220755,2.6760050296783446,0.2454200133681297,0.9827689313143491,1.7119522020220754,1.5158587433978656,1.5119522020220755,1.0,0.2,3,2,1,0.01953270687895059,1.0,2,1,0,0.0,-0.3363189995288849,0.2135169357061386,1.3134091198444366,2.5166445732116696,0.0021351693570613862,-0.01740017533302307,-0.0018995534628629684,-0.40132880210876465,1.0757898092269897,0.19326771050691605,0.032252803444862366,0.3542826175689697,-0.0018995534628629684,0.6011145973205565,0.011859618127346039,0.07632423937320709,-0.0057251304388046265,28771.576171875,11914.90625,16856.669921875,28653.0078125,11834.765625,16818.2421875,0.004121024161577225,0.006726081017404795,0.002279675332829356,0.4121024161577225,1.3975791949778795,1.1537855311483145,1.2388661582954228,1.1495066329091788,1.566345039010048,3.118124275356531,1.5119522020220755,668.2678345441083,668.2678345441083,greedy,1.5119522020220755,0.0,hard_fault_cluster,0.10192260290855311,False
253,N4421,control0,-0.27458682656288147,1.608170572668314,2.797827410697937,0.20697702839970591,1.0453108722344042,1.8079915428217332,1.608170572668314,1.608170572668314,0.9991048507670963,0.2,3,3,1,0.0,1.0,2,2,1,0.0,-0.27458682656288147,0.20344527065753937,0.9742024514079093,1.9192085921764375,0.0020344527065753936,-0.039102405309677124,-0.001175684854388237,-0.8331063985824585,0.9718459844589233,-0.07194995880126953,-0.26582908630371094,0.12192916870117188,-0.001175684854388237,0.5494747698307036,0.008627645671367645,0.055112019181251526,-0.00426860898733139,28653.091796875,11834.935546875,16818.15625,28298.923828125,11695.400390625,16603.5234375,0.01236054953187704,0.011790107004344463,0.012761970050632954,1.236054953187704,1.0650341529399157,1.038737048022449,0.9133319635875523,1.0389501942321657,1.647634419798851,3.0060022263228894,1.608170572668314,669.8760051167766,669.8760051167766,greedy,1.608170572668314,0.0,hard_fault_cluster,0.0,True
254,N4505,observe,-0.14712049067020416,1.131487824767828,2.8141647338867184,-0.15676205605268478,0.7354670860990882,1.3207145542727485,1.131487824767828,1.131487824767828,0.946133647524603,0.2,1,2,0,0.0,1.0,1,1,0,0.0,-0.14712049067020416,0.21312077343463898,0.7063810050487519,2.4426826417446135,0.0021312077343463897,0.011412501335144043,-0.04708307236433029,-0.22837524116039276,1.2797929048538208,0.07129069417715073,-0.18655331432819366,0.3291347026824951,-0.04708307236433029,-1.4975156131386758,0.017483621835708618,0.09163607656955719,-0.008158817887306213,28299.244140625,11695.470703125,16603.7734375,28239.7890625,11663.1884765625,16576.599609375,0.002100942190736532,0.00276023312471807,0.0016366055933758616,0.21009421907365322,1.9143998846411705,0.9305674266815187,1.789871608838439,0.9399385821819306,1.2174721866846085,2.891356921344995,1.131487824767828,671.0074929415445,671.0074929415445,greedy,1.131487824767828,0.0,hard_fault_cluster,0.0002598077422707199,True
255,N719,observe,-0.030025076121091843,1.8612601213157176,3.0295347332954403,0.1784552954137325,1.2098190788552166,2.061260121315718,1.8612601213157176,1.8612601213157176,1.0,0.2,3,2,1,0.0,1.0,2,1,1,0.0,-0.030025076121091843,0.21240009367465973,1.2627858236432075,2.5014177560806274,0.0021240009367465974,-0.0042265355587005615,-0.034738846123218536,-0.5815619230270386,1.196329951286316,0.19217385351657867,0.08184751868247986,0.3025001883506775,-0.034738846123218536,0.4181604062579572,0.01702830195426941,0.09108977019786835,-0.006459712982177734,28239.619140625,11662.244140625,16577.375,28153.48828125,11692.330078125,16461.158203125,0.0030500006396323442,-0.002579772612079978,0.0070105670019984245,0.3050000639632344,1.880491442978382,1.3610954451165163,1.7472455073148012,1.356668608149048,1.64690135717392,3.1704858821630477,1.8612601213157176,672.8687530628602,672.8687530628602,greedy,1.8612601213157176,0.0,hard_fault_cluster,0.00033123550844650575,True
256,N5334,observe,-0.08788176625967026,1.7722187404334546,2.941763949394226,0.19360505804419517,1.1519421812817456,1.9722187404334546,1.7722187404334546,1.7722187404334546,1.0,0.2,3,2,1,0.0,1.0,2,1,1,0.0,-0.08788176625967026,0.20961789786815643,1.254053808748722,2.512205135822296,0.0020961789786815644,-0.017827868461608887,-0.018412267789244652,-0.3881802260875702,1.2627356052398682,0.25104814767837524,0.17044994235038757,0.3316463530063629,-0.018412267789244652,0.6843953001499176,0.014046534895896912,0.08516672253608704,-0.00526292622089386,28152.59375,11692.14453125,16460.44921875,28041.123046875,11633.69140625,16407.431640625,0.003959517925977707,0.004999350290745497,0.0032209071796387434,0.3959517925977707,1.595859119668603,1.2011022605001926,1.452454897109419,1.1920208372175694,1.4576329052448274,3.0474613884091375,1.7722187404334546,674.6409718032936,674.6409718032936,greedy,1.7722187404334546,0.0,hard_fault_cluster,0.0001269196598553117,True
257,N4367,control0,-0.2593618333339691,1.12962084248662,2.531049859523773,0.12071792379021644,0.7342535476163031,1.2067898494253815,1.12962084248662,1.1296208445440397,0.3858450346938073,0.2,2,3,0,0.0,0.6101427817896025,2,2,1,1.0287097396144418e-08,-0.2593618333339691,0.19330324232578278,0.7143212198466062,2.1563758969306943,0.0019330324232578278,-0.0372692346572876,-0.009200995787978172,-1.0527034997940063,0.8082828521728516,-0.05600077658891678,-0.2049095779657364,0.09290802478790283,-0.009200995787978172,0.66317700907588,0.005078919231891632,0.05197508633136749,-0.00671771913766861,28042.21875,11634.8974609375,16407.322265625,27831.6328125,11522.87890625,16308.75390625,0.007509603165090084,0.009627807885408401,0.006007583346217871,0.7509603165090084,0.6919941697269678,0.6945381922274828,0.5539174848236144,0.691477225497365,1.0150537185370923,2.6583384300395845,1.1296208445440397,675.7705926478377,675.7705926478377,greedy,1.1296208445440397,0.0,hard_fault_cluster,0.0,True
258,N4532,control0,-0.3134886920452118,0.8886263144947589,2.385544317960739,0.08640775816515088,0.5776071044215934,0.9635557543718859,0.9266965104211994,0.9336537358631474,0.3746471993856349,0.2,3,3,1,0.1903509796322022,0.553844900029051,2,2,1,0.225137106841942,-0.3134886920452118,0.17886589467525482,0.4554103696160018,1.9981670439243315,0.0017886589467525481,-0.05527782440185547,0.0034381356090307236,-1.042815923690796,0.8674892783164978,-0.025989919900894165,-0.1536582112312317,0.10167837142944336,0.0034381356090307236,0.7479999200254679,-0.005973123013973236,0.017586544156074524,-0.012988589704036713,27831.83984375,11522.865234375,16308.9736328125,27624.75390625,11399.5078125,16225.24609375,0.007440612651407719,0.01070544682443142,0.005133832339197397,0.7440612651407719,-0.41500827111303806,0.41825468372553587,-0.5517362938262522,0.4163230312988162,0.7539564311504364,2.48885984480381,0.9336537358631474,676.7042463837008,676.7042463837008,greedy,0.9336537358631474,0.0,hard_fault_cluster,0.0003751875937968988,True
259,N6681,observe,-0.24503646790981293,1.0654377393051981,2.4487474918365475,0.147212431691587,0.6925345305483788,1.265437739305198,1.0654377393051981,1.0654377393051981,1.0,0.2,3,2,1,0.0,1.0,2,1,1,0.0,-0.24503646790981293,0.1974976807832718,0.8543977100402117,1.3026778399944305,0.001974976807832718,-0.03415355086326599,0.0050012413412332535,-0.12980516254901886,0.9838530421257019,0.24012187868356705,0.12024213373661041,0.3600016236305237,0.0050012413412332535,0.7884726789593697,0.0042048729956150055,0.04276501387357712,-0.004589453339576721,27624.33984375,11399.150390625,16225.189453125,27685.990234375,11496.3505859375,16189.6396484375,-0.002231741789728403,-0.008526968769729137,0.0021910255309194326,-0.2231741789728403,0.6229862216860056,0.8396149763464927,0.4711120300926268,0.8340926060080528,0.9053230047225953,1.7562280565500261,1.0654377393051981,677.7696841230061,677.7696841230061,greedy,1.0654377393051981,0.0,hard_fault_cluster,0.0,True
260,N708,observe,0.07885096222162247,1.7051818585395813,2.962395679950714,0.13406471729278566,1.1083682080507278,1.9051818585395812,1.7051818585395813,1.7051818585395813,1.0,0.2,3,2,1,0.0,1.0,2,1,1,0.0,0.07885096222162247,0.2107207030057907,1.1182966262102125,2.46166809797287,0.002107207030057907,-0.03426247835159302,-0.0020263921469449997,-0.2442503571510315,1.315593957901001,0.1943954899907112,0.03084830939769745,0.357942670583725,-0.0020263921469449997,0.3960531781613827,0.013856962323188782,0.06542879343032837,-0.0005757734179496765,27686.216796875,11495.921875,16190.294921875,27703.822265625,11529.01953125,16174.802734375,-0.0006358929094858468,-0.002879078034311533,0.0009568810928612947,-0.06358929094858468,1.5943905431777239,1.1633439026586712,1.4378698100335896,1.160943146776408,1.363854143023491,2.986505192965269,1.7051818585395813,679.4748659815457,679.4748659815457,greedy,1.7051818585395813,0.0,hard_fault_cluster,0.0,True
261,N2072,observe,-0.28193601965904236,0.6862403626181186,0.4278600960969925,0.04719176964834334,0.4460562357017771,0.7901301620534642,0.6862403626181186,0.7686979792518669,0.5194489971767279,0.2,1,2,0,0.0,0.9923943871670389,1,1,1,0.41228808316874144,-0.28193601965904236,0.19515563547611237,0.6247112412936986,0.018691301345825195,0.0019515563547611236,-0.026132822036743164,-0.0030305366963148117,0.10085945576429367,1.2148566246032715,0.18399882316589355,0.013529717922210693,0.3544679284095764,-0.0030305366963148117,0.17296721157617867,0.009196650236845016,0.06377299129962921,-0.004287056624889374,27704.810546875,11529.8427734375,16174.9677734375,28072.431640625,11706.1259765625,16366.3056640625,-0.013269214890897274,-0.015289298258721828,-0.011829259805381298,-1.3269214890897274,1.1117901224642992,0.7524434367986397,0.967696298379451,0.7523986975522712,0.6933217647485436,0.29103651787620044,0.7686979792518669,680.2435639607976,680.2435639607976,greedy,0.7686979792518669,0.0,hard_fault_cluster,0.0033548387096774225,False
262,N734,observe,0.00827858317643404,1.9263579213619233,3.125749802589416,0.141159747838974,1.2521326488852502,1.9506351831740452,1.9263579213619233,1.9263579213619233,0.12138630906060931,0.2,3,2,1,0.0,0.7115824207056698,2,1,1,0.0,0.00827858317643404,0.20307110249996185,1.152414497733116,2.427574151754379,0.0020307110249996184,-0.024955064058303833,-0.0018179025501012802,-0.41621315479278564,1.2161844968795776,0.2024194747209549,0.06051105260848999,0.3443278968334198,-0.0018179025501012802,0.42643446713685984,0.014660924673080444,0.07342945039272308,-0.002143479883670807,28071.341796875,11705.15234375,16366.189453125,27953.5859375,11654.458984375,16299.1259765625,0.004194878041744232,0.004330858588218689,0.004097684286534786,0.4194878041744232,1.667345667257905,1.2507187306508423,1.5164057672955096,1.2493365585431457,1.5432479947805406,3.103111196607351,1.9263579213619233,682.1699218821595,682.1699218821595,greedy,1.9263579213619233,0.0,hard_fault_cluster,0.15725035072057134,False
263,N6952,observe,-0.03990018740296364,2.0008513954281804,2.949640214443207,0.33265434890985474,1.3005534070283173,2.1145167244570304,2.0008513954281804,2.0008513954281804,0.5683266451442495,0.2,3,2,1,0.0,1.0,2,1,1,0.0,-0.03990018740296364,0.02042160928249359,-1.9313012976944448,-3.8749969244003295,0.0002042160928249359,-0.06606990098953247,0.12102168053388596,0.3933950960636139,0.9856505393981934,0.4650498032569885,0.4252408742904663,0.5048587322235107,0.02042160928249359,0.9745898391306399,0.009546194225549698,0.013383202254772186,0.00013156980276107788,27952.63671875,11654.908203125,16297.7275390625,28009.716796875,11686.955078125,16322.76171875,-0.0020420283544808626,-0.0027496463153511286,-0.0015360533725470304,-0.20420283544808626,1.0960627123713493,1.0664999274909497,0.9899802450090647,1.0818114070594311,-0.011826014518737826,0.6223130905628207,2.0008513954281804,684.1707732775877,684.1707732775877,greedy,2.0008513954281804,0.0,hard_fault_cluster,0.15974632044992224,False
264,N7383,observe,-0.08975519239902496,1.5982903965027073,2.9516960859298704,0.07479709110455587,1.0388887577267598,1.7982903965027073,1.5982903965027073,1.5982903965027073,1.0,0.2,3,2,1,0.0,1.0,2,1,1,0.0,-0.08975519239902496,-0.012087441980838776,0.4140294604306109,-1.7087270602583884,-0.00012087441980838775,-0.07376204431056976,0.12848176062107086,0.2519528567790985,1.1093131303787231,0.45145799219608307,0.4041658639907837,0.49875012040138245,-0.012087441980838776,0.709468007311225,0.007071446627378464,0.012773148715496063,-0.0014413967728614807,28010.080078125,11687.173828125,16322.90625,27928.865234375,11661.107421875,16267.7578125,0.0028994863387197256,0.0022303429432213306,0.0033785917330533266,0.28994863387197256,0.8235389813780785,0.8603500232100487,0.7362432423979044,0.9029761657118798,1.0218291111290454,0.7691889222338797,1.5982903965027073,685.7690636740905,685.7690636740905,greedy,1.5982903965027073,0.0,hard_fault_cluster,0.00014513788098693771,True
265,N6932,observe,-0.1411253660917282,0.9472811870276929,3.0932451367378233,-0.6504205092787742,0.6157327715680004,0.8656870735148019,0.9472811870276929,0.9472811870276929,-0.40797056756445493,0.2,1,2,0,0.0,-0.09943566773938525,0,1,0,0.0,-0.1411253660917282,0.19789938628673553,0.5823148630559447,2.7692566633224485,0.0019789938628673553,0.006557166576385498,-0.02194349281489849,-0.3961202800273895,1.1471059322357178,0.15994784981012344,-0.055991724133491516,0.3758874237537384,-0.02194349281489849,0.8893698193132877,0.016436908394098282,0.09425464272499084,-0.008065439760684967,27928.94921875,11661.0419921875,16267.90625,28183.677734375,11712.783203125,16470.89453125,-0.00912059098482132,-0.004437100142240524,-0.012477836571633816,-0.912059098482132,1.8196467328816652,1.9667529848217962,1.6876798127777874,2.1999496009945867,1.6514051742851734,3.1720113785937425,0.9472811870276929,686.7163448611182,686.7163448611182,greedy,0.9472811870276929,0.0,hard_fault_cluster,0.11515151515151517,False
266,N4442,control0,-0.30711543560028076,1.180129110366106,2.5801178216934204,0.11271303430199621,0.7670839217379689,1.380129110366106,1.2639736168027125,1.188659093953457,1.0,0.2,3,3,1,0.4192225321830324,1.0,2,2,1,0.04264991793675421,-0.30711543560028076,0.17688263952732086,0.7258666966855526,2.176078367233276,0.0017688263952732085,-0.02993178367614746,0.00017789192497730255,-0.8825686573982239,0.9230384230613708,-0.017691083252429962,-0.1608448028564453,0.1254626363515854,0.00017789192497730255,0.7472061830759048,0.004529457539319992,0.059947848320007324,-0.009055055677890778,28184.259765625,11713.349609375,16470.91015625,28175.3359375,11668.74609375,16506.58984375,0.0003166245296597481,0.003807921428233385,-0.0021662244107574224,0.03166245296597481,0.6300062853842974,0.7365303546190262,0.49721088679507375,0.7334804445505142,0.9080592632293701,2.5889345398545265,1.188659093953457,687.9050039550716,687.9050039550716,greedy,1.188659093953457,0.0,hard_fault_cluster,0.0,True
267,N4497,observe,-0.0684112086892128,1.1760151292383672,2.79942432641983,-0.09905364066362378,0.7644098340049387,1.3045101578730862,1.1760151292383672,1.1760151292383672,0.642475143173595,0.2,3,2,1,0.0,1.0,2,1,1,0.0,-0.0684112086892128,0.19776104390621185,0.7155024603009223,2.3906637609004973,0.0019776104390621186,0.01592269539833069,-0.03713686764240265,-0.23079410195350647,1.3043580055236816,0.1312052085995674,-0.08921237289905548,0.3516227900981903,-0.03713686764240265,-1.0970269364118577,0.014067821204662323,0.0954754650592804,-0.010007388889789581,28175.46875,11668.8359375,16506.6328125,28430.02734375,11760.0048828125,16670.0234375,-0.009034760296344757,-0.007813028059899807,-0.009898482821881771,-0.9034760296344757,1.5674062967300415,0.9259389227628708,1.4469381645321846,0.9327490514516831,1.1796106085181237,2.86674689553678,1.1760151292383672,689.08101908431,689.08101908431,greedy,1.1760151292383672,0.0,hard_fault_cluster,0.0,True
268,N4469,control0,-0.2951602637767792,1.1492326520383358,2.4853513002395626,0.17058789655566214,0.7470012238249183,1.3492326520383358,1.2221200873493918,1.1494436244226671,1.0,0.2,3,3,1,0.36443717655527963,1.0,2,2,1,0.0010548619216570465,-0.2951602637767792,0.17866040766239166,0.8527393391728402,2.2215723574161528,0.0017866040766239166,-0.018069297075271606,-0.01823529787361622,-0.8990044593811035,0.9167177081108093,-0.012591734528541565,-0.1414211094379425,0.11623764038085938,-0.01823529787361622,0.7046828016638755,0.0038094520568847656,0.06000740826129913,-0.010972447693347931,28430.0546875,11760.0048828125,16670.05078125,28255.70703125,11677.5927734375,16578.11328125,0.006132512353360653,0.007007829379290342,0.005515130236744881,0.6132512353360653,0.541370315477252,0.8225041139125824,0.4210514831356704,0.8247596728801727,1.14086591899395,2.740467868298292,1.1494436244226671,690.2304627087327,690.2304627087327,greedy,1.1494436244226671,0.0,hard_fault_cluster,0.0,True
269,N4359,control0,-0.3239225149154663,1.0155943991988896,2.361772036552429,0.1866556786745787,0.6601363594792783,1.0934850435452734,1.0155943991988896,1.0155943991988896,0.3894532217319191,0.2,3,3,1,0.0,0.6091441840439195,2,2,1,0.0,-0.3239225149154663,0.16939805448055267,0.7262398376315832,2.1059199273586273,0.0016939805448055267,-0.036691874265670776,-0.010632963851094246,-1.06831693649292,0.82377690076828,-0.04165998101234436,-0.17244404554367065,0.08912408351898193,-0.010632963851094246,0.7612812435626983,-0.004918307065963745,0.027843095362186432,-0.01467636227607727,28255.806640625,11677.623046875,16578.18359375,27907.615234375,11505.5390625,16402.076171875,0.012322826310992241,0.014736216515302658,0.010622842237353325,1.232282631099224,-0.3330656159669161,0.6484082074463368,-0.4521394339390099,0.6457538039982319,1.1163349106907845,2.7821749628335235,1.0155943991988896,691.2460571079316,691.2460571079316,greedy,1.0155943991988896,0.0,hard_fault_cluster,0.0,True
270,N7720,control0,-0.17835794389247894,1.0724369096755981,2.4828916311264035,0.12373033523559572,0.6970839912891388,1.166859370992353,1.0724369096755981,1.0724369096755981,0.4721123065837736,0.2,3,3,1,0.0,1.0,2,2,1,0.0,-0.17835794389247894,0.18643684685230255,0.8060268729925155,2.256825917959213,0.0018643684685230254,-0.01744788885116577,-0.014534255489706993,-0.8709942698478699,0.7625393271446228,0.008485812693834305,0.05886019021272659,-0.04188856482505798,-0.014534255489706993,0.5286014014482499,0.005138952285051346,0.0563528835773468,-0.007885836064815521,27906.78515625,11504.6640625,16402.12109375,27804.078125,11450.3564453125,16353.72265625,0.0036803605034947395,0.004720487166196108,0.002950742607936263,0.36803605034947395,0.6857978198677301,0.9014815743267537,0.5568708763457835,0.899910753518343,1.0183009669184686,2.193352429792285,1.0724369096755981,692.3184940176072,692.3184940176072,greedy,1.0724369096755981,0.0,hard_fault_cluster,0.0005180452426178557,True
271,N4436,control0,-0.3437734544277191,0.7718526828289032,2.3012851297855375,0.08103660106658936,0.5017042438387871,0.9219163354165683,0.7718526828289032,0.7718526828289032,0.7503182629383256,0.2,3,3,1,0.0,1.0,2,2,1,0.0,-0.3437734544277191,0.16753681004047394,0.5010494337230921,2.058273622393608,0.0016753681004047394,-0.03988832235336304,-0.004123879596590996,-0.9678927063941956,0.8706144690513611,-0.025140076875686646,-0.19177094101905823,0.14149078726768494,-0.004123879596590996,0.680730552226305,-0.00733938068151474,0.014789924025535583,-0.01587216556072235,27804.923828125,11451.29296875,16353.630859375,27784.97265625,11430.302734375,16354.669921875,0.0007175409700721502,0.0018330012680962682,-6.35371106909588e-05,0.07175409700721502,-0.5705251377075911,0.49648114934563636,-0.6930848355405033,0.49440795078873634,0.6605818256735801,1.960973780378699,0.7718526828289032,693.0903467004362,693.0903467004362,greedy,0.7718526828289032,0.0,hard_fault_cluster,0.0001758396342535609,True
272,N4338,control0,-0.37129712104797363,0.7542240140214562,2.2961200833320614,0.0740443043783307,0.49024560911394655,0.8583950543786056,0.7542240140214562,0.7542240140214562,0.5208552017857471,0.2,3,3,1,0.0,1.0,2,2,1,0.0,-0.37129712104797363,0.16108347475528717,0.4687496247142553,2.0390375971794126,0.0016108347475528716,-0.048859626054763794,-0.0023384764790534973,-0.9002271294593811,0.8207845687866211,-0.04062128812074661,-0.1991577297449112,0.11791515350341797,-0.0023384764790534973,0.6725100367516279,-0.011420786380767822,-0.006080329418182373,-0.01717585325241089,27785.125,11430.44921875,16354.67578125,27755.53125,11403.12109375,16352.41015625,0.0010650933254510164,0.002390818204730749,0.0001385307259624824,0.10650933254510164,-0.9833336398005486,0.4319930509105324,-1.1023923885077238,0.4297278061881661,0.6337072283029557,1.94303039804101,0.7542240140214562,693.8445707144576,693.8445707144576,greedy,0.7542240140214562,0.0,hard_fault_cluster,0.0005228302544440577,True
273,N1854,observe,-0.3915473222732544,0.7101962117462245,0.697100955247879,0.047144537231797595,0.46162753763504594,0.817957042532529,0.7101962117462245,0.7101962117462245,0.5388041539315224,0.2,3,2,1,0.0,1.0,2,1,1,0.0,-0.3915473222732544,0.18948544561862946,0.6321529431246745,0.30027770400047304,0.0018948544561862945,-0.017661452293395996,-0.019674604758620262,-0.04771583899855614,1.2132422924041748,0.16479940712451935,0.07651558518409729,0.2530832290649414,-0.019674604758620262,0.1679692179696576,0.003806598484516144,0.04308149218559265,-0.007153838872909546,27755.359375,11402.93359375,16352.42578125,28087.2109375,11612.0869140625,16475.123046875,-0.011956306174397469,-0.018342062830924988,-0.007503306493163109,-1.1956306174397469,0.5504706893116236,0.7642286148466519,0.4231125586666167,0.7640709009565763,0.7077074633874871,0.492096004679297,0.7101962117462245,694.5547669262039,694.5547669262039,greedy,0.7101962117462245,0.0,hard_fault_cluster,0.00017388280299078437,True
274,N1351,observe,-0.2697148323059082,1.0906239899992944,2.5017298460006714,0.1198908469080925,0.7089055934995414,1.2301006763951816,1.0906239899992944,1.0906239899992944,0.697383431979436,0.2,3,2,1,0.0,1.0,2,1,1,0.0,-0.2697148323059082,0.19738350808620453,0.8805304586887359,2.031338232755661,0.001973835080862045,-0.02500748634338379,-0.012149272486567497,-0.2909964621067047,1.024797797203064,0.2666729912161827,0.20958800613880157,0.32375797629356384,-0.012149272486567497,0.6000019210577011,0.0068448856472969055,0.04391857236623764,-0.003040425479412079,28085.689453125,11610.314453125,16475.375,28000.57421875,11576.5849609375,16423.98828125,0.003030555322766304,0.002905131783336401,0.0031190013978630304,0.3030555322766304,0.8697228003293276,0.9644212166965007,0.7307971236295998,0.9609979431331157,1.1036748334765434,2.6938138508051637,1.0906239899992944,695.6453909162032,695.6453909162032,greedy,1.0906239899992944,0.0,hard_fault_cluster,0.0,True
275,N686,observe,-0.27148619294166565,1.0179034346342086,2.4458514809608456,0.1193327921628952,0.6616372325122356,1.1511578929608826,1.0179034346342086,1.0179034346342086,0.66627229163337,0.2,3,2,1,0.0,1.0,2,1,1,0.0,-0.27148619294166565,0.19801025092601776,0.8422529131174088,1.2770723104476929,0.0019801025092601775,-0.026933103799819946,-0.0015337932854890823,-0.4473669230937958,0.8852338194847107,0.21091599762439728,0.14402875304222107,0.2778032422065735,-0.0015337932854890823,0.6553383833169937,0.007173892110586166,0.045239053666591644,-0.002383410930633545,28001.333984375,11577.216796875,16424.1171875,28014.330078125,11600.66015625,16413.669921875,-0.0004641240811906755,-0.00202495651319623,0.0006360929692164063,-0.04641240811906755,0.9138656686991453,0.9249417707324028,0.7665083254687488,0.9213169738650322,1.0084991335868836,2.2730343383550644,1.0179034346342086,696.6632943508374,696.6632943508374,greedy,1.0179034346342086,0.0,hard_fault_cluster,0.00018477457501847762,True
276,N7380,observe,-0.2953038215637207,1.0839422666281462,2.431916123628616,0.17275915943086148,0.704562473308295,1.2270956514481852,1.0839422666281462,1.0839422666281462,0.7157669241001952,0.2,3,2,1,0.0,1.0,2,1,1,0.0,-0.2953038215637207,0.1961863785982132,0.9147614501416683,1.1483617424964905,0.001961863785982132,-0.035480886697769165,0.008752511814236641,-0.33812108635902405,0.9447500705718994,0.217572882771492,0.14748358726501465,0.28766217827796936,0.008752511814236641,0.7946585503220558,0.004839684814214706,0.03928159922361374,-0.004087306559085846,28014.35546875,11601.3466796875,16413.0078125,27977.27734375,11606.5302734375,16370.7470703125,0.0013235402293503284,-0.00044680965947918594,0.0025748321786522865,0.13235402293503284,0.6889073718339205,0.9359660091996194,0.5352032040245831,0.9359660091996194,1.078365108370781,1.807135761231184,1.0839422666281462,697.7472366174655,697.7472366174655,greedy,1.0839422666281462,0.0,hard_fault_cluster,0.0,True
277,N6588,control1,-0.45245057344436646,1.0787498608231543,2.1956875026226044,0.3993748888373373,0.7011874095350503,1.1640356040553919,1.0787498608231543,1.0787498608231543,0.4264287161611881,0.2,3,2,1,0.0,0.8013734882107312,2,1,1,0.0,-0.45245057344436646,-0.07317803055047989,-2.4567369318008425,-0.7273730993270875,-0.0007317803055047989,-0.10485339164733887,0.14777322113513947,-0.03029574081301689,0.8731957077980042,0.3235076367855072,0.3923489451408386,0.2546663284301758,-0.07317803055047989,-3.7845338594913485,0.0050321705639362335,0.012366190552711487,-0.0017524808645248413,27977.1953125,11606.1025390625,16371.09375,27914.890625,11554.8857421875,16360.00390625,0.0022269811015576124,0.004412919748574495,0.0006774039356969297,0.22269811015576124,0.5778122469782829,0.4108759731054306,0.5218658540397882,0.46290535628795626,-0.12052552551031095,2.0216584084182974,1.0787498608231543,698.8259864782887,698.8259864782887,greedy,1.0787498608231543,0.0,hard_fault_cluster,0.00078170803205003,True
278,N6685,observe,-0.337143212556839,0.6797231270745396,0.5052438758313655,0.04159275326877834,0.44182003259845076,0.8797231270745396,0.8283173231770641,0.7728545048187323,1.0,0.2,3,2,1,0.7429709805126223,1.0,2,1,1,0.46565688872096345,-0.337143212556839,-0.04498877376317978,0.6254048401489855,0.6807591438293457,-0.0004498877376317978,-0.08486586809158325,0.13773280382156372,0.587395191192627,1.1458818912506104,0.5239178985357285,0.5895862579345703,0.4582495391368866,-0.04498877376317978,0.8477689386345446,0.009401321411132812,0.01910915970802307,0.000436931848526001,27915.103515625,11555.212890625,16359.890625,28263.078125,11727.1171875,16535.9609375,-0.01246546022593975,-0.01487677451223135,-0.010762316174805164,-1.246546022593975,1.0328761711716652,0.9190400280803442,0.9633181486278772,0.9219606318324804,0.7089682882651687,0.6187193845119328,0.7728545048187323,699.5988409831074,699.5988409831074,greedy,0.7728545048187323,0.0,hard_fault_cluster,0.0,True
