line_no,raw,site_type,src_node,dst_node,node,sa_value,status,original_node,net,tmax_site,fault_type,is_hard
1,N5879 /1 undetected,output,,N5879,N5879,1,undetected,N5879,N5879,N5879,sa1,1
2,N13571 /1 undetected,output,,N13571,N13571,1,undetected,N13571,N13571,N13571,sa1,1
3,N13570 /1 undetected,output,,N13570,N13570,1,undetected,N13570,N13570,N13570,sa1,1
4,N5873 /1 undetected,output,,N5873,N5873,1,undetected,N5873,N5873,N5873,sa1,1
5,N5872 /1 undetected,output,,N5872,N5872,1,undetected,N5872,N5872,N5872,sa1,1
6,N19268 /1 undetected,output,,N19268,N19268,1,undetected,N19268,N19268,N19268,sa1,1
7,N19259 /1 undetected,output,,N19259,N19259,1,undetected,N19259,N19259,N19259,sa1,1
8,N1372->N14640 /1 undetected,input_edge,N1372,N14640,N14640,1,undetected,N14640,N14640,N14640,sa1,1
9,N5870 /1 undetected,output,,N5870,N5870,1,undetected,N5870,N5870,N5870,sa1,1
10,N5869 /1 undetected,output,,N5869,N5869,1,undetected,N5869,N5869,N5869,sa1,1
11,N1532->N14638 /1 undetected,input_edge,N1532,N14638,N14638,1,undetected,N14638,N14638,N14638,sa1,1
12,N17034 /1 undetected,output,,N17034,N17034,1,undetected,N17034,N17034,N17034,sa1,1
13,N14636 /1 undetected,output,,N14636,N14636,1,undetected,N14636,N14636,N14636,sa1,1
14,N14635 /1 undetected,output,,N14635,N14635,1,undetected,N14635,N14635,N14635,sa1,1
15,N1586 /0 undetected,output,,N1586,N1586,0,undetected,N1586,N1586,N1586,sa0,1
16,N22756 /1 undetected,output,,N22756,N22756,1,undetected,N22756,N22756,N22756,sa1,1
17,N3694 /1 undetected,output,,N3694,N3694,1,undetected,N3694,N3694,N3694,sa1,1
18,N18312 /1 undetected,output,,N18312,N18312,1,undetected,N18312,N18312,N18312,sa1,1
19,N18326 /1 undetected,output,,N18326,N18326,1,undetected,N18326,N18326,N18326,sa1,1
20,N18341 /1 undetected,output,,N18341,N18341,1,undetected,N18341,N18341,N18341,sa1,1
21,N3701 /1 undetected,output,,N3701,N3701,1,undetected,N3701,N3701,N3701,sa1,1
22,N27722 /1 undetected,output,,N27722,N27722,1,undetected,N27722,N27722,N27722,sa1,1
23,N18344 /1 undetected,output,,N18344,N18344,1,undetected,N18344,N18344,N18344,sa1,1
24,N18357 /1 undetected,output,,N18357,N18357,1,undetected,N18357,N18357,N18357,sa1,1
25,N8805 /1 undetected,output,,N8805,N8805,1,undetected,N8805,N8805,N8805,sa1,1
26,N3722 /1 undetected,output,,N3722,N3722,1,undetected,N3722,N3722,N3722,sa1,1
27,N8736 /1 undetected,output,,N8736,N8736,1,undetected,N8736,N8736,N8736,sa1,1
28,N8803 /1 undetected,output,,N8803,N8803,1,undetected,N8803,N8803,N8803,sa1,1
29,N27785 /1 undetected,output,,N27785,N27785,1,undetected,N27785,N27785,N27785,sa1,1
30,N8678 /1 undetected,output,,N8678,N8678,1,undetected,N8678,N8678,N8678,sa1,1
31,N8802 /1 undetected,output,,N8802,N8802,1,undetected,N8802,N8802,N8802,sa1,1
32,N27727 /1 undetected,output,,N27727,N27727,1,undetected,N27727,N27727,N27727,sa1,1
33,N18386 /1 undetected,output,,N18386,N18386,1,undetected,N18386,N18386,N18386,sa1,1
34,N8552 /1 undetected,output,,N8552,N8552,1,undetected,N8552,N8552,N8552,sa1,1
35,N27665 /1 undetected,output,,N27665,N27665,1,undetected,N27665,N27665,N27665,sa1,1
36,N8493 /1 undetected,output,,N8493,N8493,1,undetected,N8493,N8493,N8493,sa1,1
37,N27605 /1 undetected,output,,N27605,N27605,1,undetected,N27605,N27605,N27605,sa1,1
38,N18383 /1 undetected,output,,N18383,N18383,1,undetected,N18383,N18383,N18383,sa1,1
39,N8801 /1 undetected,output,,N8801,N8801,1,undetected,N8801,N8801,N8801,sa1,1
40,N8799 /1 undetected,output,,N8799,N8799,1,undetected,N8799,N8799,N8799,sa1,1
41,N3743 /1 undetected,output,,N3743,N3743,1,undetected,N3743,N3743,N3743,sa1,1
42,N8733 /1 undetected,output,,N8733,N8733,1,undetected,N8733,N8733,N8733,sa1,1
43,N8797 /1 undetected,output,,N8797,N8797,1,undetected,N8797,N8797,N8797,sa1,1
44,N27791 /1 undetected,output,,N27791,N27791,1,undetected,N27791,N27791,N27791,sa1,1
45,N8684 /1 undetected,output,,N8684,N8684,1,undetected,N8684,N8684,N8684,sa1,1
46,N8796 /1 undetected,output,,N8796,N8796,1,undetected,N8796,N8796,N8796,sa1,1
47,N27733 /1 undetected,output,,N27733,N27733,1,undetected,N27733,N27733,N27733,sa1,1
48,N18430 /1 undetected,output,,N18430,N18430,1,undetected,N18430,N18430,N18430,sa1,1
49,N8616 /1 undetected,output,,N8616,N8616,1,undetected,N8616,N8616,N8616,sa1,1
50,N8499 /1 undetected,output,,N8499,N8499,1,undetected,N8499,N8499,N8499,sa1,1
51,N27611 /1 undetected,output,,N27611,N27611,1,undetected,N27611,N27611,N27611,sa1,1
52,N3750 /1 undetected,output,,N3750,N3750,1,undetected,N3750,N3750,N3750,sa1,1
53,N8732 /1 undetected,output,,N8732,N8732,1,undetected,N8732,N8732,N8732,sa1,1
54,N8795 /1 undetected,output,,N8795,N8795,1,undetected,N8795,N8795,N8795,sa1,1
55,N27793 /1 undetected,output,,N27793,N27793,1,undetected,N27793,N27793,N27793,sa1,1
56,N8686 /1 undetected,output,,N8686,N8686,1,undetected,N8686,N8686,N8686,sa1,1
57,N8794 /1 undetected,output,,N8794,N8794,1,undetected,N8794,N8794,N8794,sa1,1
58,N27735 /1 undetected,output,,N27735,N27735,1,undetected,N27735,N27735,N27735,sa1,1
59,N18443 /1 undetected,output,,N18443,N18443,1,undetected,N18443,N18443,N18443,sa1,1
60,N8614 /1 undetected,output,,N8614,N8614,1,undetected,N8614,N8614,N8614,sa1,1
61,N8501 /1 undetected,output,,N8501,N8501,1,undetected,N8501,N8501,N8501,sa1,1
62,N27613 /1 undetected,output,,N27613,N27613,1,undetected,N27613,N27613,N27613,sa1,1
63,N3757 /1 undetected,output,,N3757,N3757,1,undetected,N3757,N3757,N3757,sa1,1
64,N8731 /1 undetected,output,,N8731,N8731,1,undetected,N8731,N8731,N8731,sa1,1
65,N8793 /1 undetected,output,,N8793,N8793,1,undetected,N8793,N8793,N8793,sa1,1
66,N27795 /1 undetected,output,,N27795,N27795,1,undetected,N27795,N27795,N27795,sa1,1
67,N8687 /1 undetected,output,,N8687,N8687,1,undetected,N8687,N8687,N8687,sa1,1
68,N8792 /1 undetected,output,,N8792,N8792,1,undetected,N8792,N8792,N8792,sa1,1
69,N27737 /1 undetected,output,,N27737,N27737,1,undetected,N27737,N27737,N27737,sa1,1
70,N18457 /1 undetected,output,,N18457,N18457,1,undetected,N18457,N18457,N18457,sa1,1
71,N8547 /1 undetected,output,,N8547,N8547,1,undetected,N8547,N8547,N8547,sa1,1
72,N8612 /1 undetected,output,,N8612,N8612,1,undetected,N8612,N8612,N8612,sa1,1
73,N27675 /1 undetected,output,,N27675,N27675,1,undetected,N27675,N27675,N27675,sa1,1
74,N8502 /1 undetected,output,,N8502,N8502,1,undetected,N8502,N8502,N8502,sa1,1
75,N27615 /1 undetected,output,,N27615,N27615,1,undetected,N27615,N27615,N27615,sa1,1
76,N18454 /1 undetected,output,,N18454,N18454,1,undetected,N18454,N18454,N18454,sa1,1
77,N8851 /1 undetected,output,,N8851,N8851,1,undetected,N8851,N8851,N8851,sa1,1
78,N3771 /1 undetected,output,,N3771,N3771,1,undetected,N3771,N3771,N3771,sa1,1
79,N8759 /1 undetected,output,,N8759,N8759,1,undetected,N8759,N8759,N8759,sa1,1
80,N8849 /1 undetected,output,,N8849,N8849,1,undetected,N8849,N8849,N8849,sa1,1
81,N27799 /1 undetected,output,,N27799,N27799,1,undetected,N27799,N27799,N27799,sa1,1
82,N8692 /1 undetected,output,,N8692,N8692,1,undetected,N8692,N8692,N8692,sa1,1
83,N8848 /1 undetected,output,,N8848,N8848,1,undetected,N8848,N8848,N8848,sa1,1
84,N27741 /1 undetected,output,,N27741,N27741,1,undetected,N27741,N27741,N27741,sa1,1
85,N18484 /1 undetected,output,,N18484,N18484,1,undetected,N18484,N18484,N18484,sa1,1
86,N8574 /1 undetected,output,,N8574,N8574,1,undetected,N8574,N8574,N8574,sa1,1
87,N8668 /1 undetected,output,,N8668,N8668,1,undetected,N8668,N8668,N8668,sa1,1
88,N27679 /1 undetected,output,,N27679,N27679,1,undetected,N27679,N27679,N27679,sa1,1
89,N8507 /1 undetected,output,,N8507,N8507,1,undetected,N8507,N8507,N8507,sa1,1
90,N27619 /1 undetected,output,,N27619,N27619,1,undetected,N27619,N27619,N27619,sa1,1
91,N18481 /1 undetected,output,,N18481,N18481,1,undetected,N18481,N18481,N18481,sa1,1
92,N3778 /1 undetected,output,,N3778,N3778,1,undetected,N3778,N3778,N3778,sa1,1
93,N8847 /1 undetected,output,,N8847,N8847,1,undetected,N8847,N8847,N8847,sa1,1
94,N8694 /1 undetected,output,,N8694,N8694,1,undetected,N8694,N8694,N8694,sa1,1
95,N8846 /1 undetected,output,,N8846,N8846,1,undetected,N8846,N8846,N8846,sa1,1
96,N27743 /1 undetected,output,,N27743,N27743,1,undetected,N27743,N27743,N27743,sa1,1
97,N5930 /1 undetected,output,,N5930,N5930,1,undetected,N5930,N5930,N5930,sa1,1
98,N25233 /1 undetected,output,,N25233,N25233,1,undetected,N25233,N25233,N25233,sa1,1
99,N3785 /1 undetected,output,,N3785,N3785,1,undetected,N3785,N3785,N3785,sa1,1
100,N8757 /1 undetected,output,,N8757,N8757,1,undetected,N8757,N8757,N8757,sa1,1
101,N8845 /1 undetected,output,,N8845,N8845,1,undetected,N8845,N8845,N8845,sa1,1
102,N27803 /1 undetected,output,,N27803,N27803,1,undetected,N27803,N27803,N27803,sa1,1
103,N8696 /1 undetected,output,,N8696,N8696,1,undetected,N8696,N8696,N8696,sa1,1
104,N8844 /1 undetected,output,,N8844,N8844,1,undetected,N8844,N8844,N8844,sa1,1
105,N27745 /1 undetected,output,,N27745,N27745,1,undetected,N27745,N27745,N27745,sa1,1
106,N18511 /1 undetected,output,,N18511,N18511,1,undetected,N18511,N18511,N18511,sa1,1
107,N8664 /1 undetected,output,,N8664,N8664,1,undetected,N8664,N8664,N8664,sa1,1
108,N8511 /1 undetected,output,,N8511,N8511,1,undetected,N8511,N8511,N8511,sa1,1
109,N27623 /1 undetected,output,,N27623,N27623,1,undetected,N27623,N27623,N27623,sa1,1
110,N25187 /1 undetected,output,,N25187,N25187,1,undetected,N25187,N25187,N25187,sa1,1
111,N6105 /1 undetected,output,,N6105,N6105,1,undetected,N6105,N6105,N6105,sa1,1
112,N5934 /1 undetected,output,,N5934,N5934,1,undetected,N5934,N5934,N5934,sa1,1
113,N3792 /1 undetected,output,,N3792,N3792,1,undetected,N3792,N3792,N3792,sa1,1
114,N8756 /1 undetected,output,,N8756,N8756,1,undetected,N8756,N8756,N8756,sa1,1
115,N8843 /1 undetected,output,,N8843,N8843,1,undetected,N8843,N8843,N8843,sa1,1
116,N27805 /1 undetected,output,,N27805,N27805,1,undetected,N27805,N27805,N27805,sa1,1
117,N8698 /1 undetected,output,,N8698,N8698,1,undetected,N8698,N8698,N8698,sa1,1
118,N8842 /1 undetected,output,,N8842,N8842,1,undetected,N8842,N8842,N8842,sa1,1
119,N27747 /1 undetected,output,,N27747,N27747,1,undetected,N27747,N27747,N27747,sa1,1
120,N18524 /1 undetected,output,,N18524,N18524,1,undetected,N18524,N18524,N18524,sa1,1
121,N8662 /1 undetected,output,,N8662,N8662,1,undetected,N8662,N8662,N8662,sa1,1
122,N8513 /1 undetected,output,,N8513,N8513,1,undetected,N8513,N8513,N8513,sa1,1
123,N27625 /1 undetected,output,,N27625,N27625,1,undetected,N27625,N27625,N27625,sa1,1
124,N6104 /1 undetected,output,,N6104,N6104,1,undetected,N6104,N6104,N6104,sa1,1
125,N5933 /1 undetected,output,,N5933,N5933,1,undetected,N5933,N5933,N5933,sa1,1
126,N25231 /1 undetected,output,,N25231,N25231,1,undetected,N25231,N25231,N25231,sa1,1
127,N3799 /1 undetected,output,,N3799,N3799,1,undetected,N3799,N3799,N3799,sa1,1
128,N8755 /1 undetected,output,,N8755,N8755,1,undetected,N8755,N8755,N8755,sa1,1
129,N8841 /1 undetected,output,,N8841,N8841,1,undetected,N8841,N8841,N8841,sa1,1
130,N27807 /1 undetected,output,,N27807,N27807,1,undetected,N27807,N27807,N27807,sa1,1
131,N8700 /1 undetected,output,,N8700,N8700,1,undetected,N8700,N8700,N8700,sa1,1
132,N8840 /1 undetected,output,,N8840,N8840,1,undetected,N8840,N8840,N8840,sa1,1
133,N27749 /1 undetected,output,,N27749,N27749,1,undetected,N27749,N27749,N27749,sa1,1
134,N18538 /1 undetected,output,,N18538,N18538,1,undetected,N18538,N18538,N18538,sa1,1
135,N8570 /1 undetected,output,,N8570,N8570,1,undetected,N8570,N8570,N8570,sa1,1
136,N8660 /1 undetected,output,,N8660,N8660,1,undetected,N8660,N8660,N8660,sa1,1
137,N27687 /1 undetected,output,,N27687,N27687,1,undetected,N27687,N27687,N27687,sa1,1
138,N8515 /1 undetected,output,,N8515,N8515,1,undetected,N8515,N8515,N8515,sa1,1
139,N27627 /1 undetected,output,,N27627,N27627,1,undetected,N27627,N27627,N27627,sa1,1
140,N18535 /1 undetected,output,,N18535,N18535,1,undetected,N18535,N18535,N18535,sa1,1
141,N25189 /1 undetected,output,,N25189,N25189,1,undetected,N25189,N25189,N25189,sa1,1
142,N6101 /1 undetected,output,,N6101,N6101,1,undetected,N6101,N6101,N6101,sa1,1
143,N5936 /1 undetected,output,,N5936,N5936,1,undetected,N5936,N5936,N5936,sa1,1
144,N3806 /1 undetected,output,,N3806,N3806,1,undetected,N3806,N3806,N3806,sa1,1
145,N8754 /1 undetected,output,,N8754,N8754,1,undetected,N8754,N8754,N8754,sa1,1
146,N8839 /1 undetected,output,,N8839,N8839,1,undetected,N8839,N8839,N8839,sa1,1
147,N27809 /1 undetected,output,,N27809,N27809,1,undetected,N27809,N27809,N27809,sa1,1
148,N8702 /1 undetected,output,,N8702,N8702,1,undetected,N8702,N8702,N8702,sa1,1
149,N8838 /1 undetected,output,,N8838,N8838,1,undetected,N8838,N8838,N8838,sa1,1
150,N27751 /1 undetected,output,,N27751,N27751,1,undetected,N27751,N27751,N27751,sa1,1
151,N18551 /1 undetected,output,,N18551,N18551,1,undetected,N18551,N18551,N18551,sa1,1
152,N8658 /1 undetected,output,,N8658,N8658,1,undetected,N8658,N8658,N8658,sa1,1
153,N8517 /1 undetected,output,,N8517,N8517,1,undetected,N8517,N8517,N8517,sa1,1
154,N27629 /1 undetected,output,,N27629,N27629,1,undetected,N27629,N27629,N27629,sa1,1
155,N6100 /1 undetected,output,,N6100,N6100,1,undetected,N6100,N6100,N6100,sa1,1
156,N5938 /1 undetected,output,,N5938,N5938,1,undetected,N5938,N5938,N5938,sa1,1
157,N25229 /1 undetected,output,,N25229,N25229,1,undetected,N25229,N25229,N25229,sa1,1
158,N3813 /1 undetected,output,,N3813,N3813,1,undetected,N3813,N3813,N3813,sa1,1
159,N8753 /1 undetected,output,,N8753,N8753,1,undetected,N8753,N8753,N8753,sa1,1
160,N8837 /1 undetected,output,,N8837,N8837,1,undetected,N8837,N8837,N8837,sa1,1
161,N27811 /1 undetected,output,,N27811,N27811,1,undetected,N27811,N27811,N27811,sa1,1
162,N8704 /1 undetected,output,,N8704,N8704,1,undetected,N8704,N8704,N8704,sa1,1
163,N8836 /1 undetected,output,,N8836,N8836,1,undetected,N8836,N8836,N8836,sa1,1
164,N27753 /1 undetected,output,,N27753,N27753,1,undetected,N27753,N27753,N27753,sa1,1
165,N18565 /1 undetected,output,,N18565,N18565,1,undetected,N18565,N18565,N18565,sa1,1
166,N8656 /1 undetected,output,,N8656,N8656,1,undetected,N8656,N8656,N8656,sa1,1
167,N8519 /1 undetected,output,,N8519,N8519,1,undetected,N8519,N8519,N8519,sa1,1
168,N27631 /1 undetected,output,,N27631,N27631,1,undetected,N27631,N27631,N27631,sa1,1
169,N25191 /1 undetected,output,,N25191,N25191,1,undetected,N25191,N25191,N25191,sa1,1
170,N6097 /1 undetected,output,,N6097,N6097,1,undetected,N6097,N6097,N6097,sa1,1
171,N5940 /1 undetected,output,,N5940,N5940,1,undetected,N5940,N5940,N5940,sa1,1
172,N3820 /1 undetected,output,,N3820,N3820,1,undetected,N3820,N3820,N3820,sa1,1
173,N8752 /1 undetected,output,,N8752,N8752,1,undetected,N8752,N8752,N8752,sa1,1
174,N8835 /1 undetected,output,,N8835,N8835,1,undetected,N8835,N8835,N8835,sa1,1
175,N27813 /1 undetected,output,,N27813,N27813,1,undetected,N27813,N27813,N27813,sa1,1
176,N8706 /1 undetected,output,,N8706,N8706,1,undetected,N8706,N8706,N8706,sa1,1
177,N8834 /1 undetected,output,,N8834,N8834,1,undetected,N8834,N8834,N8834,sa1,1
178,N27755 /1 undetected,output,,N27755,N27755,1,undetected,N27755,N27755,N27755,sa1,1
179,N18578 /1 undetected,output,,N18578,N18578,1,undetected,N18578,N18578,N18578,sa1,1
180,N8654 /1 undetected,output,,N8654,N8654,1,undetected,N8654,N8654,N8654,sa1,1
181,N8521 /1 undetected,output,,N8521,N8521,1,undetected,N8521,N8521,N8521,sa1,1
182,N27633 /1 undetected,output,,N27633,N27633,1,undetected,N27633,N27633,N27633,sa1,1
183,N6096 /1 undetected,output,,N6096,N6096,1,undetected,N6096,N6096,N6096,sa1,1
184,N5939 /1 undetected,output,,N5939,N5939,1,undetected,N5939,N5939,N5939,sa1,1
185,N25227 /1 undetected,output,,N25227,N25227,1,undetected,N25227,N25227,N25227,sa1,1
186,N3827 /1 undetected,output,,N3827,N3827,1,undetected,N3827,N3827,N3827,sa1,1
187,N8751 /1 undetected,output,,N8751,N8751,1,undetected,N8751,N8751,N8751,sa1,1
188,N8833 /1 undetected,output,,N8833,N8833,1,undetected,N8833,N8833,N8833,sa1,1
189,N27815 /1 undetected,output,,N27815,N27815,1,undetected,N27815,N27815,N27815,sa1,1
190,N8708 /1 undetected,output,,N8708,N8708,1,undetected,N8708,N8708,N8708,sa1,1
191,N8832 /1 undetected,output,,N8832,N8832,1,undetected,N8832,N8832,N8832,sa1,1
192,N27757 /1 undetected,output,,N27757,N27757,1,undetected,N27757,N27757,N27757,sa1,1
193,N18592 /1 undetected,output,,N18592,N18592,1,undetected,N18592,N18592,N18592,sa1,1
194,N8652 /1 undetected,output,,N8652,N8652,1,undetected,N8652,N8652,N8652,sa1,1
195,N8523 /1 undetected,output,,N8523,N8523,1,undetected,N8523,N8523,N8523,sa1,1
196,N27635 /1 undetected,output,,N27635,N27635,1,undetected,N27635,N27635,N27635,sa1,1
197,N25193 /1 undetected,output,,N25193,N25193,1,undetected,N25193,N25193,N25193,sa1,1
198,N6093 /1 undetected,output,,N6093,N6093,1,undetected,N6093,N6093,N6093,sa1,1
199,N5943 /1 undetected,output,,N5943,N5943,1,undetected,N5943,N5943,N5943,sa1,1
200,N3834 /1 undetected,output,,N3834,N3834,1,undetected,N3834,N3834,N3834,sa1,1
201,N8750 /1 undetected,output,,N8750,N8750,1,undetected,N8750,N8750,N8750,sa1,1
202,N8831 /1 undetected,output,,N8831,N8831,1,undetected,N8831,N8831,N8831,sa1,1
203,N27817 /1 undetected,output,,N27817,N27817,1,undetected,N27817,N27817,N27817,sa1,1
204,N8710 /1 undetected,output,,N8710,N8710,1,undetected,N8710,N8710,N8710,sa1,1
205,N8830 /1 undetected,output,,N8830,N8830,1,undetected,N8830,N8830,N8830,sa1,1
206,N27759 /1 undetected,output,,N27759,N27759,1,undetected,N27759,N27759,N27759,sa1,1
207,N18606 /1 undetected,output,,N18606,N18606,1,undetected,N18606,N18606,N18606,sa1,1
208,N8648 /1 undetected,output,,N8648,N8648,1,undetected,N8648,N8648,N8648,sa1,1
209,N8525 /1 undetected,output,,N8525,N8525,1,undetected,N8525,N8525,N8525,sa1,1
210,N27637 /1 undetected,output,,N27637,N27637,1,undetected,N27637,N27637,N27637,sa1,1
211,N6090 /1 undetected,output,,N6090,N6090,1,undetected,N6090,N6090,N6090,sa1,1
212,N5942 /1 undetected,output,,N5942,N5942,1,undetected,N5942,N5942,N5942,sa1,1
213,N25225 /1 undetected,output,,N25225,N25225,1,undetected,N25225,N25225,N25225,sa1,1
214,__tpi_not_test_en->__tpi_cp_70_N3841 /1 undetected,input_edge,__tpi_not_test_en,__tpi_cp_70_N3841,__tpi_cp_70_N3841,1,undetected,__tpi_cp_70_N3841,__tpi_cp_70_N3841,__tpi_cp_70_N3841,sa1,1
215,__tpi_cp_70_N3841 /1 undetected,output,,__tpi_cp_70_N3841,__tpi_cp_70_N3841,1,undetected,__tpi_cp_70_N3841,__tpi_cp_70_N3841,__tpi_cp_70_N3841,sa1,1
216,N3841 /1 undetected,output,,N3841,N3841,1,undetected,N3841,N3841,N3841,sa1,1
217,N8749 /1 undetected,output,,N8749,N8749,1,undetected,N8749,N8749,N8749,sa1,1
218,N8829 /1 undetected,output,,N8829,N8829,1,undetected,N8829,N8829,N8829,sa1,1
219,N27819 /1 undetected,output,,N27819,N27819,1,undetected,N27819,N27819,N27819,sa1,1
220,N8712 /1 undetected,output,,N8712,N8712,1,undetected,N8712,N8712,N8712,sa1,1
221,N8828 /1 undetected,output,,N8828,N8828,1,undetected,N8828,N8828,N8828,sa1,1
222,N27761 /1 undetected,output,,N27761,N27761,1,undetected,N27761,N27761,N27761,sa1,1
223,N18620 /1 undetected,output,,N18620,N18620,1,undetected,N18620,N18620,N18620,sa1,1
224,__tpi_not_test_en->__tpi_cp_55_N3840 /1 undetected,input_edge,__tpi_not_test_en,__tpi_cp_55_N3840,__tpi_cp_55_N3840,1,undetected,__tpi_cp_55_N3840,__tpi_cp_55_N3840,__tpi_cp_55_N3840,sa1,1
225,N8646 /1 undetected,output,,N8646,N8646,1,undetected,N8646,N8646,N8646,sa1,1
226,N8527 /1 undetected,output,,N8527,N8527,1,undetected,N8527,N8527,N8527,sa1,1
227,N27639 /1 undetected,output,,N27639,N27639,1,undetected,N27639,N27639,N27639,sa1,1
228,N25195 /1 undetected,output,,N25195,N25195,1,undetected,N25195,N25195,N25195,sa1,1
229,N6087 /1 undetected,output,,N6087,N6087,1,undetected,N6087,N6087,N6087,sa1,1
230,N5945 /1 undetected,output,,N5945,N5945,1,undetected,N5945,N5945,N5945,sa1,1
231,N3848 /1 undetected,output,,N3848,N3848,1,undetected,N3848,N3848,N3848,sa1,1
232,N8748 /1 undetected,output,,N8748,N8748,1,undetected,N8748,N8748,N8748,sa1,1
233,N8827 /1 undetected,output,,N8827,N8827,1,undetected,N8827,N8827,N8827,sa1,1
234,N27821 /1 undetected,output,,N27821,N27821,1,undetected,N27821,N27821,N27821,sa1,1
235,N8714 /1 undetected,output,,N8714,N8714,1,undetected,N8714,N8714,N8714,sa1,1
236,N8826 /1 undetected,output,,N8826,N8826,1,undetected,N8826,N8826,N8826,sa1,1
237,N27763 /1 undetected,output,,N27763,N27763,1,undetected,N27763,N27763,N27763,sa1,1
238,N18633 /1 undetected,output,,N18633,N18633,1,undetected,N18633,N18633,N18633,sa1,1
239,N8644 /1 undetected,output,,N8644,N8644,1,undetected,N8644,N8644,N8644,sa1,1
240,N8529 /1 undetected,output,,N8529,N8529,1,undetected,N8529,N8529,N8529,sa1,1
241,N27641 /1 undetected,output,,N27641,N27641,1,undetected,N27641,N27641,N27641,sa1,1
242,N6086 /1 undetected,output,,N6086,N6086,1,undetected,N6086,N6086,N6086,sa1,1
243,N5947 /1 undetected,output,,N5947,N5947,1,undetected,N5947,N5947,N5947,sa1,1
244,N25223 /1 undetected,output,,N25223,N25223,1,undetected,N25223,N25223,N25223,sa1,1
245,N3855 /1 undetected,output,,N3855,N3855,1,undetected,N3855,N3855,N3855,sa1,1
246,N8747 /1 undetected,output,,N8747,N8747,1,undetected,N8747,N8747,N8747,sa1,1
247,N8825 /1 undetected,output,,N8825,N8825,1,undetected,N8825,N8825,N8825,sa1,1
248,N27823 /1 undetected,output,,N27823,N27823,1,undetected,N27823,N27823,N27823,sa1,1
249,N8716 /1 undetected,output,,N8716,N8716,1,undetected,N8716,N8716,N8716,sa1,1
250,N8824 /1 undetected,output,,N8824,N8824,1,undetected,N8824,N8824,N8824,sa1,1
251,N27765 /1 undetected,output,,N27765,N27765,1,undetected,N27765,N27765,N27765,sa1,1
252,N18647 /1 undetected,output,,N18647,N18647,1,undetected,N18647,N18647,N18647,sa1,1
253,N8642 /1 undetected,output,,N8642,N8642,1,undetected,N8642,N8642,N8642,sa1,1
254,N8531 /1 undetected,output,,N8531,N8531,1,undetected,N8531,N8531,N8531,sa1,1
255,N27643 /1 undetected,output,,N27643,N27643,1,undetected,N27643,N27643,N27643,sa1,1
256,N25197 /1 undetected,output,,N25197,N25197,1,undetected,N25197,N25197,N25197,sa1,1
257,N6083 /1 undetected,output,,N6083,N6083,1,undetected,N6083,N6083,N6083,sa1,1
258,N5949 /1 undetected,output,,N5949,N5949,1,undetected,N5949,N5949,N5949,sa1,1
259,N3862 /1 undetected,output,,N3862,N3862,1,undetected,N3862,N3862,N3862,sa1,1
260,N8746 /1 undetected,output,,N8746,N8746,1,undetected,N8746,N8746,N8746,sa1,1
261,N8823 /1 undetected,output,,N8823,N8823,1,undetected,N8823,N8823,N8823,sa1,1
262,N27825 /1 undetected,output,,N27825,N27825,1,undetected,N27825,N27825,N27825,sa1,1
263,N8718 /1 undetected,output,,N8718,N8718,1,undetected,N8718,N8718,N8718,sa1,1
264,N8822 /1 undetected,output,,N8822,N8822,1,undetected,N8822,N8822,N8822,sa1,1
265,N27767 /1 undetected,output,,N27767,N27767,1,undetected,N27767,N27767,N27767,sa1,1
266,N18660 /1 undetected,output,,N18660,N18660,1,undetected,N18660,N18660,N18660,sa1,1
267,N8560 /1 undetected,output,,N8560,N8560,1,undetected,N8560,N8560,N8560,sa1,1
268,N8640 /1 undetected,output,,N8640,N8640,1,undetected,N8640,N8640,N8640,sa1,1
269,N27705 /1 undetected,output,,N27705,N27705,1,undetected,N27705,N27705,N27705,sa1,1
270,N8533 /1 undetected,output,,N8533,N8533,1,undetected,N8533,N8533,N8533,sa1,1
271,N27645 /1 undetected,output,,N27645,N27645,1,undetected,N27645,N27645,N27645,sa1,1
272,N18657 /1 undetected,output,,N18657,N18657,1,undetected,N18657,N18657,N18657,sa1,1
273,N6082 /1 undetected,output,,N6082,N6082,1,undetected,N6082,N6082,N6082,sa1,1
274,N5948 /1 undetected,output,,N5948,N5948,1,undetected,N5948,N5948,N5948,sa1,1
275,N25221 /1 undetected,output,,N25221,N25221,1,undetected,N25221,N25221,N25221,sa1,1
276,N3869 /1 undetected,output,,N3869,N3869,1,undetected,N3869,N3869,N3869,sa1,1
277,N8745 /1 undetected,output,,N8745,N8745,1,undetected,N8745,N8745,N8745,sa1,1
278,N8821 /1 undetected,output,,N8821,N8821,1,undetected,N8821,N8821,N8821,sa1,1
279,N27827 /1 undetected,output,,N27827,N27827,1,undetected,N27827,N27827,N27827,sa1,1
280,N8720 /1 undetected,output,,N8720,N8720,1,undetected,N8720,N8720,N8720,sa1,1
281,N8820 /1 undetected,output,,N8820,N8820,1,undetected,N8820,N8820,N8820,sa1,1
282,N27769 /1 undetected,output,,N27769,N27769,1,undetected,N27769,N27769,N27769,sa1,1
283,N18674 /1 undetected,output,,N18674,N18674,1,undetected,N18674,N18674,N18674,sa1,1
284,N8638 /1 undetected,output,,N8638,N8638,1,undetected,N8638,N8638,N8638,sa1,1
285,N8535 /1 undetected,output,,N8535,N8535,1,undetected,N8535,N8535,N8535,sa1,1
286,N27647 /1 undetected,output,,N27647,N27647,1,undetected,N27647,N27647,N27647,sa1,1
287,N25199 /1 undetected,output,,N25199,N25199,1,undetected,N25199,N25199,N25199,sa1,1
288,N6079 /1 undetected,output,,N6079,N6079,1,undetected,N6079,N6079,N6079,sa1,1
289,N5952 /1 undetected,output,,N5952,N5952,1,undetected,N5952,N5952,N5952,sa1,1
290,N3876 /1 undetected,output,,N3876,N3876,1,undetected,N3876,N3876,N3876,sa1,1
291,N8744 /1 undetected,output,,N8744,N8744,1,undetected,N8744,N8744,N8744,sa1,1
292,N8819 /1 undetected,output,,N8819,N8819,1,undetected,N8819,N8819,N8819,sa1,1
293,N27829 /1 undetected,output,,N27829,N27829,1,undetected,N27829,N27829,N27829,sa1,1
294,N8722 /1 undetected,output,,N8722,N8722,1,undetected,N8722,N8722,N8722,sa1,1
295,N8818 /1 undetected,output,,N8818,N8818,1,undetected,N8818,N8818,N8818,sa1,1
296,N27771 /1 undetected,output,,N27771,N27771,1,undetected,N27771,N27771,N27771,sa1,1
297,N18687 /1 undetected,output,,N18687,N18687,1,undetected,N18687,N18687,N18687,sa1,1
298,N3875 /1 undetected,output,,N3875,N3875,1,undetected,N3875,N3875,N3875,sa1,1
299,N8636 /1 undetected,output,,N8636,N8636,1,undetected,N8636,N8636,N8636,sa1,1
300,N8537 /1 undetected,output,,N8537,N8537,1,undetected,N8537,N8537,N8537,sa1,1
301,N8635 /1 undetected,output,,N8635,N8635,1,undetected,N8635,N8635,N8635,sa1,1
302,N27649 /1 undetected,output,,N27649,N27649,1,undetected,N27649,N27649,N27649,sa1,1
303,N6078 /1 undetected,output,,N6078,N6078,1,undetected,N6078,N6078,N6078,sa1,1
304,N5951 /1 undetected,output,,N5951,N5951,1,undetected,N5951,N5951,N5951,sa1,1
305,N25219 /1 undetected,output,,N25219,N25219,1,undetected,N25219,N25219,N25219,sa1,1
306,N3883 /1 undetected,output,,N3883,N3883,1,undetected,N3883,N3883,N3883,sa1,1
307,N8743 /1 undetected,output,,N8743,N8743,1,undetected,N8743,N8743,N8743,sa1,1
308,N8817 /1 undetected,output,,N8817,N8817,1,undetected,N8817,N8817,N8817,sa1,1
309,N27831 /1 undetected,output,,N27831,N27831,1,undetected,N27831,N27831,N27831,sa1,1
310,N8724 /1 undetected,output,,N8724,N8724,1,undetected,N8724,N8724,N8724,sa1,1
311,N8816 /1 undetected,output,,N8816,N8816,1,undetected,N8816,N8816,N8816,sa1,1
312,N27773 /1 undetected,output,,N27773,N27773,1,undetected,N27773,N27773,N27773,sa1,1
313,N18701 /1 undetected,output,,N18701,N18701,1,undetected,N18701,N18701,N18701,sa1,1
314,N8634 /1 undetected,output,,N8634,N8634,1,undetected,N8634,N8634,N8634,sa1,1
315,N8539 /1 undetected,output,,N8539,N8539,1,undetected,N8539,N8539,N8539,sa1,1
316,N27651 /1 undetected,output,,N27651,N27651,1,undetected,N27651,N27651,N27651,sa1,1
317,N25201 /1 undetected,output,,N25201,N25201,1,undetected,N25201,N25201,N25201,sa1,1
318,N6075 /1 undetected,output,,N6075,N6075,1,undetected,N6075,N6075,N6075,sa1,1
319,N5954 /1 undetected,output,,N5954,N5954,1,undetected,N5954,N5954,N5954,sa1,1
320,N3890 /1 undetected,output,,N3890,N3890,1,undetected,N3890,N3890,N3890,sa1,1
321,N8742 /1 undetected,output,,N8742,N8742,1,undetected,N8742,N8742,N8742,sa1,1
322,N8815 /1 undetected,output,,N8815,N8815,1,undetected,N8815,N8815,N8815,sa1,1
323,N27833 /1 undetected,output,,N27833,N27833,1,undetected,N27833,N27833,N27833,sa1,1
324,N8726 /1 undetected,output,,N8726,N8726,1,undetected,N8726,N8726,N8726,sa1,1
325,N8814 /1 undetected,output,,N8814,N8814,1,undetected,N8814,N8814,N8814,sa1,1
326,N27775 /1 undetected,output,,N27775,N27775,1,undetected,N27775,N27775,N27775,sa1,1
327,N18716 /1 undetected,output,,N18716,N18716,1,undetected,N18716,N18716,N18716,sa1,1
328,N8632 /1 undetected,output,,N8632,N8632,1,undetected,N8632,N8632,N8632,sa1,1
329,N8541 /1 undetected,output,,N8541,N8541,1,undetected,N8541,N8541,N8541,sa1,1
330,N27653 /1 undetected,output,,N27653,N27653,1,undetected,N27653,N27653,N27653,sa1,1
331,N6074 /1 undetected,output,,N6074,N6074,1,undetected,N6074,N6074,N6074,sa1,1
332,N5955 /1 undetected,output,,N5955,N5955,1,undetected,N5955,N5955,N5955,sa1,1
333,N25217 /1 undetected,output,,N25217,N25217,1,undetected,N25217,N25217,N25217,sa1,1
334,N3897 /1 undetected,output,,N3897,N3897,1,undetected,N3897,N3897,N3897,sa1,1
335,N8741 /1 undetected,output,,N8741,N8741,1,undetected,N8741,N8741,N8741,sa1,1
336,N8813 /1 undetected,output,,N8813,N8813,1,undetected,N8813,N8813,N8813,sa1,1
337,N27835 /1 undetected,output,,N27835,N27835,1,undetected,N27835,N27835,N27835,sa1,1
338,N8728 /1 undetected,output,,N8728,N8728,1,undetected,N8728,N8728,N8728,sa1,1
339,N8812 /1 undetected,output,,N8812,N8812,1,undetected,N8812,N8812,N8812,sa1,1
340,N27777 /1 undetected,output,,N27777,N27777,1,undetected,N27777,N27777,N27777,sa1,1
341,N18731 /1 undetected,output,,N18731,N18731,1,undetected,N18731,N18731,N18731,sa1,1
342,N3896 /1 undetected,output,,N3896,N3896,1,undetected,N3896,N3896,N3896,sa1,1
343,N8630 /1 undetected,output,,N8630,N8630,1,undetected,N8630,N8630,N8630,sa1,1
344,N8543 /1 undetected,output,,N8543,N8543,1,undetected,N8543,N8543,N8543,sa1,1
345,N8629 /1 undetected,output,,N8629,N8629,1,undetected,N8629,N8629,N8629,sa1,1
346,N27655 /1 undetected,output,,N27655,N27655,1,undetected,N27655,N27655,N27655,sa1,1
347,N25203 /1 undetected,output,,N25203,N25203,1,undetected,N25203,N25203,N25203,sa1,1
348,N6071 /1 undetected,output,,N6071,N6071,1,undetected,N6071,N6071,N6071,sa1,1
349,N5957 /1 undetected,output,,N5957,N5957,1,undetected,N5957,N5957,N5957,sa1,1
350,__tpi_not_test_en->__tpi_cp_66_N3904 /1 undetected,input_edge,__tpi_not_test_en,__tpi_cp_66_N3904,__tpi_cp_66_N3904,1,undetected,__tpi_cp_66_N3904,__tpi_cp_66_N3904,__tpi_cp_66_N3904,sa1,1
351,__tpi_cp_66_N3904 /1 undetected,output,,__tpi_cp_66_N3904,__tpi_cp_66_N3904,1,undetected,__tpi_cp_66_N3904,__tpi_cp_66_N3904,__tpi_cp_66_N3904,sa1,1
352,N3904 /1 undetected,output,,N3904,N3904,1,undetected,N3904,N3904,N3904,sa1,1
353,N8739 /1 undetected,output,,N8739,N8739,1,undetected,N8739,N8739,N8739,sa1,1
354,N8809 /1 undetected,output,,N8809,N8809,1,undetected,N8809,N8809,N8809,sa1,1
355,N27837 /1 undetected,output,,N27837,N27837,1,undetected,N27837,N27837,N27837,sa1,1
356,N8730 /1 undetected,output,,N8730,N8730,1,undetected,N8730,N8730,N8730,sa1,1
357,N8808 /1 undetected,output,,N8808,N8808,1,undetected,N8808,N8808,N8808,sa1,1
358,N27779 /1 undetected,output,,N27779,N27779,1,undetected,N27779,N27779,N27779,sa1,1
359,N18746 /1 undetected,output,,N18746,N18746,1,undetected,N18746,N18746,N18746,sa1,1
360,__tpi_not_test_en->__tpi_cp_56_N3903 /1 undetected,input_edge,__tpi_not_test_en,__tpi_cp_56_N3903,__tpi_cp_56_N3903,1,undetected,__tpi_cp_56_N3903,__tpi_cp_56_N3903,__tpi_cp_56_N3903,sa1,1
361,N8628 /1 undetected,output,,N8628,N8628,1,undetected,N8628,N8628,N8628,sa1,1
362,N8545 /1 undetected,output,,N8545,N8545,1,undetected,N8545,N8545,N8545,sa1,1
363,N27657 /1 undetected,output,,N27657,N27657,1,undetected,N27657,N27657,N27657,sa1,1
364,N6068 /1 undetected,output,,N6068,N6068,1,undetected,N6068,N6068,N6068,sa1,1
365,N5960 /1 undetected,output,,N5960,N5960,1,undetected,N5960,N5960,N5960,sa1,1
366,N25205 /1 undetected,output,,N25205,N25205,1,undetected,N25205,N25205,N25205,sa1,1
367,N3911 /1 undetected,output,,N3911,N3911,1,undetected,N3911,N3911,N3911,sa1,1
368,N8738 /1 undetected,output,,N8738,N8738,1,undetected,N8738,N8738,N8738,sa1,1
369,N8807 /1 undetected,output,,N8807,N8807,1,undetected,N8807,N8807,N8807,sa1,1
370,N8791 /1 undetected,output,,N8791,N8791,1,undetected,N8791,N8791,N8791,sa1,1
371,N8761 /1 undetected,output,,N8761,N8761,1,undetected,N8761,N8761,N8761,sa1,1
372,N8806 /1 undetected,output,,N8806,N8806,1,undetected,N8806,N8806,N8806,sa1,1
373,N27781 /1 undetected,output,,N27781,N27781,1,undetected,N27781,N27781,N27781,sa1,1
374,N18759 /1 undetected,output,,N18759,N18759,1,undetected,N18759,N18759,N18759,sa1,1
375,N8553 /1 undetected,output,,N8553,N8553,1,undetected,N8553,N8553,N8553,sa1,1
376,N8626 /1 undetected,output,,N8626,N8626,1,undetected,N8626,N8626,N8626,sa1,1
377,N8609 /1 undetected,output,,N8609,N8609,1,undetected,N8609,N8609,N8609,sa1,1
378,N8578 /1 undetected,output,,N8578,N8578,1,undetected,N8578,N8578,N8578,sa1,1
379,N27663 /1 undetected,output,,N27663,N27663,1,undetected,N27663,N27663,N27663,sa1,1
380,N18757 /1 undetected,output,,N18757,N18757,1,undetected,N18757,N18757,N18757,sa1,1
381,N6066 /1 undetected,output,,N6066,N6066,1,undetected,N6066,N6066,N6066,sa1,1
382,N6008 /1 undetected,output,,N6008,N6008,1,undetected,N6008,N6008,N6008,sa1,1
383,N25213 /1 undetected,output,,N25213,N25213,1,undetected,N25213,N25213,N25213,sa1,1
384,N23168 /1 undetected,output,,N23168,N23168,1,undetected,N23168,N23168,N23168,sa1,1
385,N23171 /1 undetected,output,,N23171,N23171,1,undetected,N23171,N23171,N23171,sa1,1
386,N23174 /1 undetected,output,,N23174,N23174,1,undetected,N23174,N23174,N23174,sa1,1
387,N26027 /1 undetected,output,,N26027,N26027,1,undetected,N26027,N26027,N26027,sa1,1
388,N23175 /1 undetected,output,,N23175,N23175,1,undetected,N23175,N23175,N23175,sa1,1
389,N26023 /1 undetected,output,,N26023,N26023,1,undetected,N26023,N26023,N26023,sa1,1
390,N23176 /1 undetected,output,,N23176,N23176,1,undetected,N23176,N23176,N23176,sa1,1
391,N4451 /1 undetected,output,,N4451,N4451,1,undetected,N4451,N4451,N4451,sa1,1
392,N23180 /1 undetected,output,,N23180,N23180,1,undetected,N23180,N23180,N23180,sa1,1
393,N4457 /1 undetected,output,,N4457,N4457,1,undetected,N4457,N4457,N4457,sa1,1
394,__tpi_not_test_en->__tpi_cp_136_N4460 /1 undetected,input_edge,__tpi_not_test_en,__tpi_cp_136_N4460,__tpi_cp_136_N4460,1,undetected,__tpi_cp_136_N4460,__tpi_cp_136_N4460,__tpi_cp_136_N4460,sa1,1
395,N23183 /1 undetected,output,,N23183,N23183,1,undetected,N23183,N23183,N23183,sa1,1
396,N4469 /1 undetected,output,,N4469,N4469,1,undetected,N4469,N4469,N4469,sa1,1
397,N8253 /1 undetected,output,,N8253,N8253,1,undetected,N8253,N8253,N8253,sa1,1
398,N8128 /1 undetected,output,,N8128,N8128,1,undetected,N8128,N8128,N8128,sa1,1
399,N27369 /1 undetected,output,,N27369,N27369,1,undetected,N27369,N27369,N27369,sa1,1
400,N4520 /1 undetected,output,,N4520,N4520,1,undetected,N4520,N4520,N4520,sa1,1
401,N8251 /1 undetected,output,,N8251,N8251,1,undetected,N8251,N8251,N8251,sa1,1
402,N8130 /1 undetected,output,,N8130,N8130,1,undetected,N8130,N8130,N8130,sa1,1
403,N27371 /1 undetected,output,,N27371,N27371,1,undetected,N27371,N27371,N27371,sa1,1
404,N4528 /1 undetected,output,,N4528,N4528,1,undetected,N4528,N4528,N4528,sa1,1
405,N4532 /1 undetected,output,,N4532,N4532,1,undetected,N4532,N4532,N4532,sa1,1
406,N27104 /1 undetected,output,,N27104,N27104,1,undetected,N27104,N27104,N27104,sa1,1
407,N4551 /1 undetected,output,,N4551,N4551,1,undetected,N4551,N4551,N4551,sa1,1
408,N8245 /1 undetected,output,,N8245,N8245,1,undetected,N8245,N8245,N8245,sa1,1
409,N8136 /1 undetected,output,,N8136,N8136,1,undetected,N8136,N8136,N8136,sa1,1
410,N8244 /1 undetected,output,,N8244,N8244,1,undetected,N8244,N8244,N8244,sa1,1
411,N27377 /1 undetected,output,,N27377,N27377,1,undetected,N27377,N27377,N27377,sa1,1
412,N27101 /1 undetected,output,,N27101,N27101,1,undetected,N27101,N27101,N27101,sa1,1
413,N4558 /1 undetected,output,,N4558,N4558,1,undetected,N4558,N4558,N4558,sa1,1
414,N8243 /1 undetected,output,,N8243,N8243,1,undetected,N8243,N8243,N8243,sa1,1
415,N8137 /1 undetected,output,,N8137,N8137,1,undetected,N8137,N8137,N8137,sa1,1
416,N8242 /1 undetected,output,,N8242,N8242,1,undetected,N8242,N8242,N8242,sa1,1
417,N27379 /1 undetected,output,,N27379,N27379,1,undetected,N27379,N27379,N27379,sa1,1
418,N4564 /1 undetected,output,,N4564,N4564,1,undetected,N4564,N4564,N4564,sa1,1
419,N27253 /1 undetected,output,,N27253,N27253,1,undetected,N27253,N27253,N27253,sa1,1
420,N8301 /1 undetected,output,,N8301,N8301,1,undetected,N8301,N8301,N8301,sa1,1
421,N8140 /1 undetected,output,,N8140,N8140,1,undetected,N8140,N8140,N8140,sa1,1
422,N27381 /1 undetected,output,,N27381,N27381,1,undetected,N27381,N27381,N27381,sa1,1
423,N27250 /1 undetected,output,,N27250,N27250,1,undetected,N27250,N27250,N27250,sa1,1
424,N8299 /1 undetected,output,,N8299,N8299,1,undetected,N8299,N8299,N8299,sa1,1
425,N8142 /1 undetected,output,,N8142,N8142,1,undetected,N8142,N8142,N8142,sa1,1
426,N27383 /1 undetected,output,,N27383,N27383,1,undetected,N27383,N27383,N27383,sa1,1
427,N4578 /1 undetected,output,,N4578,N4578,1,undetected,N4578,N4578,N4578,sa1,1
428,N27247 /1 undetected,output,,N27247,N27247,1,undetected,N27247,N27247,N27247,sa1,1
429,N8208 /1 undetected,output,,N8208,N8208,1,undetected,N8208,N8208,N8208,sa1,1
430,N8297 /1 undetected,output,,N8297,N8297,1,undetected,N8297,N8297,N8297,sa1,1
431,N27443 /1 undetected,output,,N27443,N27443,1,undetected,N27443,N27443,N27443,sa1,1
432,N8144 /1 undetected,output,,N8144,N8144,1,undetected,N8144,N8144,N8144,sa1,1
433,N27385 /1 undetected,output,,N27385,N27385,1,undetected,N27385,N27385,N27385,sa1,1
434,N19360 /1 undetected,output,,N19360,N19360,1,undetected,N19360,N19360,N19360,sa1,1
435,N27244 /1 undetected,output,,N27244,N27244,1,undetected,N27244,N27244,N27244,sa1,1
436,N4586 /1 undetected,output,,N4586,N4586,1,undetected,N4586,N4586,N4586,sa1,1
437,N8295 /1 undetected,output,,N8295,N8295,1,undetected,N8295,N8295,N8295,sa1,1
438,N8146 /1 undetected,output,,N8146,N8146,1,undetected,N8146,N8146,N8146,sa1,1
439,N8294 /1 undetected,output,,N8294,N8294,1,undetected,N8294,N8294,N8294,sa1,1
440,N27387 /1 undetected,output,,N27387,N27387,1,undetected,N27387,N27387,N27387,sa1,1
441,N27241 /1 undetected,output,,N27241,N27241,1,undetected,N27241,N27241,N27241,sa1,1
442,N4593 /1 undetected,output,,N4593,N4593,1,undetected,N4593,N4593,N4593,sa1,1
443,N8293 /1 undetected,output,,N8293,N8293,1,undetected,N8293,N8293,N8293,sa1,1
444,N8148 /1 undetected,output,,N8148,N8148,1,undetected,N8148,N8148,N8148,sa1,1
445,N8292 /1 undetected,output,,N8292,N8292,1,undetected,N8292,N8292,N8292,sa1,1
446,N27389 /1 undetected,output,,N27389,N27389,1,undetected,N27389,N27389,N27389,sa1,1
447,N8291 /1 undetected,output,,N8291,N8291,1,undetected,N8291,N8291,N8291,sa1,1
448,N8150 /1 undetected,output,,N8150,N8150,1,undetected,N8150,N8150,N8150,sa1,1
449,N27391 /1 undetected,output,,N27391,N27391,1,undetected,N27391,N27391,N27391,sa1,1
450,N27238 /1 undetected,output,,N27238,N27238,1,undetected,N27238,N27238,N27238,sa1,1
451,N8289 /1 undetected,output,,N8289,N8289,1,undetected,N8289,N8289,N8289,sa1,1
452,N8152 /1 undetected,output,,N8152,N8152,1,undetected,N8152,N8152,N8152,sa1,1
453,N27393 /1 undetected,output,,N27393,N27393,1,undetected,N27393,N27393,N27393,sa1,1
454,N27235 /1 undetected,output,,N27235,N27235,1,undetected,N27235,N27235,N27235,sa1,1
455,N8203 /1 undetected,output,,N8203,N8203,1,undetected,N8203,N8203,N8203,sa1,1
456,N8287 /1 undetected,output,,N8287,N8287,1,undetected,N8287,N8287,N8287,sa1,1
457,N27453 /1 undetected,output,,N27453,N27453,1,undetected,N27453,N27453,N27453,sa1,1
458,N8154 /1 undetected,output,,N8154,N8154,1,undetected,N8154,N8154,N8154,sa1,1
459,N27395 /1 undetected,output,,N27395,N27395,1,undetected,N27395,N27395,N27395,sa1,1
460,N16993 /1 undetected,output,,N16993,N16993,1,undetected,N16993,N16993,N16993,sa1,1
461,N27232 /1 undetected,output,,N27232,N27232,1,undetected,N27232,N27232,N27232,sa1,1
462,__tpi_not_test_en->__tpi_cp_146_N4621 /1 undetected,input_edge,__tpi_not_test_en,__tpi_cp_146_N4621,__tpi_cp_146_N4621,1,undetected,__tpi_cp_146_N4621,__tpi_cp_146_N4621,__tpi_cp_146_N4621,sa1,1
463,N8202 /1 undetected,output,,N8202,N8202,1,undetected,N8202,N8202,N8202,sa1,1
464,N8285 /1 undetected,output,,N8285,N8285,1,undetected,N8285,N8285,N8285,sa1,1
465,N27455 /1 undetected,output,,N27455,N27455,1,undetected,N27455,N27455,N27455,sa1,1
466,N8156 /1 undetected,output,,N8156,N8156,1,undetected,N8156,N8156,N8156,sa1,1
467,N27397 /1 undetected,output,,N27397,N27397,1,undetected,N27397,N27397,N27397,sa1,1
468,N16985 /1 undetected,output,,N16985,N16985,1,undetected,N16985,N16985,N16985,sa1,1
469,N4620 /1 undetected,output,,N4620,N4620,1,undetected,N4620,N4620,N4620,sa1,1
470,N27229 /1 undetected,output,,N27229,N27229,1,undetected,N27229,N27229,N27229,sa1,1
471,__tpi_not_test_en->__tpi_cp_162_N4628 /1 undetected,input_edge,__tpi_not_test_en,__tpi_cp_162_N4628,__tpi_cp_162_N4628,1,undetected,__tpi_cp_162_N4628,__tpi_cp_162_N4628,__tpi_cp_162_N4628,sa1,1
472,__tpi_cp_162_N4628 /1 undetected,output,,__tpi_cp_162_N4628,__tpi_cp_162_N4628,1,undetected,__tpi_cp_162_N4628,__tpi_cp_162_N4628,__tpi_cp_162_N4628,sa1,1
473,N4628 /1 undetected,output,,N4628,N4628,1,undetected,N4628,N4628,N4628,sa1,1
474,N8283 /1 undetected,output,,N8283,N8283,1,undetected,N8283,N8283,N8283,sa1,1
475,N8158 /1 undetected,output,,N8158,N8158,1,undetected,N8158,N8158,N8158,sa1,1
476,N8282 /1 undetected,output,,N8282,N8282,1,undetected,N8282,N8282,N8282,sa1,1
477,N27399 /1 undetected,output,,N27399,N27399,1,undetected,N27399,N27399,N27399,sa1,1
478,N4627 /1 undetected,output,,N4627,N4627,1,undetected,N4627,N4627,N4627,sa1,1
479,N27226 /1 undetected,output,,N27226,N27226,1,undetected,N27226,N27226,N27226,sa1,1
480,N27223 /1 undetected,output,,N27223,N27223,1,undetected,N27223,N27223,N27223,sa1,1
481,N4642 /1 undetected,output,,N4642,N4642,1,undetected,N4642,N4642,N4642,sa1,1
482,N8279 /1 undetected,output,,N8279,N8279,1,undetected,N8279,N8279,N8279,sa1,1
483,N8162 /1 undetected,output,,N8162,N8162,1,undetected,N8162,N8162,N8162,sa1,1
484,N8278 /1 undetected,output,,N8278,N8278,1,undetected,N8278,N8278,N8278,sa1,1
485,N27403 /1 undetected,output,,N27403,N27403,1,undetected,N27403,N27403,N27403,sa1,1
486,N27220 /1 undetected,output,,N27220,N27220,1,undetected,N27220,N27220,N27220,sa1,1
487,N4655 /1 undetected,output,,N4655,N4655,1,undetected,N4655,N4655,N4655,sa1,1
488,N27208 /1 undetected,output,,N27208,N27208,1,undetected,N27208,N27208,N27208,sa1,1
489,N27205 /1 undetected,output,,N27205,N27205,1,undetected,N27205,N27205,N27205,sa1,1
490,N27202 /1 undetected,output,,N27202,N27202,1,undetected,N27202,N27202,N27202,sa1,1
491,N27199 /1 undetected,output,,N27199,N27199,1,undetected,N27199,N27199,N27199,sa1,1
492,N27193 /1 undetected,output,,N27193,N27193,1,undetected,N27193,N27193,N27193,sa1,1
493,N4716 /1 undetected,output,,N4716,N4716,1,undetected,N4716,N4716,N4716,sa1,1
494,N4715 /1 undetected,output,,N4715,N4715,1,undetected,N4715,N4715,N4715,sa1,1
495,N23759 /1 undetected,output,,N23759,N23759,1,undetected,N23759,N23759,N23759,sa1,1
496,N5867->N8932 /1 undetected,input_edge,N5867,N8932,N8932,1,undetected,N8932,N8932,N8932,sa1,1
497,N23208 /1 undetected,output,,N23208,N23208,1,undetected,N23208,N23208,N23208,sa1,1
498,N5877 /1 undetected,output,,N5877,N5877,1,undetected,N5877,N5877,N5877,sa1,1
499,N19269 /1 undetected,output,,N19269,N19269,1,undetected,N19269,N19269,N19269,sa1,1
500,N27275 /1 undetected,output,,N27275,N27275,1,undetected,N27275,N27275,N27275,sa1,1
501,N8005 /1 undetected,output,,N8005,N8005,1,undetected,N8005,N8005,N8005,sa1,1
502,N7996 /1 undetected,output,,N7996,N7996,1,undetected,N7996,N7996,N7996,sa1,1
503,N27273 /1 undetected,output,,N27273,N27273,1,undetected,N27273,N27273,N27273,sa1,1
504,N8003 /1 undetected,output,,N8003,N8003,1,undetected,N8003,N8003,N8003,sa1,1
505,N8002 /1 undetected,output,,N8002,N8002,1,undetected,N8002,N8002,N8002,sa1,1
506,N27063 /1 undetected,output,,N27063,N27063,1,undetected,N27063,N27063,N27063,sa1,1
507,N8009 /1 undetected,output,,N8009,N8009,1,undetected,N8009,N8009,N8009,sa1,1
508,N7999 /1 undetected,output,,N7999,N7999,1,undetected,N7999,N7999,N7999,sa1,1
509,__tpi_not_test_en->__tpi_cp_77_N7847 /1 undetected,input_edge,__tpi_not_test_en,__tpi_cp_77_N7847,__tpi_cp_77_N7847,1,undetected,__tpi_cp_77_N7847,__tpi_cp_77_N7847,__tpi_cp_77_N7847,sa1,1
510,__tpi_cp_77_N7847 /1 undetected,output,,__tpi_cp_77_N7847,__tpi_cp_77_N7847,1,undetected,__tpi_cp_77_N7847,__tpi_cp_77_N7847,__tpi_cp_77_N7847,sa1,1
511,N7847 /1 undetected,output,,N7847,N7847,1,undetected,N7847,N7847,N7847,sa1,1
512,N27124 /1 undetected,output,,N27124,N27124,1,undetected,N27124,N27124,N27124,sa1,1
513,__tpi_not_test_en->__tpi_cp_72_N7846 /1 undetected,input_edge,__tpi_not_test_en,__tpi_cp_72_N7846,__tpi_cp_72_N7846,1,undetected,__tpi_cp_72_N7846,__tpi_cp_72_N7846,__tpi_cp_72_N7846,sa1,1
514,__tpi_cp_72_N7846 /1 undetected,output,,__tpi_cp_72_N7846,__tpi_cp_72_N7846,1,undetected,__tpi_cp_72_N7846,__tpi_cp_72_N7846,__tpi_cp_72_N7846,sa1,1
515,N7846 /1 undetected,output,,N7846,N7846,1,undetected,N7846,N7846,N7846,sa1,1
516,N7807 /1 undetected,output,,N7807,N7807,1,undetected,N7807,N7807,N7807,sa1,1
517,N27123 /1 undetected,output,,N27123,N27123,1,undetected,N27123,N27123,N27123,sa1,1
518,N27120 /1 undetected,output,,N27120,N27120,1,undetected,N27120,N27120,N27120,sa1,1
519,test_en->__tpi_cp_22_N7891 /0 undetected,input_edge,test_en,__tpi_cp_22_N7891,__tpi_cp_22_N7891,0,undetected,__tpi_cp_22_N7891,__tpi_cp_22_N7891,__tpi_cp_22_N7891,sa0,1
520,__tpi_cp_22_N7891 /0 undetected,output,,__tpi_cp_22_N7891,__tpi_cp_22_N7891,0,undetected,__tpi_cp_22_N7891,__tpi_cp_22_N7891,__tpi_cp_22_N7891,sa0,1
521,N7891 /0 undetected,output,,N7891,N7891,0,undetected,N7891,N7891,N7891,sa0,1
522,N27061 /1 undetected,output,,N27061,N27061,1,undetected,N27061,N27061,N27061,sa1,1
523,N8011 /1 undetected,output,,N8011,N8011,1,undetected,N8011,N8011,N8011,sa1,1
524,N7939 /1 undetected,output,,N7939,N7939,1,undetected,N7939,N7939,N7939,sa1,1
525,N7736 /1 undetected,output,,N7736,N7736,1,undetected,N7736,N7736,N7736,sa1,1
526,N27127 /1 undetected,output,,N27127,N27127,1,undetected,N27127,N27127,N27127,sa1,1
527,test_en->__tpi_cp_23_N7890 /0 undetected,input_edge,test_en,__tpi_cp_23_N7890,__tpi_cp_23_N7890,0,undetected,__tpi_cp_23_N7890,__tpi_cp_23_N7890,__tpi_cp_23_N7890,sa0,1
528,__tpi_cp_23_N7890 /0 undetected,output,,__tpi_cp_23_N7890,__tpi_cp_23_N7890,0,undetected,__tpi_cp_23_N7890,__tpi_cp_23_N7890,__tpi_cp_23_N7890,sa0,1
529,N7890 /0 undetected,output,,N7890,N7890,0,undetected,N7890,N7890,N7890,sa0,1
530,N27059 /1 undetected,output,,N27059,N27059,1,undetected,N27059,N27059,N27059,sa1,1
531,N8013 /1 undetected,output,,N8013,N8013,1,undetected,N8013,N8013,N8013,sa1,1
532,N7942 /1 undetected,output,,N7942,N7942,1,undetected,N7942,N7942,N7942,sa1,1
533,N27478 /1 undetected,output,,N27478,N27478,1,undetected,N27478,N27478,N27478,sa1,1
534,N7735 /1 undetected,output,,N7735,N7735,1,undetected,N7735,N7735,N7735,sa1,1
535,N27130 /1 undetected,output,,N27130,N27130,1,undetected,N27130,N27130,N27130,sa1,1
536,N8240 /0 undetected,output,,N8240,N8240,0,undetected,N8240,N8240,N8240,sa0,1
537,test_en->__tpi_cp_24_N7889 /0 undetected,input_edge,test_en,__tpi_cp_24_N7889,__tpi_cp_24_N7889,0,undetected,__tpi_cp_24_N7889,__tpi_cp_24_N7889,__tpi_cp_24_N7889,sa0,1
538,__tpi_cp_24_N7889 /0 undetected,output,,__tpi_cp_24_N7889,__tpi_cp_24_N7889,0,undetected,__tpi_cp_24_N7889,__tpi_cp_24_N7889,__tpi_cp_24_N7889,sa0,1
539,N7889 /0 undetected,output,,N7889,N7889,0,undetected,N7889,N7889,N7889,sa0,1
540,N27057 /1 undetected,output,,N27057,N27057,1,undetected,N27057,N27057,N27057,sa1,1
541,N8015 /1 undetected,output,,N8015,N8015,1,undetected,N8015,N8015,N8015,sa1,1
542,N7945 /1 undetected,output,,N7945,N7945,1,undetected,N7945,N7945,N7945,sa1,1
543,N26345 /1 undetected,output,,N26345,N26345,1,undetected,N26345,N26345,N26345,sa1,1
544,N26274 /1 undetected,output,,N26274,N26274,1,undetected,N26274,N26274,N26274,sa1,1
545,N8762 /1 undetected,output,,N8762,N8762,1,undetected,N8762,N8762,N8762,sa1,1
546,N8762 /0 undetected,output,,N8762,N8762,0,undetected,N8762,N8762,N8762,sa0,1
547,N27836 /1 undetected,output,,N27836,N27836,1,undetected,N27836,N27836,N27836,sa1,1
548,N18745 /1 undetected,output,,N18745,N18745,1,undetected,N18745,N18745,N18745,sa1,1
549,N26356 /1 undetected,output,,N26356,N26356,1,undetected,N26356,N26356,N26356,sa1,1
550,N7734 /1 undetected,output,,N7734,N7734,1,undetected,N7734,N7734,N7734,sa1,1
551,N27133 /1 undetected,output,,N27133,N27133,1,undetected,N27133,N27133,N27133,sa1,1
552,N26288 /1 undetected,output,,N26288,N26288,1,undetected,N26288,N26288,N26288,sa1,1
553,N26259 /1 undetected,output,,N26259,N26259,1,undetected,N26259,N26259,N26259,sa1,1
554,N26242 /1 undetected,output,,N26242,N26242,1,undetected,N26242,N26242,N26242,sa1,1
555,N26233 /1 undetected,output,,N26233,N26233,1,undetected,N26233,N26233,N26233,sa1,1
556,N8579 /1 undetected,output,,N8579,N8579,1,undetected,N8579,N8579,N8579,sa1,1
557,N18742 /1 undetected,output,,N18742,N18742,1,undetected,N18742,N18742,N18742,sa1,1
558,N26271 /1 undetected,output,,N26271,N26271,1,undetected,N26271,N26271,N26271,sa1,1
559,N27475 /1 undetected,output,,N27475,N27475,1,undetected,N27475,N27475,N27475,sa1,1
560,N16905 /1 undetected,output,,N16905,N16905,1,undetected,N16905,N16905,N16905,sa1,1
561,test_en->__tpi_cp_154_N8790 /0 undetected,input_edge,test_en,__tpi_cp_154_N8790,__tpi_cp_154_N8790,0,undetected,__tpi_cp_154_N8790,__tpi_cp_154_N8790,__tpi_cp_154_N8790,sa0,1
562,__tpi_cp_154_N8790 /1 undetected,output,,__tpi_cp_154_N8790,__tpi_cp_154_N8790,1,undetected,__tpi_cp_154_N8790,__tpi_cp_154_N8790,__tpi_cp_154_N8790,sa1,1
563,__tpi_cp_154_N8790 /0 undetected,output,,__tpi_cp_154_N8790,__tpi_cp_154_N8790,0,undetected,__tpi_cp_154_N8790,__tpi_cp_154_N8790,__tpi_cp_154_N8790,sa0,1
564,N8790 /0 undetected,output,,N8790,N8790,0,undetected,N8790,N8790,N8790,sa0,1
565,N26347 /1 undetected,output,,N26347,N26347,1,undetected,N26347,N26347,N26347,sa1,1
566,N8239 /0 undetected,output,,N8239,N8239,0,undetected,N8239,N8239,N8239,sa0,1
567,test_en->__tpi_cp_25_N7888 /0 undetected,input_edge,test_en,__tpi_cp_25_N7888,__tpi_cp_25_N7888,0,undetected,__tpi_cp_25_N7888,__tpi_cp_25_N7888,__tpi_cp_25_N7888,sa0,1
568,__tpi_cp_25_N7888 /0 undetected,output,,__tpi_cp_25_N7888,__tpi_cp_25_N7888,0,undetected,__tpi_cp_25_N7888,__tpi_cp_25_N7888,__tpi_cp_25_N7888,sa0,1
569,N7888 /0 undetected,output,,N7888,N7888,0,undetected,N7888,N7888,N7888,sa0,1
570,N27055 /1 undetected,output,,N27055,N27055,1,undetected,N27055,N27055,N27055,sa1,1
571,N8017 /1 undetected,output,,N8017,N8017,1,undetected,N8017,N8017,N8017,sa1,1
572,N7948 /1 undetected,output,,N7948,N7948,1,undetected,N7948,N7948,N7948,sa1,1
573,N26348 /1 undetected,output,,N26348,N26348,1,undetected,N26348,N26348,N26348,sa1,1
574,N26371 /1 undetected,output,,N26371,N26371,1,undetected,N26371,N26371,N26371,sa1,1
575,N25861 /1 undetected,output,,N25861,N25861,1,undetected,N25861,N25861,N25861,sa1,1
576,N8608 /0 undetected,output,,N8608,N8608,0,undetected,N8608,N8608,N8608,sa0,1
577,N6680 /1 undetected,output,,N6680,N6680,1,undetected,N6680,N6680,N6680,sa1,1
578,N26260 /1 undetected,output,,N26260,N26260,1,undetected,N26260,N26260,N26260,sa1,1
579,N26255 /1 undetected,output,,N26255,N26255,1,undetected,N26255,N26255,N26255,sa1,1
580,N25858 /1 undetected,output,,N25858,N25858,1,undetected,N25858,N25858,N25858,sa1,1
581,N7154 /1 undetected,output,,N7154,N7154,1,undetected,N7154,N7154,N7154,sa1,1
582,N26410 /1 undetected,output,,N26410,N26410,1,undetected,N26410,N26410,N26410,sa1,1
583,N8729 /1 undetected,output,,N8729,N8729,1,undetected,N8729,N8729,N8729,sa1,1
584,N8729 /0 undetected,output,,N8729,N8729,0,undetected,N8729,N8729,N8729,sa0,1
585,N27834 /1 undetected,output,,N27834,N27834,1,undetected,N27834,N27834,N27834,sa1,1
586,N18730 /1 undetected,output,,N18730,N18730,1,undetected,N18730,N18730,N18730,sa1,1
587,N26370 /1 undetected,output,,N26370,N26370,1,undetected,N26370,N26370,N26370,sa1,1
588,N25882 /1 undetected,output,,N25882,N25882,1,undetected,N25882,N25882,N25882,sa1,1
589,N6729 /0 undetected,output,,N6729,N6729,0,undetected,N6729,N6729,N6729,sa0,1
590,N6858 /1 undetected,output,,N6858,N6858,1,undetected,N6858,N6858,N6858,sa1,1
591,N6677 /1 undetected,output,,N6677,N6677,1,undetected,N6677,N6677,N6677,sa1,1
592,N26239 /1 undetected,output,,N26239,N26239,1,undetected,N26239,N26239,N26239,sa1,1
593,N25727 /1 undetected,output,,N25727,N25727,1,undetected,N25727,N25727,N25727,sa1,1
594,N6818 /1 undetected,output,,N6818,N6818,1,undetected,N6818,N6818,N6818,sa1,1
595,N6730 /0 undetected,output,,N6730,N6730,0,undetected,N6730,N6730,N6730,sa0,1
596,N6864 /1 undetected,output,,N6864,N6864,1,undetected,N6864,N6864,N6864,sa1,1
597,N25728 /1 undetected,output,,N25728,N25728,1,undetected,N25728,N25728,N25728,sa1,1
598,N6863 /1 undetected,output,,N6863,N6863,1,undetected,N6863,N6863,N6863,sa1,1
599,N26246 /1 undetected,output,,N26246,N26246,1,undetected,N26246,N26246,N26246,sa1,1
600,N8544 /1 undetected,output,,N8544,N8544,1,undetected,N8544,N8544,N8544,sa1,1
601,N27714 /1 undetected,output,,N27714,N27714,1,undetected,N27714,N27714,N27714,sa1,1
602,N18727 /1 undetected,output,,N18727,N18727,1,undetected,N18727,N18727,N18727,sa1,1
603,N7733 /1 undetected,output,,N7733,N7733,1,undetected,N7733,N7733,N7733,sa1,1
604,N27136 /1 undetected,output,,N27136,N27136,1,undetected,N27136,N27136,N27136,sa1,1
605,N25883 /1 undetected,output,,N25883,N25883,1,undetected,N25883,N25883,N25883,sa1,1
606,N26256 /1 undetected,output,,N26256,N26256,1,undetected,N26256,N26256,N26256,sa1,1
607,N26331 /1 undetected,output,,N26331,N26331,1,undetected,N26331,N26331,N26331,sa1,1
608,N26254 /1 undetected,output,,N26254,N26254,1,undetected,N26254,N26254,N26254,sa1,1
609,N6679 /1 undetected,output,,N6679,N6679,1,undetected,N6679,N6679,N6679,sa1,1
610,N26276 /1 undetected,output,,N26276,N26276,1,undetected,N26276,N26276,N26276,sa1,1
611,N26269 /1 undetected,output,,N26269,N26269,1,undetected,N26269,N26269,N26269,sa1,1
612,N27473 /1 undetected,output,,N27473,N27473,1,undetected,N27473,N27473,N27473,sa1,1
613,N16913 /1 undetected,output,,N16913,N16913,1,undetected,N16913,N16913,N16913,sa1,1
614,N6736 /0 undetected,output,,N6736,N6736,0,undetected,N6736,N6736,N6736,sa0,1
615,N26393 /1 undetected,output,,N26393,N26393,1,undetected,N26393,N26393,N26393,sa1,1
616,N6871 /1 undetected,output,,N6871,N6871,1,undetected,N6871,N6871,N6871,sa1,1
617,N26387 /1 undetected,output,,N26387,N26387,1,undetected,N26387,N26387,N26387,sa1,1
618,N26324 /1 undetected,output,,N26324,N26324,1,undetected,N26324,N26324,N26324,sa1,1
619,N6682->N6681 /1 undetected,input_edge,N6682,N6681,N6681,1,undetected,N6681,N6681,N6681,sa1,1
620,N6681 /1 undetected,output,,N6681,N6681,1,undetected,N6681,N6681,N6681,sa1,1
621,N6960 /1 undetected,output,,N6960,N6960,1,undetected,N6960,N6960,N6960,sa1,1
622,N26388 /1 undetected,output,,N26388,N26388,1,undetected,N26388,N26388,N26388,sa1,1
623,N25881 /1 undetected,output,,N25881,N25881,1,undetected,N25881,N25881,N25881,sa1,1
624,test_en->__tpi_cp_155_N8789 /0 undetected,input_edge,test_en,__tpi_cp_155_N8789,__tpi_cp_155_N8789,0,undetected,__tpi_cp_155_N8789,__tpi_cp_155_N8789,__tpi_cp_155_N8789,sa0,1
625,__tpi_cp_155_N8789 /1 undetected,output,,__tpi_cp_155_N8789,__tpi_cp_155_N8789,1,undetected,__tpi_cp_155_N8789,__tpi_cp_155_N8789,__tpi_cp_155_N8789,sa1,1
626,__tpi_cp_155_N8789 /0 undetected,output,,__tpi_cp_155_N8789,__tpi_cp_155_N8789,0,undetected,__tpi_cp_155_N8789,__tpi_cp_155_N8789,__tpi_cp_155_N8789,sa0,1
627,N8789 /0 undetected,output,,N8789,N8789,0,undetected,N8789,N8789,N8789,sa0,1
628,N25343 /1 undetected,output,,N25343,N25343,1,undetected,N25343,N25343,N25343,sa1,1
629,N25696 /1 undetected,output,,N25696,N25696,1,undetected,N25696,N25696,N25696,sa1,1
630,N6431 /1 undetected,output,,N6431,N6431,1,undetected,N6431,N6431,N6431,sa1,1
631,N25301 /1 undetected,output,,N25301,N25301,1,undetected,N25301,N25301,N25301,sa1,1
632,N6434 /1 undetected,output,,N6434,N6434,1,undetected,N6434,N6434,N6434,sa1,1
633,N25303 /1 undetected,output,,N25303,N25303,1,undetected,N25303,N25303,N25303,sa1,1
634,N6437 /1 undetected,output,,N6437,N6437,1,undetected,N6437,N6437,N6437,sa1,1
635,N6435 /1 undetected,output,,N6435,N6435,1,undetected,N6435,N6435,N6435,sa1,1
636,N25305 /1 undetected,output,,N25305,N25305,1,undetected,N25305,N25305,N25305,sa1,1
637,N6438 /1 undetected,output,,N6438,N6438,1,undetected,N6438,N6438,N6438,sa1,1
638,N6168 /1 undetected,output,,N6168,N6168,1,undetected,N6168,N6168,N6168,sa1,1
639,N25706 /1 undetected,output,,N25706,N25706,1,undetected,N25706,N25706,N25706,sa1,1
640,N25304 /1 undetected,output,,N25304,N25304,1,undetected,N25304,N25304,N25304,sa1,1
641,N6169 /1 undetected,output,,N6169,N6169,1,undetected,N6169,N6169,N6169,sa1,1
642,N6439 /1 undetected,output,,N6439,N6439,1,undetected,N6439,N6439,N6439,sa1,1
643,N25707 /1 undetected,output,,N25707,N25707,1,undetected,N25707,N25707,N25707,sa1,1
644,N6368 /1 undetected,output,,N6368,N6368,1,undetected,N6368,N6368,N6368,sa1,1
645,N18739 /1 undetected,output,,N18739,N18739,1,undetected,N18739,N18739,N18739,sa1,1
646,test_en->__tpi_cp_182_N8607 /0 undetected,input_edge,test_en,__tpi_cp_182_N8607,__tpi_cp_182_N8607,0,undetected,__tpi_cp_182_N8607,__tpi_cp_182_N8607,__tpi_cp_182_N8607,sa0,1
647,__tpi_cp_182_N8607 /0 undetected,output,,__tpi_cp_182_N8607,__tpi_cp_182_N8607,0,undetected,__tpi_cp_182_N8607,__tpi_cp_182_N8607,__tpi_cp_182_N8607,sa0,1
648,N8607 /0 undetected,output,,N8607,N8607,0,undetected,N8607,N8607,N8607,sa0,1
649,N8238 /0 undetected,output,,N8238,N8238,0,undetected,N8238,N8238,N8238,sa0,1
650,test_en->__tpi_cp_26_N7887 /0 undetected,input_edge,test_en,__tpi_cp_26_N7887,__tpi_cp_26_N7887,0,undetected,__tpi_cp_26_N7887,__tpi_cp_26_N7887,__tpi_cp_26_N7887,sa0,1
651,__tpi_cp_26_N7887 /0 undetected,output,,__tpi_cp_26_N7887,__tpi_cp_26_N7887,0,undetected,__tpi_cp_26_N7887,__tpi_cp_26_N7887,__tpi_cp_26_N7887,sa0,1
652,N7887 /0 undetected,output,,N7887,N7887,0,undetected,N7887,N7887,N7887,sa0,1
653,N27053 /1 undetected,output,,N27053,N27053,1,undetected,N27053,N27053,N27053,sa1,1
654,N8019 /1 undetected,output,,N8019,N8019,1,undetected,N8019,N8019,N8019,sa1,1
655,N7951 /1 undetected,output,,N7951,N7951,1,undetected,N7951,N7951,N7951,sa1,1
656,N7032 /1 undetected,output,,N7032,N7032,1,undetected,N7032,N7032,N7032,sa1,1
657,N25802 /1 undetected,output,,N25802,N25802,1,undetected,N25802,N25802,N25802,sa1,1
658,N7030 /1 undetected,output,,N7030,N7030,1,undetected,N7030,N7030,N7030,sa1,1
659,N26071 /1 undetected,output,,N26071,N26071,1,undetected,N26071,N26071,N26071,sa1,1
660,N25671 /1 undetected,output,,N25671,N25671,1,undetected,N25671,N25671,N25671,sa1,1
661,N25290 /1 undetected,output,,N25290,N25290,1,undetected,N25290,N25290,N25290,sa1,1
662,N25718 /1 undetected,output,,N25718,N25718,1,undetected,N25718,N25718,N25718,sa1,1
663,N25677 /1 undetected,output,,N25677,N25677,1,undetected,N25677,N25677,N25677,sa1,1
664,N6419 /1 undetected,output,,N6419,N6419,1,undetected,N6419,N6419,N6419,sa1,1
665,N25292 /1 undetected,output,,N25292,N25292,1,undetected,N25292,N25292,N25292,sa1,1
666,N25680 /1 undetected,output,,N25680,N25680,1,undetected,N25680,N25680,N25680,sa1,1
667,N6421 /1 undetected,output,,N6421,N6421,1,undetected,N6421,N6421,N6421,sa1,1
668,N25490 /1 undetected,output,,N25490,N25490,1,undetected,N25490,N25490,N25490,sa1,1
669,N25294 /1 undetected,output,,N25294,N25294,1,undetected,N25294,N25294,N25294,sa1,1
670,N25683 /1 undetected,output,,N25683,N25683,1,undetected,N25683,N25683,N25683,sa1,1
671,N6424 /1 undetected,output,,N6424,N6424,1,undetected,N6424,N6424,N6424,sa1,1
672,N25491 /1 undetected,output,,N25491,N25491,1,undetected,N25491,N25491,N25491,sa1,1
673,N25296 /1 undetected,output,,N25296,N25296,1,undetected,N25296,N25296,N25296,sa1,1
674,N25724 /1 undetected,output,,N25724,N25724,1,undetected,N25724,N25724,N25724,sa1,1
675,N25689 /1 undetected,output,,N25689,N25689,1,undetected,N25689,N25689,N25689,sa1,1
676,N26384 /1 undetected,output,,N26384,N26384,1,undetected,N26384,N26384,N26384,sa1,1
677,N25859 /1 undetected,output,,N25859,N25859,1,undetected,N25859,N25859,N25859,sa1,1
678,N25888 /1 undetected,output,,N25888,N25888,1,undetected,N25888,N25888,N25888,sa1,1
679,N26166 /1 undetected,output,,N26166,N26166,1,undetected,N26166,N26166,N26166,sa1,1
680,N26299 /1 undetected,output,,N26299,N26299,1,undetected,N26299,N26299,N26299,sa1,1
681,N26167 /1 undetected,output,,N26167,N26167,1,undetected,N26167,N26167,N26167,sa1,1
682,test_en->__tpi_cp_177_N6594 /0 undetected,input_edge,test_en,__tpi_cp_177_N6594,__tpi_cp_177_N6594,0,undetected,__tpi_cp_177_N6594,__tpi_cp_177_N6594,__tpi_cp_177_N6594,sa0,1
683,N6594 /0 undetected,output,,N6594,N6594,0,undetected,N6594,N6594,N6594,sa0,1
684,N26385 /1 undetected,output,,N26385,N26385,1,undetected,N26385,N26385,N26385,sa1,1
685,N26383 /1 undetected,output,,N26383,N26383,1,undetected,N26383,N26383,N26383,sa1,1
686,test_en->__tpi_cp_175_N6741 /0 undetected,input_edge,test_en,__tpi_cp_175_N6741,__tpi_cp_175_N6741,0,undetected,__tpi_cp_175_N6741,__tpi_cp_175_N6741,__tpi_cp_175_N6741,sa0,1
687,N6741 /0 undetected,output,,N6741,N6741,0,undetected,N6741,N6741,N6741,sa0,1
688,N25911 /1 undetected,output,,N25911,N25911,1,undetected,N25911,N25911,N25911,sa1,1
689,N25886 /1 undetected,output,,N25886,N25886,1,undetected,N25886,N25886,N25886,sa1,1
690,N8727 /1 undetected,output,,N8727,N8727,1,undetected,N8727,N8727,N8727,sa1,1
691,N8727 /0 undetected,output,,N8727,N8727,0,undetected,N8727,N8727,N8727,sa0,1
692,N27832 /1 undetected,output,,N27832,N27832,1,undetected,N27832,N27832,N27832,sa1,1
693,N18715 /1 undetected,output,,N18715,N18715,1,undetected,N18715,N18715,N18715,sa1,1
694,N25879 /1 undetected,output,,N25879,N25879,1,undetected,N25879,N25879,N25879,sa1,1
695,N26404 /1 undetected,output,,N26404,N26404,1,undetected,N26404,N26404,N26404,sa1,1
696,N6739 /0 undetected,output,,N6739,N6739,0,undetected,N6739,N6739,N6739,sa0,1
697,N6938 /1 undetected,output,,N6938,N6938,1,undetected,N6938,N6938,N6938,sa1,1
698,N6935 /1 undetected,output,,N6935,N6935,1,undetected,N6935,N6935,N6935,sa1,1
699,N6685 /1 undetected,output,,N6685,N6685,1,undetected,N6685,N6685,N6685,sa1,1
700,N26328 /1 undetected,output,,N26328,N26328,1,undetected,N26328,N26328,N26328,sa1,1
701,N25739 /1 undetected,output,,N25739,N25739,1,undetected,N25739,N25739,N25739,sa1,1
702,N8542 /1 undetected,output,,N8542,N8542,1,undetected,N8542,N8542,N8542,sa1,1
703,N18712 /1 undetected,output,,N18712,N18712,1,undetected,N18712,N18712,N18712,sa1,1
704,N7732 /1 undetected,output,,N7732,N7732,1,undetected,N7732,N7732,N7732,sa1,1
705,N27139 /1 undetected,output,,N27139,N27139,1,undetected,N27139,N27139,N27139,sa1,1
706,N6947 /1 undetected,output,,N6947,N6947,1,undetected,N6947,N6947,N6947,sa1,1
707,N6674 /1 undetected,output,,N6674,N6674,1,undetected,N6674,N6674,N6674,sa1,1
708,N25733 /1 undetected,output,,N25733,N25733,1,undetected,N25733,N25733,N25733,sa1,1
709,N6673->N6675 /1 undetected,input_edge,N6673,N6675,N6675,1,undetected,N6675,N6675,N6675,sa1,1
710,N6675 /1 undetected,output,,N6675,N6675,1,undetected,N6675,N6675,N6675,sa1,1
711,N25738 /1 undetected,output,,N25738,N25738,1,undetected,N25738,N25738,N25738,sa1,1
712,N6676 /1 undetected,output,,N6676,N6676,1,undetected,N6676,N6676,N6676,sa1,1
713,N6965 /1 undetected,output,,N6965,N6965,1,undetected,N6965,N6965,N6965,sa1,1
714,N6948 /1 undetected,output,,N6948,N6948,1,undetected,N6948,N6948,N6948,sa1,1
715,N25734 /1 undetected,output,,N25734,N25734,1,undetected,N25734,N25734,N25734,sa1,1
716,N25638 /1 undetected,output,,N25638,N25638,1,undetected,N25638,N25638,N25638,sa1,1
717,N6455 /1 undetected,output,,N6455,N6455,1,undetected,N6455,N6455,N6455,sa1,1
718,N25521 /1 undetected,output,,N25521,N25521,1,undetected,N25521,N25521,N25521,sa1,1
719,N6165 /1 undetected,output,,N6165,N6165,1,undetected,N6165,N6165,N6165,sa1,1
720,N25297 /1 undetected,output,,N25297,N25297,1,undetected,N25297,N25297,N25297,sa1,1
721,N25287 /1 undetected,output,,N25287,N25287,1,undetected,N25287,N25287,N25287,sa1,1
722,N10799 /1 undetected,output,,N10799,N10799,1,undetected,N10799,N10799,N10799,sa1,1
723,N6441 /1 undetected,output,,N6441,N6441,1,undetected,N6441,N6441,N6441,sa1,1
724,N25299 /1 undetected,output,,N25299,N25299,1,undetected,N25299,N25299,N25299,sa1,1
725,N6416 /1 undetected,output,,N6416,N6416,1,undetected,N6416,N6416,N6416,sa1,1
726,N6428 /1 undetected,output,,N6428,N6428,1,undetected,N6428,N6428,N6428,sa1,1
727,N25617 /1 undetected,output,,N25617,N25617,1,undetected,N25617,N25617,N25617,sa1,1
728,N25725 /1 undetected,output,,N25725,N25725,1,undetected,N25725,N25725,N25725,sa1,1
729,N25691 /1 undetected,output,,N25691,N25691,1,undetected,N25691,N25691,N25691,sa1,1
730,N6166 /1 undetected,output,,N6166,N6166,1,undetected,N6166,N6166,N6166,sa1,1
731,N25692 /1 undetected,output,,N25692,N25692,1,undetected,N25692,N25692,N25692,sa1,1
732,N6440 /1 undetected,output,,N6440,N6440,1,undetected,N6440,N6440,N6440,sa1,1
733,N25298 /1 undetected,output,,N25298,N25298,1,undetected,N25298,N25298,N25298,sa1,1
734,N6338 /1 undetected,output,,N6338,N6338,1,undetected,N6338,N6338,N6338,sa1,1
735,N27471 /1 undetected,output,,N27471,N27471,1,undetected,N27471,N27471,N27471,sa1,1
736,N16921 /1 undetected,output,,N16921,N16921,1,undetected,N16921,N16921,N16921,sa1,1
737,N8788 /1 undetected,output,,N8788,N8788,1,undetected,N8788,N8788,N8788,sa1,1
738,N8788 /0 undetected,output,,N8788,N8788,0,undetected,N8788,N8788,N8788,sa0,1
739,N25320 /1 undetected,output,,N25320,N25320,1,undetected,N25320,N25320,N25320,sa1,1
740,N6413 /1 undetected,output,,N6413,N6413,1,undetected,N6413,N6413,N6413,sa1,1
741,N6451 /1 undetected,output,,N6451,N6451,1,undetected,N6451,N6451,N6451,sa1,1
742,N6453 /1 undetected,output,,N6453,N6453,1,undetected,N6453,N6453,N6453,sa1,1
743,N25520 /1 undetected,output,,N25520,N25520,1,undetected,N25520,N25520,N25520,sa1,1
744,N25323 /1 undetected,output,,N25323,N25323,1,undetected,N25323,N25323,N25323,sa1,1
745,N25317 /1 undetected,output,,N25317,N25317,1,undetected,N25317,N25317,N25317,sa1,1
746,N8237 /0 undetected,output,,N8237,N8237,0,undetected,N8237,N8237,N8237,sa0,1
747,test_en->__tpi_cp_27_N7886 /0 undetected,input_edge,test_en,__tpi_cp_27_N7886,__tpi_cp_27_N7886,0,undetected,__tpi_cp_27_N7886,__tpi_cp_27_N7886,__tpi_cp_27_N7886,sa0,1
748,__tpi_cp_27_N7886 /0 undetected,output,,__tpi_cp_27_N7886,__tpi_cp_27_N7886,0,undetected,__tpi_cp_27_N7886,__tpi_cp_27_N7886,__tpi_cp_27_N7886,sa0,1
749,N7886 /0 undetected,output,,N7886,N7886,0,undetected,N7886,N7886,N7886,sa0,1
750,N8606 /0 undetected,output,,N8606,N8606,0,undetected,N8606,N8606,N8606,sa0,1
751,N27051 /1 undetected,output,,N27051,N27051,1,undetected,N27051,N27051,N27051,sa1,1
752,N8021 /1 undetected,output,,N8021,N8021,1,undetected,N8021,N8021,N8021,sa1,1
753,N7954 /1 undetected,output,,N7954,N7954,1,undetected,N7954,N7954,N7954,sa1,1
754,N6942 /1 undetected,output,,N6942,N6942,1,undetected,N6942,N6942,N6942,sa1,1
755,N26392 /1 undetected,output,,N26392,N26392,1,undetected,N26392,N26392,N26392,sa1,1
756,N6955 /1 undetected,output,,N6955,N6955,1,undetected,N6955,N6955,N6955,sa1,1
757,N6961 /1 undetected,output,,N6961,N6961,1,undetected,N6961,N6961,N6961,sa1,1
758,N10901 /1 undetected,output,,N10901,N10901,1,undetected,N10901,N10901,N10901,sa1,1
759,N26380 /1 undetected,output,,N26380,N26380,1,undetected,N26380,N26380,N26380,sa1,1
760,N26154 /1 undetected,output,,N26154,N26154,1,undetected,N26154,N26154,N26154,sa1,1
761,N6666 /1 undetected,output,,N6666,N6666,1,undetected,N6666,N6666,N6666,sa1,1
762,N26389 /1 undetected,output,,N26389,N26389,1,undetected,N26389,N26389,N26389,sa1,1
763,N26381 /1 undetected,output,,N26381,N26381,1,undetected,N26381,N26381,N26381,sa1,1
764,test_en->__tpi_cp_39_N6669 /0 undetected,input_edge,test_en,__tpi_cp_39_N6669,__tpi_cp_39_N6669,0,undetected,__tpi_cp_39_N6669,__tpi_cp_39_N6669,__tpi_cp_39_N6669,sa0,1
765,__tpi_cp_39_N6669 /1 undetected,output,,__tpi_cp_39_N6669,__tpi_cp_39_N6669,1,undetected,__tpi_cp_39_N6669,__tpi_cp_39_N6669,__tpi_cp_39_N6669,sa1,1
766,N6669 /0 undetected,output,,N6669,N6669,0,undetected,N6669,N6669,N6669,sa0,1
767,N26391 /1 undetected,output,,N26391,N26391,1,undetected,N26391,N26391,N26391,sa1,1
768,N25746 /1 undetected,output,,N25746,N25746,1,undetected,N25746,N25746,N25746,sa1,1
769,N10829 /1 undetected,output,,N10829,N10829,1,undetected,N10829,N10829,N10829,sa1,1
770,N6932 /1 undetected,output,,N6932,N6932,1,undetected,N6932,N6932,N6932,sa1,1
771,N25736 /1 undetected,output,,N25736,N25736,1,undetected,N25736,N25736,N25736,sa1,1
772,N6670 /1 undetected,output,,N6670,N6670,1,undetected,N6670,N6670,N6670,sa1,1
773,N26234 /1 undetected,output,,N26234,N26234,1,undetected,N26234,N26234,N26234,sa1,1
774,N6928 /1 undetected,output,,N6928,N6928,1,undetected,N6928,N6928,N6928,sa1,1
775,N26232 /1 undetected,output,,N26232,N26232,1,undetected,N26232,N26232,N26232,sa1,1
776,N6956 /1 undetected,output,,N6956,N6956,1,undetected,N6956,N6956,N6956,sa1,1
777,N25901 /1 undetected,output,,N25901,N25901,1,undetected,N25901,N25901,N25901,sa1,1
778,N25747 /1 undetected,output,,N25747,N25747,1,undetected,N25747,N25747,N25747,sa1,1
779,N26325 /1 undetected,output,,N26325,N26325,1,undetected,N26325,N26325,N26325,sa1,1
780,N8725 /1 undetected,output,,N8725,N8725,1,undetected,N8725,N8725,N8725,sa1,1
781,N8725 /0 undetected,output,,N8725,N8725,0,undetected,N8725,N8725,N8725,sa0,1
782,N27830 /1 undetected,output,,N27830,N27830,1,undetected,N27830,N27830,N27830,sa1,1
783,N18700 /1 undetected,output,,N18700,N18700,1,undetected,N18700,N18700,N18700,sa1,1
784,N8540 /1 undetected,output,,N8540,N8540,1,undetected,N8540,N8540,N8540,sa1,1
785,N18697 /1 undetected,output,,N18697,N18697,1,undetected,N18697,N18697,N18697,sa1,1
786,N25870 /1 undetected,output,,N25870,N25870,1,undetected,N25870,N25870,N25870,sa1,1
787,N26408 /1 undetected,output,,N26408,N26408,1,undetected,N26408,N26408,N26408,sa1,1
788,N6593 /0 undetected,output,,N6593,N6593,0,undetected,N6593,N6593,N6593,sa0,1
789,N10825 /1 undetected,output,,N10825,N10825,1,undetected,N10825,N10825,N10825,sa1,1
790,N26379 /1 undetected,output,,N26379,N26379,1,undetected,N26379,N26379,N26379,sa1,1
791,N26153 /1 undetected,output,,N26153,N26153,1,undetected,N26153,N26153,N26153,sa1,1
792,N6672 /1 undetected,output,,N6672,N6672,1,undetected,N6672,N6672,N6672,sa1,1
793,N26390 /1 undetected,output,,N26390,N26390,1,undetected,N26390,N26390,N26390,sa1,1
794,N26382 /1 undetected,output,,N26382,N26382,1,undetected,N26382,N26382,N26382,sa1,1
795,N7731 /1 undetected,output,,N7731,N7731,1,undetected,N7731,N7731,N7731,sa1,1
796,N27142 /1 undetected,output,,N27142,N27142,1,undetected,N27142,N27142,N27142,sa1,1
797,N25871 /1 undetected,output,,N25871,N25871,1,undetected,N25871,N25871,N25871,sa1,1
798,N25331 /1 undetected,output,,N25331,N25331,1,undetected,N25331,N25331,N25331,sa1,1
799,N25653 /1 undetected,output,,N25653,N25653,1,undetected,N25653,N25653,N25653,sa1,1
800,N25340 /1 undetected,output,,N25340,N25340,1,undetected,N25340,N25340,N25340,sa1,1
801,N25643 /1 undetected,output,,N25643,N25643,1,undetected,N25643,N25643,N25643,sa1,1
802,N8787 /1 undetected,output,,N8787,N8787,1,undetected,N8787,N8787,N8787,sa1,1
803,N8787 /0 undetected,output,,N8787,N8787,0,undetected,N8787,N8787,N8787,sa0,1
804,N6331 /1 undetected,output,,N6331,N6331,1,undetected,N6331,N6331,N6331,sa1,1
805,N25655 /1 undetected,output,,N25655,N25655,1,undetected,N25655,N25655,N25655,sa1,1
806,N6162 /1 undetected,output,,N6162,N6162,1,undetected,N6162,N6162,N6162,sa1,1
807,N25710 /1 undetected,output,,N25710,N25710,1,undetected,N25710,N25710,N25710,sa1,1
808,N10794 /1 undetected,output,,N10794,N10794,1,undetected,N10794,N10794,N10794,sa1,1
809,N25712 /1 undetected,output,,N25712,N25712,1,undetected,N25712,N25712,N25712,sa1,1
810,N10793 /1 undetected,output,,N10793,N10793,1,undetected,N10793,N10793,N10793,sa1,1
811,N25708 /1 undetected,output,,N25708,N25708,1,undetected,N25708,N25708,N25708,sa1,1
812,N25649 /1 undetected,output,,N25649,N25649,1,undetected,N25649,N25649,N25649,sa1,1
813,N6163 /1 undetected,output,,N6163,N6163,1,undetected,N6163,N6163,N6163,sa1,1
814,N25632 /1 undetected,output,,N25632,N25632,1,undetected,N25632,N25632,N25632,sa1,1
815,N10796 /1 undetected,output,,N10796,N10796,1,undetected,N10796,N10796,N10796,sa1,1
816,N25658 /1 undetected,output,,N25658,N25658,1,undetected,N25658,N25658,N25658,sa1,1
817,N10795 /1 undetected,output,,N10795,N10795,1,undetected,N10795,N10795,N10795,sa1,1
818,N25644 /1 undetected,output,,N25644,N25644,1,undetected,N25644,N25644,N25644,sa1,1
819,N25639 /1 undetected,output,,N25639,N25639,1,undetected,N25639,N25639,N25639,sa1,1
820,N25636 /1 undetected,output,,N25636,N25636,1,undetected,N25636,N25636,N25636,sa1,1
821,N25633 /1 undetected,output,,N25633,N25633,1,undetected,N25633,N25633,N25633,sa1,1
822,N25640 /1 undetected,output,,N25640,N25640,1,undetected,N25640,N25640,N25640,sa1,1
823,N25645 /1 undetected,output,,N25645,N25645,1,undetected,N25645,N25645,N25645,sa1,1
824,N6406 /1 undetected,output,,N6406,N6406,1,undetected,N6406,N6406,N6406,sa1,1
825,N25634 /1 undetected,output,,N25634,N25634,1,undetected,N25634,N25634,N25634,sa1,1
826,N25641 /1 undetected,output,,N25641,N25641,1,undetected,N25641,N25641,N25641,sa1,1
827,N25631 /1 undetected,output,,N25631,N25631,1,undetected,N25631,N25631,N25631,sa1,1
828,N8605 /0 undetected,output,,N8605,N8605,0,undetected,N8605,N8605,N8605,sa0,1
829,N8236 /0 undetected,output,,N8236,N8236,0,undetected,N8236,N8236,N8236,sa0,1
830,test_en->__tpi_cp_29_N7885 /0 undetected,input_edge,test_en,__tpi_cp_29_N7885,__tpi_cp_29_N7885,0,undetected,__tpi_cp_29_N7885,__tpi_cp_29_N7885,__tpi_cp_29_N7885,sa0,1
831,__tpi_cp_29_N7885 /0 undetected,output,,__tpi_cp_29_N7885,__tpi_cp_29_N7885,0,undetected,__tpi_cp_29_N7885,__tpi_cp_29_N7885,__tpi_cp_29_N7885,sa0,1
832,N7885 /0 undetected,output,,N7885,N7885,0,undetected,N7885,N7885,N7885,sa0,1
833,N8723 /1 undetected,output,,N8723,N8723,1,undetected,N8723,N8723,N8723,sa1,1
834,N8723 /0 undetected,output,,N8723,N8723,0,undetected,N8723,N8723,N8723,sa0,1
835,N27828 /1 undetected,output,,N27828,N27828,1,undetected,N27828,N27828,N27828,sa1,1
836,N18686 /1 undetected,output,,N18686,N18686,1,undetected,N18686,N18686,N18686,sa1,1
837,N27049 /1 undetected,output,,N27049,N27049,1,undetected,N27049,N27049,N27049,sa1,1
838,N8023 /1 undetected,output,,N8023,N8023,1,undetected,N8023,N8023,N8023,sa1,1
839,N7957 /1 undetected,output,,N7957,N7957,1,undetected,N7957,N7957,N7957,sa1,1
840,N8538 /1 undetected,output,,N8538,N8538,1,undetected,N8538,N8538,N8538,sa1,1
841,N27708 /1 undetected,output,,N27708,N27708,1,undetected,N27708,N27708,N27708,sa1,1
842,N18683 /1 undetected,output,,N18683,N18683,1,undetected,N18683,N18683,N18683,sa1,1
843,N25874 /1 undetected,output,,N25874,N25874,1,undetected,N25874,N25874,N25874,sa1,1
844,N6426 /1 undetected,output,,N6426,N6426,1,undetected,N6426,N6426,N6426,sa1,1
845,N25688 /1 undetected,output,,N25688,N25688,1,undetected,N25688,N25688,N25688,sa1,1
846,N25723 /1 undetected,output,,N25723,N25723,1,undetected,N25723,N25723,N25723,sa1,1
847,N25685 /1 undetected,output,,N25685,N25685,1,undetected,N25685,N25685,N25685,sa1,1
848,N6946 /1 undetected,output,,N6946,N6946,1,undetected,N6946,N6946,N6946,sa1,1
849,N26169 /1 undetected,output,,N26169,N26169,1,undetected,N26169,N26169,N26169,sa1,1
850,N25916 /1 undetected,output,,N25916,N25916,1,undetected,N25916,N25916,N25916,sa1,1
851,N6945 /1 undetected,output,,N6945,N6945,1,undetected,N6945,N6945,N6945,sa1,1
852,N25915 /1 undetected,output,,N25915,N25915,1,undetected,N25915,N25915,N25915,sa1,1
853,N25750 /1 undetected,output,,N25750,N25750,1,undetected,N25750,N25750,N25750,sa1,1
854,N26170 /1 undetected,output,,N26170,N26170,1,undetected,N26170,N26170,N26170,sa1,1
855,N7060 /1 undetected,output,,N7060,N7060,1,undetected,N7060,N7060,N7060,sa1,1
856,N6937 /1 undetected,output,,N6937,N6937,1,undetected,N6937,N6937,N6937,sa1,1
857,N26298 /1 undetected,output,,N26298,N26298,1,undetected,N26298,N26298,N26298,sa1,1
858,N26163 /1 undetected,output,,N26163,N26163,1,undetected,N26163,N26163,N26163,sa1,1
859,N26322 /1 undetected,output,,N26322,N26322,1,undetected,N26322,N26322,N26322,sa1,1
860,N6936 /1 undetected,output,,N6936,N6936,1,undetected,N6936,N6936,N6936,sa1,1
861,N26297 /1 undetected,output,,N26297,N26297,1,undetected,N26297,N26297,N26297,sa1,1
862,N26162 /1 undetected,output,,N26162,N26162,1,undetected,N26162,N26162,N26162,sa1,1
863,N6745 /1 undetected,output,,N6745,N6745,1,undetected,N6745,N6745,N6745,sa1,1
864,N26318 /1 undetected,output,,N26318,N26318,1,undetected,N26318,N26318,N26318,sa1,1
865,N26158 /1 undetected,output,,N26158,N26158,1,undetected,N26158,N26158,N26158,sa1,1
866,N6665 /1 undetected,output,,N6665,N6665,1,undetected,N6665,N6665,N6665,sa1,1
867,N26321 /1 undetected,output,,N26321,N26321,1,undetected,N26321,N26321,N26321,sa1,1
868,N6941 /1 undetected,output,,N6941,N6941,1,undetected,N6941,N6941,N6941,sa1,1
869,N25914 /1 undetected,output,,N25914,N25914,1,undetected,N25914,N25914,N25914,sa1,1
870,N25749 /1 undetected,output,,N25749,N25749,1,undetected,N25749,N25749,N25749,sa1,1
871,N25875 /1 undetected,output,,N25875,N25875,1,undetected,N25875,N25875,N25875,sa1,1
872,N6384 /1 undetected,output,,N6384,N6384,1,undetected,N6384,N6384,N6384,sa1,1
873,N25657 /1 undetected,output,,N25657,N25657,1,undetected,N25657,N25657,N25657,sa1,1
874,N8786 /1 undetected,output,,N8786,N8786,1,undetected,N8786,N8786,N8786,sa1,1
875,N8786 /0 undetected,output,,N8786,N8786,0,undetected,N8786,N8786,N8786,sa0,1
876,N27468 /1 undetected,output,,N27468,N27468,1,undetected,N27468,N27468,N27468,sa1,1
877,N7730 /1 undetected,output,,N7730,N7730,1,undetected,N7730,N7730,N7730,sa1,1
878,N27145 /1 undetected,output,,N27145,N27145,1,undetected,N27145,N27145,N27145,sa1,1
879,N8604 /0 undetected,output,,N8604,N8604,0,undetected,N8604,N8604,N8604,sa0,1
880,N6145 /0 undetected,output,,N6145,N6145,0,undetected,N6145,N6145,N6145,sa0,1
881,N6436 /1 undetected,output,,N6436,N6436,1,undetected,N6436,N6436,N6436,sa1,1
882,N25705 /1 undetected,output,,N25705,N25705,1,undetected,N25705,N25705,N25705,sa1,1
883,N6365 /1 undetected,output,,N6365,N6365,1,undetected,N6365,N6365,N6365,sa1,1
884,N18724 /1 undetected,output,,N18724,N18724,1,undetected,N18724,N18724,N18724,sa1,1
885,N27467 /1 undetected,output,,N27467,N27467,1,undetected,N27467,N27467,N27467,sa1,1
886,N16937 /1 undetected,output,,N16937,N16937,1,undetected,N16937,N16937,N16937,sa1,1
887,N6592 /0 undetected,output,,N6592,N6592,0,undetected,N6592,N6592,N6592,sa0,1
888,N26330 /1 undetected,output,,N26330,N26330,1,undetected,N26330,N26330,N26330,sa1,1
889,N6943 /1 undetected,output,,N6943,N6943,1,undetected,N6943,N6943,N6943,sa1,1
890,N26337 /1 undetected,output,,N26337,N26337,1,undetected,N26337,N26337,N26337,sa1,1
891,N8721 /1 undetected,output,,N8721,N8721,1,undetected,N8721,N8721,N8721,sa1,1
892,N8721 /0 undetected,output,,N8721,N8721,0,undetected,N8721,N8721,N8721,sa0,1
893,N27826 /1 undetected,output,,N27826,N27826,1,undetected,N27826,N27826,N27826,sa1,1
894,N18673 /1 undetected,output,,N18673,N18673,1,undetected,N18673,N18673,N18673,sa1,1
895,N6588 /0 undetected,output,,N6588,N6588,0,undetected,N6588,N6588,N6588,sa0,1
896,N26344 /1 undetected,output,,N26344,N26344,1,undetected,N26344,N26344,N26344,sa1,1
897,N6964 /1 undetected,output,,N6964,N6964,1,undetected,N6964,N6964,N6964,sa1,1
898,N26394 /1 undetected,output,,N26394,N26394,1,undetected,N26394,N26394,N26394,sa1,1
899,N26349 /1 undetected,output,,N26349,N26349,1,undetected,N26349,N26349,N26349,sa1,1
900,N6660 /1 undetected,output,,N6660,N6660,1,undetected,N6660,N6660,N6660,sa1,1
901,N26352 /1 undetected,output,,N26352,N26352,1,undetected,N26352,N26352,N26352,sa1,1
902,N26341 /1 undetected,output,,N26341,N26341,1,undetected,N26341,N26341,N26341,sa1,1
903,N8235 /0 undetected,output,,N8235,N8235,0,undetected,N8235,N8235,N8235,sa0,1
904,test_en->__tpi_cp_28_N7884 /0 undetected,input_edge,test_en,__tpi_cp_28_N7884,__tpi_cp_28_N7884,0,undetected,__tpi_cp_28_N7884,__tpi_cp_28_N7884,__tpi_cp_28_N7884,sa0,1
905,__tpi_cp_28_N7884 /0 undetected,output,,__tpi_cp_28_N7884,__tpi_cp_28_N7884,0,undetected,__tpi_cp_28_N7884,__tpi_cp_28_N7884,__tpi_cp_28_N7884,sa0,1
906,N7884 /0 undetected,output,,N7884,N7884,0,undetected,N7884,N7884,N7884,sa0,1
907,N8536 /1 undetected,output,,N8536,N8536,1,undetected,N8536,N8536,N8536,sa1,1
908,N18670 /1 undetected,output,,N18670,N18670,1,undetected,N18670,N18670,N18670,sa1,1
909,N27047 /1 undetected,output,,N27047,N27047,1,undetected,N27047,N27047,N27047,sa1,1
910,N8025 /1 undetected,output,,N8025,N8025,1,undetected,N8025,N8025,N8025,sa1,1
911,N7960 /1 undetected,output,,N7960,N7960,1,undetected,N7960,N7960,N7960,sa1,1
912,N25620 /1 undetected,output,,N25620,N25620,1,undetected,N25620,N25620,N25620,sa1,1
913,N25682 /1 undetected,output,,N25682,N25682,1,undetected,N25682,N25682,N25682,sa1,1
914,N6133 /1 undetected,output,,N6133,N6133,1,undetected,N6133,N6133,N6133,sa1,1
915,N25625 /1 undetected,output,,N25625,N25625,1,undetected,N25625,N25625,N25625,sa1,1
916,N6663 /1 undetected,output,,N6663,N6663,1,undetected,N6663,N6663,N6663,sa1,1
917,N6958 /1 undetected,output,,N6958,N6958,1,undetected,N6958,N6958,N6958,sa1,1
918,N25745 /1 undetected,output,,N25745,N25745,1,undetected,N25745,N25745,N25745,sa1,1
919,N6951 /1 undetected,output,,N6951,N6951,1,undetected,N6951,N6951,N6951,sa1,1
920,N26310 /1 undetected,output,,N26310,N26310,1,undetected,N26310,N26310,N26310,sa1,1
921,N26306 /1 undetected,output,,N26306,N26306,1,undetected,N26306,N26306,N26306,sa1,1
922,N6931 /1 undetected,output,,N6931,N6931,1,undetected,N6931,N6931,N6931,sa1,1
923,N6589 /0 undetected,output,,N6589,N6589,0,undetected,N6589,N6589,N6589,sa0,1
924,N26241 /1 undetected,output,,N26241,N26241,1,undetected,N26241,N26241,N26241,sa1,1
925,N6817 /1 undetected,output,,N6817,N6817,1,undetected,N6817,N6817,N6817,sa1,1
926,N6658->N15236 /1 undetected,input_edge,N6658,N15236,N15236,1,undetected,N15236,N15236,N15236,sa1,1
927,N25711 /1 undetected,output,,N25711,N25711,1,undetected,N25711,N25711,N25711,sa1,1
928,N25713 /1 undetected,output,,N25713,N25713,1,undetected,N25713,N25713,N25713,sa1,1
929,N10800 /1 undetected,output,,N10800,N10800,1,undetected,N10800,N10800,N10800,sa1,1
930,N25709 /1 undetected,output,,N25709,N25709,1,undetected,N25709,N25709,N25709,sa1,1
931,N25650 /1 undetected,output,,N25650,N25650,1,undetected,N25650,N25650,N25650,sa1,1
932,N8785 /1 undetected,output,,N8785,N8785,1,undetected,N8785,N8785,N8785,sa1,1
933,N8785 /0 undetected,output,,N8785,N8785,0,undetected,N8785,N8785,N8785,sa0,1
934,N8603 /0 undetected,output,,N8603,N8603,0,undetected,N8603,N8603,N8603,sa0,1
935,N7729 /1 undetected,output,,N7729,N7729,1,undetected,N7729,N7729,N7729,sa1,1
936,N27148 /1 undetected,output,,N27148,N27148,1,undetected,N27148,N27148,N27148,sa1,1
937,N6414 /1 undetected,output,,N6414,N6414,1,undetected,N6414,N6414,N6414,sa1,1
938,N25629 /1 undetected,output,,N25629,N25629,1,undetected,N25629,N25629,N25629,sa1,1
939,N6146 /0 undetected,output,,N6146,N6146,0,undetected,N6146,N6146,N6146,sa0,1
940,N6433 /1 undetected,output,,N6433,N6433,1,undetected,N6433,N6433,N6433,sa1,1
941,N25703 /1 undetected,output,,N25703,N25703,1,undetected,N25703,N25703,N25703,sa1,1
942,N6362 /1 undetected,output,,N6362,N6362,1,undetected,N6362,N6362,N6362,sa1,1
943,N18709 /1 undetected,output,,N18709,N18709,1,undetected,N18709,N18709,N18709,sa1,1
944,N6121 /1 undetected,output,,N6121,N6121,1,undetected,N6121,N6121,N6121,sa1,1
945,N6121 /0 undetected,output,,N6121,N6121,0,undetected,N6121,N6121,N6121,sa0,1
946,N25615 /1 undetected,output,,N25615,N25615,1,undetected,N25615,N25615,N25615,sa1,1
947,N25295 /1 undetected,output,,N25295,N25295,1,undetected,N25295,N25295,N25295,sa1,1
948,N8719 /1 undetected,output,,N8719,N8719,1,undetected,N8719,N8719,N8719,sa1,1
949,N8719 /0 undetected,output,,N8719,N8719,0,undetected,N8719,N8719,N8719,sa0,1
950,N27824 /1 undetected,output,,N27824,N27824,1,undetected,N27824,N27824,N27824,sa1,1
951,N18659 /1 undetected,output,,N18659,N18659,1,undetected,N18659,N18659,N18659,sa1,1
952,N25717 /1 undetected,output,,N25717,N25717,1,undetected,N25717,N25717,N25717,sa1,1
953,N10820 /1 undetected,output,,N10820,N10820,1,undetected,N10820,N10820,N10820,sa1,1
954,N25404 /1 undetected,output,,N25404,N25404,1,undetected,N25404,N25404,N25404,sa1,1
955,N6156 /1 undetected,output,,N6156,N6156,1,undetected,N6156,N6156,N6156,sa1,1
956,N25598 /1 undetected,output,,N25598,N25598,1,undetected,N25598,N25598,N25598,sa1,1
957,N25570 /1 undetected,output,,N25570,N25570,1,undetected,N25570,N25570,N25570,sa1,1
958,N25602 /1 undetected,output,,N25602,N25602,1,undetected,N25602,N25602,N25602,sa1,1
959,N15047 /1 undetected,output,,N15047,N15047,1,undetected,N15047,N15047,N15047,sa1,1
960,N6158 /1 undetected,output,,N6158,N6158,1,undetected,N6158,N6158,N6158,sa1,1
961,N25607 /1 undetected,output,,N25607,N25607,1,undetected,N25607,N25607,N25607,sa1,1
962,N10792 /1 undetected,output,,N10792,N10792,1,undetected,N10792,N10792,N10792,sa1,1
963,N25715 /1 undetected,output,,N25715,N25715,1,undetected,N25715,N25715,N25715,sa1,1
964,N25577 /1 undetected,output,,N25577,N25577,1,undetected,N25577,N25577,N25577,sa1,1
965,N25611 /1 undetected,output,,N25611,N25611,1,undetected,N25611,N25611,N25611,sa1,1
966,N25608 /1 undetected,output,,N25608,N25608,1,undetected,N25608,N25608,N25608,sa1,1
967,N8166 /1 undetected,output,,N8166,N8166,1,undetected,N8166,N8166,N8166,sa1,1
968,N27407 /1 undetected,output,,N27407,N27407,1,undetected,N27407,N27407,N27407,sa1,1
969,N8534 /1 undetected,output,,N8534,N8534,1,undetected,N8534,N8534,N8534,sa1,1
970,N18656 /1 undetected,output,,N18656,N18656,1,undetected,N18656,N18656,N18656,sa1,1
971,N6837 /1 undetected,output,,N6837,N6837,1,undetected,N6837,N6837,N6837,sa1,1
972,N6837 /0 undetected,output,,N6837,N6837,0,undetected,N6837,N6837,N6837,sa0,1
973,N26405 /1 undetected,output,,N26405,N26405,1,undetected,N26405,N26405,N26405,sa1,1
974,N25867 /1 undetected,output,,N25867,N25867,1,undetected,N25867,N25867,N25867,sa1,1
975,N6595 /0 undetected,output,,N6595,N6595,0,undetected,N6595,N6595,N6595,sa0,1
976,N10827 /1 undetected,output,,N10827,N10827,1,undetected,N10827,N10827,N10827,sa1,1
977,N26290 /1 undetected,output,,N26290,N26290,1,undetected,N26290,N26290,N26290,sa1,1
978,N6933 /1 undetected,output,,N6933,N6933,1,undetected,N6933,N6933,N6933,sa1,1
979,N25740 /1 undetected,output,,N25740,N25740,1,undetected,N25740,N25740,N25740,sa1,1
980,N6934 /1 undetected,output,,N6934,N6934,1,undetected,N6934,N6934,N6934,sa1,1
981,N25741 /1 undetected,output,,N25741,N25741,1,undetected,N25741,N25741,N25741,sa1,1
982,N6538 /1 undetected,output,,N6538,N6538,1,undetected,N6538,N6538,N6538,sa1,1
983,N6538 /0 undetected,output,,N6538,N6538,0,undetected,N6538,N6538,N6538,sa0,1
984,N25735 /1 undetected,output,,N25735,N25735,1,undetected,N25735,N25735,N25735,sa1,1
985,N25732 /1 undetected,output,,N25732,N25732,1,undetected,N25732,N25732,N25732,sa1,1
986,N25623 /1 undetected,output,,N25623,N25623,1,undetected,N25623,N25623,N25623,sa1,1
987,N25719 /1 undetected,output,,N25719,N25719,1,undetected,N25719,N25719,N25719,sa1,1
988,N25679 /1 undetected,output,,N25679,N25679,1,undetected,N25679,N25679,N25679,sa1,1
989,N6120 /1 undetected,output,,N6120,N6120,1,undetected,N6120,N6120,N6120,sa1,1
990,N6120 /0 undetected,output,,N6120,N6120,0,undetected,N6120,N6120,N6120,sa0,1
991,N25686 /1 undetected,output,,N25686,N25686,1,undetected,N25686,N25686,N25686,sa1,1
992,N25293 /1 undetected,output,,N25293,N25293,1,undetected,N25293,N25293,N25293,sa1,1
993,N21217 /1 undetected,output,,N21217,N21217,1,undetected,N21217,N21217,N21217,sa1,1
994,N8234 /0 undetected,output,,N8234,N8234,0,undetected,N8234,N8234,N8234,sa0,1
995,test_en->__tpi_cp_30_N7883 /0 undetected,input_edge,test_en,__tpi_cp_30_N7883,__tpi_cp_30_N7883,0,undetected,__tpi_cp_30_N7883,__tpi_cp_30_N7883,__tpi_cp_30_N7883,sa0,1
996,__tpi_cp_30_N7883 /0 undetected,output,,__tpi_cp_30_N7883,__tpi_cp_30_N7883,0,undetected,__tpi_cp_30_N7883,__tpi_cp_30_N7883,__tpi_cp_30_N7883,sa0,1
997,N7883 /0 undetected,output,,N7883,N7883,0,undetected,N7883,N7883,N7883,sa0,1
998,N27045 /1 undetected,output,,N27045,N27045,1,undetected,N27045,N27045,N27045,sa1,1
999,N8027 /1 undetected,output,,N8027,N8027,1,undetected,N8027,N8027,N8027,sa1,1
1000,N7963 /1 undetected,output,,N7963,N7963,1,undetected,N7963,N7963,N7963,sa1,1
1001,N26888 /1 undetected,output,,N26888,N26888,1,undetected,N26888,N26888,N26888,sa1,1
1002,N7694 /1 undetected,output,,N7694,N7694,1,undetected,N7694,N7694,N7694,sa1,1
1003,N7672 /1 undetected,output,,N7672,N7672,1,undetected,N7672,N7672,N7672,sa1,1
1004,N6963 /1 undetected,output,,N6963,N6963,1,undetected,N6963,N6963,N6963,sa1,1
1005,N26362 /1 undetected,output,,N26362,N26362,1,undetected,N26362,N26362,N26362,sa1,1
1006,N6853 /1 undetected,output,,N6853,N6853,1,undetected,N6853,N6853,N6853,sa1,1
1007,N26366 /1 undetected,output,,N26366,N26366,1,undetected,N26366,N26366,N26366,sa1,1
1008,N6659 /1 undetected,output,,N6659,N6659,1,undetected,N6659,N6659,N6659,sa1,1
1009,N26368 /1 undetected,output,,N26368,N26368,1,undetected,N26368,N26368,N26368,sa1,1
1010,N26357 /1 undetected,output,,N26357,N26357,1,undetected,N26357,N26357,N26357,sa1,1
1011,N6952 /1 undetected,output,,N6952,N6952,1,undetected,N6952,N6952,N6952,sa1,1
1012,N6952 /0 undetected,output,,N6952,N6952,0,undetected,N6952,N6952,N6952,sa0,1
1013,N6816 /0 undetected,output,,N6816,N6816,0,undetected,N6816,N6816,N6816,sa0,1
1014,N26270 /1 undetected,output,,N26270,N26270,1,undetected,N26270,N26270,N26270,sa1,1
1015,N6657 /1 undetected,output,,N6657,N6657,1,undetected,N6657,N6657,N6657,sa1,1
1016,N26275 /1 undetected,output,,N26275,N26275,1,undetected,N26275,N26275,N26275,sa1,1
1017,N26272 /1 undetected,output,,N26272,N26272,1,undetected,N26272,N26272,N26272,sa1,1
1018,N25597 /1 undetected,output,,N25597,N25597,1,undetected,N25597,N25597,N25597,sa1,1
1019,N25601 /1 undetected,output,,N25601,N25601,1,undetected,N25601,N25601,N25601,sa1,1
1020,N15019 /1 undetected,output,,N15019,N15019,1,undetected,N15019,N15019,N15019,sa1,1
1021,N25716 /1 undetected,output,,N25716,N25716,1,undetected,N25716,N25716,N25716,sa1,1
1022,N25606 /1 undetected,output,,N25606,N25606,1,undetected,N25606,N25606,N25606,sa1,1
1023,N8784 /1 undetected,output,,N8784,N8784,1,undetected,N8784,N8784,N8784,sa1,1
1024,N8784 /0 undetected,output,,N8784,N8784,0,undetected,N8784,N8784,N8784,sa0,1
1025,N26207 /1 undetected,output,,N26207,N26207,1,undetected,N26207,N26207,N26207,sa1,1
1026,N6661->N6534 /1 undetected,input_edge,N6661,N6534,N6534,1,undetected,N6534,N6534,N6534,sa1,1
1027,N6534 /1 undetected,output,,N6534,N6534,1,undetected,N6534,N6534,N6534,sa1,1
1028,N6534 /0 undetected,output,,N6534,N6534,0,undetected,N6534,N6534,N6534,sa0,1
1029,N25726 /1 undetected,output,,N25726,N25726,1,undetected,N25726,N25726,N25726,sa1,1
1030,N6124 /1 undetected,output,,N6124,N6124,1,undetected,N6124,N6124,N6124,sa1,1
1031,N6124 /0 undetected,output,,N6124,N6124,0,undetected,N6124,N6124,N6124,sa0,1
1032,N25704 /1 undetected,output,,N25704,N25704,1,undetected,N25704,N25704,N25704,sa1,1
1033,N25302 /1 undetected,output,,N25302,N25302,1,undetected,N25302,N25302,N25302,sa1,1
1034,N6119 /1 undetected,output,,N6119,N6119,1,undetected,N6119,N6119,N6119,sa1,1
1035,N6119 /0 undetected,output,,N6119,N6119,0,undetected,N6119,N6119,N6119,sa0,1
1036,N25618 /1 undetected,output,,N25618,N25618,1,undetected,N25618,N25618,N25618,sa1,1
1037,N25291 /1 undetected,output,,N25291,N25291,1,undetected,N25291,N25291,N25291,sa1,1
1038,N6116 /0 undetected,output,,N6116,N6116,0,undetected,N6116,N6116,N6116,sa0,1
1039,N25624 /1 undetected,output,,N25624,N25624,1,undetected,N25624,N25624,N25624,sa1,1
1040,N8602 /0 undetected,output,,N8602,N8602,0,undetected,N8602,N8602,N8602,sa0,1
1041,N6581 /1 undetected,output,,N6581,N6581,1,undetected,N6581,N6581,N6581,sa1,1
1042,N6581 /0 undetected,output,,N6581,N6581,0,undetected,N6581,N6581,N6581,sa0,1
1043,N6668->N15132 /1 undetected,input_edge,N6668,N15132,N15132,1,undetected,N15132,N15132,N15132,sa1,1
1044,N25737 /1 undetected,output,,N25737,N25737,1,undetected,N25737,N25737,N25737,sa1,1
1045,N6404 /1 undetected,output,,N6404,N6404,1,undetected,N6404,N6404,N6404,sa1,1
1046,N25282 /1 undetected,output,,N25282,N25282,1,undetected,N25282,N25282,N25282,sa1,1
1047,N6403 /1 undetected,output,,N6403,N6403,1,undetected,N6403,N6403,N6403,sa1,1
1048,N25281 /1 undetected,output,,N25281,N25281,1,undetected,N25281,N25281,N25281,sa1,1
1049,N6401 /1 undetected,output,,N6401,N6401,1,undetected,N6401,N6401,N6401,sa1,1
1050,N25280 /1 undetected,output,,N25280,N25280,1,undetected,N25280,N25280,N25280,sa1,1
1051,N25612 /1 undetected,output,,N25612,N25612,1,undetected,N25612,N25612,N25612,sa1,1
1052,N6149 /0 undetected,output,,N6149,N6149,0,undetected,N6149,N6149,N6149,sa0,1
1053,N25665 /1 undetected,output,,N25665,N25665,1,undetected,N25665,N25665,N25665,sa1,1
1054,N6412 /1 undetected,output,,N6412,N6412,1,undetected,N6412,N6412,N6412,sa1,1
1055,N25664 /1 undetected,output,,N25664,N25664,1,undetected,N25664,N25664,N25664,sa1,1
1056,N6147 /0 undetected,output,,N6147,N6147,0,undetected,N6147,N6147,N6147,sa0,1
1057,N25700 /1 undetected,output,,N25700,N25700,1,undetected,N25700,N25700,N25700,sa1,1
1058,N6430 /1 undetected,output,,N6430,N6430,1,undetected,N6430,N6430,N6430,sa1,1
1059,N25699 /1 undetected,output,,N25699,N25699,1,undetected,N25699,N25699,N25699,sa1,1
1060,N8717 /1 undetected,output,,N8717,N8717,1,undetected,N8717,N8717,N8717,sa1,1
1061,N8717 /0 undetected,output,,N8717,N8717,0,undetected,N8717,N8717,N8717,sa0,1
1062,N27822 /1 undetected,output,,N27822,N27822,1,undetected,N27822,N27822,N27822,sa1,1
1063,N18646 /1 undetected,output,,N18646,N18646,1,undetected,N18646,N18646,N18646,sa1,1
1064,N27464 /1 undetected,output,,N27464,N27464,1,undetected,N27464,N27464,N27464,sa1,1
1065,N7728 /1 undetected,output,,N7728,N7728,1,undetected,N7728,N7728,N7728,sa1,1
1066,N27151 /1 undetected,output,,N27151,N27151,1,undetected,N27151,N27151,N27151,sa1,1
1067,N6813 /1 undetected,output,,N6813,N6813,1,undetected,N6813,N6813,N6813,sa1,1
1068,N26261 /1 undetected,output,,N26261,N26261,1,undetected,N26261,N26261,N26261,sa1,1
1069,N26257 /1 undetected,output,,N26257,N26257,1,undetected,N26257,N26257,N26257,sa1,1
1070,N6656 /1 undetected,output,,N6656,N6656,1,undetected,N6656,N6656,N6656,sa1,1
1071,N26264 /1 undetected,output,,N26264,N26264,1,undetected,N26264,N26264,N26264,sa1,1
1072,N26250 /1 undetected,output,,N26250,N26250,1,undetected,N26250,N26250,N26250,sa1,1
1073,N6531 /1 undetected,output,,N6531,N6531,1,undetected,N6531,N6531,N6531,sa1,1
1074,N6531 /0 undetected,output,,N6531,N6531,0,undetected,N6531,N6531,N6531,sa0,1
1075,N26248 /1 undetected,output,,N26248,N26248,1,undetected,N26248,N26248,N26248,sa1,1
1076,N10823 /1 undetected,output,,N10823,N10823,1,undetected,N10823,N10823,N10823,sa1,1
1077,N26252 /1 undetected,output,,N26252,N26252,1,undetected,N26252,N26252,N26252,sa1,1
1078,N10822 /1 undetected,output,,N10822,N10822,1,undetected,N10822,N10822,N10822,sa1,1
1079,N26283 /1 undetected,output,,N26283,N26283,1,undetected,N26283,N26283,N26283,sa1,1
1080,N26267 /1 undetected,output,,N26267,N26267,1,undetected,N26267,N26267,N26267,sa1,1
1081,N6123 /1 undetected,output,,N6123,N6123,1,undetected,N6123,N6123,N6123,sa1,1
1082,N25702 /1 undetected,output,,N25702,N25702,1,undetected,N25702,N25702,N25702,sa1,1
1083,N25300 /1 undetected,output,,N25300,N25300,1,undetected,N25300,N25300,N25300,sa1,1
1084,N6118 /1 undetected,output,,N6118,N6118,1,undetected,N6118,N6118,N6118,sa1,1
1085,N6118 /0 undetected,output,,N6118,N6118,0,undetected,N6118,N6118,N6118,sa0,1
1086,N25621 /1 undetected,output,,N25621,N25621,1,undetected,N25621,N25621,N25621,sa1,1
1087,N25289 /1 undetected,output,,N25289,N25289,1,undetected,N25289,N25289,N25289,sa1,1
1088,N6115 /0 undetected,output,,N6115,N6115,0,undetected,N6115,N6115,N6115,sa0,1
1089,N25627 /1 undetected,output,,N25627,N25627,1,undetected,N25627,N25627,N25627,sa1,1
1090,N8532 /1 undetected,output,,N8532,N8532,1,undetected,N8532,N8532,N8532,sa1,1
1091,N18643 /1 undetected,output,,N18643,N18643,1,undetected,N18643,N18643,N18643,sa1,1
1092,N6418 /1 undetected,output,,N6418,N6418,1,undetected,N6418,N6418,N6418,sa1,1
1093,N25676 /1 undetected,output,,N25676,N25676,1,undetected,N25676,N25676,N25676,sa1,1
1094,N18598 /1 undetected,output,,N18598,N18598,1,undetected,N18598,N18598,N18598,sa1,1
1095,N5723 /1 undetected,output,,N5723,N5723,1,undetected,N5723,N5723,N5723,sa1,1
1096,N23799 /1 undetected,output,,N23799,N23799,1,undetected,N23799,N23799,N23799,sa1,1
1097,N8277 /1 undetected,output,,N8277,N8277,1,undetected,N8277,N8277,N8277,sa1,1
1098,N8164 /1 undetected,output,,N8164,N8164,1,undetected,N8164,N8164,N8164,sa1,1
1099,N27405 /1 undetected,output,,N27405,N27405,1,undetected,N27405,N27405,N27405,sa1,1
1100,N26765 /1 undetected,output,,N26765,N26765,1,undetected,N26765,N26765,N26765,sa1,1
1101,N7696 /1 undetected,output,,N7696,N7696,1,undetected,N7696,N7696,N7696,sa1,1
1102,N7669 /1 undetected,output,,N7669,N7669,1,undetected,N7669,N7669,N7669,sa1,1
1103,N6535 /1 undetected,output,,N6535,N6535,1,undetected,N6535,N6535,N6535,sa1,1
1104,N6535 /0 undetected,output,,N6535,N6535,0,undetected,N6535,N6535,N6535,sa0,1
1105,N26291 /1 undetected,output,,N26291,N26291,1,undetected,N26291,N26291,N26291,sa1,1
1106,N26285 /1 undetected,output,,N26285,N26285,1,undetected,N26285,N26285,N26285,sa1,1
1107,N6410 /1 undetected,output,,N6410,N6410,1,undetected,N6410,N6410,N6410,sa1,1
1108,N6290 /1 undetected,output,,N6290,N6290,1,undetected,N6290,N6290,N6290,sa1,1
1109,N25572 /1 undetected,output,,N25572,N25572,1,undetected,N25572,N25572,N25572,sa1,1
1110,N25605 /1 undetected,output,,N25605,N25605,1,undetected,N25605,N25605,N25605,sa1,1
1111,N6122 /1 undetected,output,,N6122,N6122,1,undetected,N6122,N6122,N6122,sa1,1
1112,N25697 /1 undetected,output,,N25697,N25697,1,undetected,N25697,N25697,N25697,sa1,1
1113,N25694 /1 undetected,output,,N25694,N25694,1,undetected,N25694,N25694,N25694,sa1,1
1114,N6117 /1 undetected,output,,N6117,N6117,1,undetected,N6117,N6117,N6117,sa1,1
1115,N25674 /1 undetected,output,,N25674,N25674,1,undetected,N25674,N25674,N25674,sa1,1
1116,N25669 /1 undetected,output,,N25669,N25669,1,undetected,N25669,N25669,N25669,sa1,1
1117,N25662 /1 undetected,output,,N25662,N25662,1,undetected,N25662,N25662,N25662,sa1,1
1118,N25651 /1 undetected,output,,N25651,N25651,1,undetected,N25651,N25651,N25651,sa1,1
1119,test_en->__tpi_cp_174_N8783 /0 undetected,input_edge,test_en,__tpi_cp_174_N8783,__tpi_cp_174_N8783,0,undetected,__tpi_cp_174_N8783,__tpi_cp_174_N8783,__tpi_cp_174_N8783,sa0,1
1120,__tpi_cp_174_N8783 /1 undetected,output,,__tpi_cp_174_N8783,__tpi_cp_174_N8783,1,undetected,__tpi_cp_174_N8783,__tpi_cp_174_N8783,__tpi_cp_174_N8783,sa1,1
1121,__tpi_cp_174_N8783 /0 undetected,output,,__tpi_cp_174_N8783,__tpi_cp_174_N8783,0,undetected,__tpi_cp_174_N8783,__tpi_cp_174_N8783,__tpi_cp_174_N8783,sa0,1
1122,N8783 /0 undetected,output,,N8783,N8783,0,undetected,N8783,N8783,N8783,sa0,1
1123,N8233 /0 undetected,output,,N8233,N8233,0,undetected,N8233,N8233,N8233,sa0,1
1124,test_en->__tpi_cp_31_N7882 /0 undetected,input_edge,test_en,__tpi_cp_31_N7882,__tpi_cp_31_N7882,0,undetected,__tpi_cp_31_N7882,__tpi_cp_31_N7882,__tpi_cp_31_N7882,sa0,1
1125,__tpi_cp_31_N7882 /0 undetected,output,,__tpi_cp_31_N7882,__tpi_cp_31_N7882,0,undetected,__tpi_cp_31_N7882,__tpi_cp_31_N7882,__tpi_cp_31_N7882,sa0,1
1126,N7882 /0 undetected,output,,N7882,N7882,0,undetected,N7882,N7882,N7882,sa0,1
1127,N27043 /1 undetected,output,,N27043,N27043,1,undetected,N27043,N27043,N27043,sa1,1
1128,N8036 /1 undetected,output,,N8036,N8036,1,undetected,N8036,N8036,N8036,sa1,1
1129,N7966 /1 undetected,output,,N7966,N7966,1,undetected,N7966,N7966,N7966,sa1,1
1130,N26890 /1 undetected,output,,N26890,N26890,1,undetected,N26890,N26890,N26890,sa1,1
1131,N7698 /1 undetected,output,,N7698,N7698,1,undetected,N7698,N7698,N7698,sa1,1
1132,N7675 /1 undetected,output,,N7675,N7675,1,undetected,N7675,N7675,N7675,sa1,1
1133,N25812 /1 undetected,output,,N25812,N25812,1,undetected,N25812,N25812,N25812,sa1,1
1134,N7055 /1 undetected,output,,N7055,N7055,1,undetected,N7055,N7055,N7055,sa1,1
1135,N26078 /1 undetected,output,,N26078,N26078,1,undetected,N26078,N26078,N26078,sa1,1
1136,__tpi_not_test_en->__tpi_cp_85_N7541 /1 undetected,input_edge,__tpi_not_test_en,__tpi_cp_85_N7541,__tpi_cp_85_N7541,1,undetected,__tpi_cp_85_N7541,__tpi_cp_85_N7541,__tpi_cp_85_N7541,sa1,1
1137,__tpi_cp_85_N7541 /1 undetected,output,,__tpi_cp_85_N7541,__tpi_cp_85_N7541,1,undetected,__tpi_cp_85_N7541,__tpi_cp_85_N7541,__tpi_cp_85_N7541,sa1,1
1138,N7541 /1 undetected,output,,N7541,N7541,1,undetected,N7541,N7541,N7541,sa1,1
1139,N26786 /1 undetected,output,,N26786,N26786,1,undetected,N26786,N26786,N26786,sa1,1
1140,N8601 /0 undetected,output,,N8601,N8601,0,undetected,N8601,N8601,N8601,sa0,1
1141,N6367 /1 undetected,output,,N6367,N6367,1,undetected,N6367,N6367,N6367,sa1,1
1142,N15000 /1 undetected,output,,N15000,N15000,1,undetected,N15000,N15000,N15000,sa1,1
1143,N6364 /1 undetected,output,,N6364,N6364,1,undetected,N6364,N6364,N6364,sa1,1
1144,N14996 /1 undetected,output,,N14996,N14996,1,undetected,N14996,N14996,N14996,sa1,1
1145,N6361 /1 undetected,output,,N6361,N6361,1,undetected,N6361,N6361,N6361,sa1,1
1146,N14992 /1 undetected,output,,N14992,N14992,1,undetected,N14992,N14992,N14992,sa1,1
1147,N25832 /1 undetected,output,,N25832,N25832,1,undetected,N25832,N25832,N25832,sa1,1
1148,N7101 /1 undetected,output,,N7101,N7101,1,undetected,N7101,N7101,N7101,sa1,1
1149,N26096 /1 undetected,output,,N26096,N26096,1,undetected,N26096,N26096,N26096,sa1,1
1150,N25831 /1 undetected,output,,N25831,N25831,1,undetected,N25831,N25831,N25831,sa1,1
1151,N7098 /1 undetected,output,,N7098,N7098,1,undetected,N7098,N7098,N7098,sa1,1
1152,N26094 /1 undetected,output,,N26094,N26094,1,undetected,N26094,N26094,N26094,sa1,1
1153,N25830 /1 undetected,output,,N25830,N25830,1,undetected,N25830,N25830,N25830,sa1,1
1154,N7095 /1 undetected,output,,N7095,N7095,1,undetected,N7095,N7095,N7095,sa1,1
1155,N26092 /1 undetected,output,,N26092,N26092,1,undetected,N26092,N26092,N26092,sa1,1
1156,N25829 /1 undetected,output,,N25829,N25829,1,undetected,N25829,N25829,N25829,sa1,1
1157,N7092 /1 undetected,output,,N7092,N7092,1,undetected,N7092,N7092,N7092,sa1,1
1158,N26090 /1 undetected,output,,N26090,N26090,1,undetected,N26090,N26090,N26090,sa1,1
1159,N25839 /1 undetected,output,,N25839,N25839,1,undetected,N25839,N25839,N25839,sa1,1
1160,N7122 /1 undetected,output,,N7122,N7122,1,undetected,N7122,N7122,N7122,sa1,1
1161,N26088 /1 undetected,output,,N26088,N26088,1,undetected,N26088,N26088,N26088,sa1,1
1162,N25806 /1 undetected,output,,N25806,N25806,1,undetected,N25806,N25806,N25806,sa1,1
1163,N7039 /1 undetected,output,,N7039,N7039,1,undetected,N7039,N7039,N7039,sa1,1
1164,N26076 /1 undetected,output,,N26076,N26076,1,undetected,N26076,N26076,N26076,sa1,1
1165,N25841 /1 undetected,output,,N25841,N25841,1,undetected,N25841,N25841,N25841,sa1,1
1166,N7128 /1 undetected,output,,N7128,N7128,1,undetected,N7128,N7128,N7128,sa1,1
1167,N26082 /1 undetected,output,,N26082,N26082,1,undetected,N26082,N26082,N26082,sa1,1
1168,N25836 /1 undetected,output,,N25836,N25836,1,undetected,N25836,N25836,N25836,sa1,1
1169,N7113 /1 undetected,output,,N7113,N7113,1,undetected,N7113,N7113,N7113,sa1,1
1170,N26100 /1 undetected,output,,N26100,N26100,1,undetected,N26100,N26100,N26100,sa1,1
1171,N25837 /1 undetected,output,,N25837,N25837,1,undetected,N25837,N25837,N25837,sa1,1
1172,N7116 /1 undetected,output,,N7116,N7116,1,undetected,N7116,N7116,N7116,sa1,1
1173,N26098 /1 undetected,output,,N26098,N26098,1,undetected,N26098,N26098,N26098,sa1,1
1174,N25835 /1 undetected,output,,N25835,N25835,1,undetected,N25835,N25835,N25835,sa1,1
1175,N7110 /1 undetected,output,,N7110,N7110,1,undetected,N7110,N7110,N7110,sa1,1
1176,N26102 /1 undetected,output,,N26102,N26102,1,undetected,N26102,N26102,N26102,sa1,1
1177,N25834 /1 undetected,output,,N25834,N25834,1,undetected,N25834,N25834,N25834,sa1,1
1178,N7107 /1 undetected,output,,N7107,N7107,1,undetected,N7107,N7107,N7107,sa1,1
1179,N26104 /1 undetected,output,,N26104,N26104,1,undetected,N26104,N26104,N26104,sa1,1
1180,N25838 /1 undetected,output,,N25838,N25838,1,undetected,N25838,N25838,N25838,sa1,1
1181,N7119 /1 undetected,output,,N7119,N7119,1,undetected,N7119,N7119,N7119,sa1,1
1182,N26108 /1 undetected,output,,N26108,N26108,1,undetected,N26108,N26108,N26108,sa1,1
1183,N25833 /1 undetected,output,,N25833,N25833,1,undetected,N25833,N25833,N25833,sa1,1
1184,N7104 /1 undetected,output,,N7104,N7104,1,undetected,N7104,N7104,N7104,sa1,1
1185,N26106 /1 undetected,output,,N26106,N26106,1,undetected,N26106,N26106,N26106,sa1,1
1186,N25842 /1 undetected,output,,N25842,N25842,1,undetected,N25842,N25842,N25842,sa1,1
1187,N7131 /1 undetected,output,,N7131,N7131,1,undetected,N7131,N7131,N7131,sa1,1
1188,N26084 /1 undetected,output,,N26084,N26084,1,undetected,N26084,N26084,N26084,sa1,1
1189,N8715 /1 undetected,output,,N8715,N8715,1,undetected,N8715,N8715,N8715,sa1,1
1190,N8715 /0 undetected,output,,N8715,N8715,0,undetected,N8715,N8715,N8715,sa0,1
1191,N27820 /1 undetected,output,,N27820,N27820,1,undetected,N27820,N27820,N27820,sa1,1
1192,N18632 /1 undetected,output,,N18632,N18632,1,undetected,N18632,N18632,N18632,sa1,1
1193,N8530 /1 undetected,output,,N8530,N8530,1,undetected,N8530,N8530,N8530,sa1,1
1194,N18629 /1 undetected,output,,N18629,N18629,1,undetected,N18629,N18629,N18629,sa1,1
1195,N8165 /1 undetected,output,,N8165,N8165,1,undetected,N8165,N8165,N8165,sa1,1
1196,N16952 /1 undetected,output,,N16952,N16952,1,undetected,N16952,N16952,N16952,sa1,1
1197,N7727 /1 undetected,output,,N7727,N7727,1,undetected,N7727,N7727,N7727,sa1,1
1198,N27154 /1 undetected,output,,N27154,N27154,1,undetected,N27154,N27154,N27154,sa1,1
1199,test_en->__tpi_cp_42_N7590 /0 undetected,input_edge,test_en,__tpi_cp_42_N7590,__tpi_cp_42_N7590,0,undetected,__tpi_cp_42_N7590,__tpi_cp_42_N7590,__tpi_cp_42_N7590,sa0,1
1200,__tpi_cp_42_N7590 /0 undetected,output,,__tpi_cp_42_N7590,__tpi_cp_42_N7590,0,undetected,__tpi_cp_42_N7590,__tpi_cp_42_N7590,__tpi_cp_42_N7590,sa0,1
1201,N7590 /0 undetected,output,,N7590,N7590,0,undetected,N7590,N7590,N7590,sa0,1
1202,N26763 /1 undetected,output,,N26763,N26763,1,undetected,N26763,N26763,N26763,sa1,1
1203,N7700 /1 undetected,output,,N7700,N7700,1,undetected,N7700,N7700,N7700,sa1,1
1204,N7678 /1 undetected,output,,N7678,N7678,1,undetected,N7678,N7678,N7678,sa1,1
1205,N8782 /1 undetected,output,,N8782,N8782,1,undetected,N8782,N8782,N8782,sa1,1
1206,N8782 /0 undetected,output,,N8782,N8782,0,undetected,N8782,N8782,N8782,sa0,1
1207,N8600 /0 undetected,output,,N8600,N8600,0,undetected,N8600,N8600,N8600,sa0,1
1208,N8232 /0 undetected,output,,N8232,N8232,0,undetected,N8232,N8232,N8232,sa0,1
1209,N7881 /0 undetected,output,,N7881,N7881,0,undetected,N7881,N7881,N7881,sa0,1
1210,N27041 /1 undetected,output,,N27041,N27041,1,undetected,N27041,N27041,N27041,sa1,1
1211,N8038 /1 undetected,output,,N8038,N8038,1,undetected,N8038,N8038,N8038,sa1,1
1212,N7969 /1 undetected,output,,N7969,N7969,1,undetected,N7969,N7969,N7969,sa1,1
1213,N8903 /1 undetected,output,,N8903,N8903,1,undetected,N8903,N8903,N8903,sa1,1
1214,N5914 /1 undetected,output,,N5914,N5914,1,undetected,N5914,N5914,N5914,sa1,1
1215,N10788 /1 undetected,output,,N10788,N10788,1,undetected,N10788,N10788,N10788,sa1,1
1216,N25169 /1 undetected,output,,N25169,N25169,1,undetected,N25169,N25169,N25169,sa1,1
1217,N17197 /1 undetected,output,,N17197,N17197,1,undetected,N17197,N17197,N17197,sa1,1
1218,N5913 /1 undetected,output,,N5913,N5913,1,undetected,N5913,N5913,N5913,sa1,1
1219,N23296 /1 undetected,output,,N23296,N23296,1,undetected,N23296,N23296,N23296,sa1,1
1220,N20870 /1 undetected,output,,N20870,N20870,1,undetected,N20870,N20870,N20870,sa1,1
1221,N5586 /1 undetected,output,,N5586,N5586,1,undetected,N5586,N5586,N5586,sa1,1
1222,N23294 /1 undetected,output,,N23294,N23294,1,undetected,N23294,N23294,N23294,sa1,1
1223,N20869 /1 undetected,output,,N20869,N20869,1,undetected,N20869,N20869,N20869,sa1,1
1224,N5584 /1 undetected,output,,N5584,N5584,1,undetected,N5584,N5584,N5584,sa1,1
1225,N10659 /1 undetected,output,,N10659,N10659,1,undetected,N10659,N10659,N10659,sa1,1
1226,N25167 /1 undetected,output,,N25167,N25167,1,undetected,N25167,N25167,N25167,sa1,1
1227,N20935 /1 undetected,output,,N20935,N20935,1,undetected,N20935,N20935,N20935,sa1,1
1228,__tpi_not_test_en->__tpi_cp_132_N7542 /1 undetected,input_edge,__tpi_not_test_en,__tpi_cp_132_N7542,__tpi_cp_132_N7542,1,undetected,__tpi_cp_132_N7542,__tpi_cp_132_N7542,__tpi_cp_132_N7542,sa1,1
1229,__tpi_cp_132_N7542 /1 undetected,output,,__tpi_cp_132_N7542,__tpi_cp_132_N7542,1,undetected,__tpi_cp_132_N7542,__tpi_cp_132_N7542,__tpi_cp_132_N7542,sa1,1
1230,N7542 /1 undetected,output,,N7542,N7542,1,undetected,N7542,N7542,N7542,sa1,1
1231,N26795 /1 undetected,output,,N26795,N26795,1,undetected,N26795,N26795,N26795,sa1,1
1232,N27287 /1 undetected,output,,N27287,N27287,1,undetected,N27287,N27287,N27287,sa1,1
1233,N8040 /1 undetected,output,,N8040,N8040,1,undetected,N8040,N8040,N8040,sa1,1
1234,N7993 /1 undetected,output,,N7993,N7993,1,undetected,N7993,N7993,N7993,sa1,1
1235,N25785 /1 undetected,output,,N25785,N25785,1,undetected,N25785,N25785,N25785,sa1,1
1236,N6974 /1 undetected,output,,N6974,N6974,1,undetected,N6974,N6974,N6974,sa1,1
1237,N26041 /1 undetected,output,,N26041,N26041,1,undetected,N26041,N26041,N26041,sa1,1
1238,N25801 /1 undetected,output,,N25801,N25801,1,undetected,N25801,N25801,N25801,sa1,1
1239,N7014 /1 undetected,output,,N7014,N7014,1,undetected,N7014,N7014,N7014,sa1,1
1240,N26056 /1 undetected,output,,N26056,N26056,1,undetected,N26056,N26056,N26056,sa1,1
1241,N8281 /1 undetected,output,,N8281,N8281,1,undetected,N8281,N8281,N8281,sa1,1
1242,N8160 /1 undetected,output,,N8160,N8160,1,undetected,N8160,N8160,N8160,sa1,1
1243,N27401 /1 undetected,output,,N27401,N27401,1,undetected,N27401,N27401,N27401,sa1,1
1244,N8323 /1 undetected,output,,N8323,N8323,1,undetected,N8323,N8323,N8323,sa1,1
1245,N8307 /1 undetected,output,,N8307,N8307,1,undetected,N8307,N8307,N8307,sa1,1
1246,N8308 /1 undetected,output,,N8308,N8308,1,undetected,N8308,N8308,N8308,sa1,1
1247,N8477 /1 undetected,output,,N8477,N8477,1,undetected,N8477,N8477,N8477,sa1,1
1248,N8457 /1 undetected,output,,N8457,N8457,1,undetected,N8457,N8457,N8457,sa1,1
1249,N27590 /1 undetected,output,,N27590,N27590,1,undetected,N27590,N27590,N27590,sa1,1
1250,N4992 /1 undetected,output,,N4992,N4992,1,undetected,N4992,N4992,N4992,sa1,1
1251,N8465 /1 undetected,output,,N8465,N8465,1,undetected,N8465,N8465,N8465,sa1,1
1252,N22431 /1 undetected,output,,N22431,N22431,1,undetected,N22431,N22431,N22431,sa1,1
1253,N22421 /1 undetected,output,,N22421,N22421,1,undetected,N22421,N22421,N22421,sa1,1
1254,__tpi_not_test_en->__tpi_cp_73_N7726 /1 undetected,input_edge,__tpi_not_test_en,__tpi_cp_73_N7726,__tpi_cp_73_N7726,1,undetected,__tpi_cp_73_N7726,__tpi_cp_73_N7726,__tpi_cp_73_N7726,sa1,1
1255,__tpi_cp_73_N7726 /1 undetected,output,,__tpi_cp_73_N7726,__tpi_cp_73_N7726,1,undetected,__tpi_cp_73_N7726,__tpi_cp_73_N7726,__tpi_cp_73_N7726,sa1,1
1256,N7726 /1 undetected,output,,N7726,N7726,1,undetected,N7726,N7726,N7726,sa1,1
1257,N27157 /1 undetected,output,,N27157,N27157,1,undetected,N27157,N27157,N27157,sa1,1
1258,N8713 /1 undetected,output,,N8713,N8713,1,undetected,N8713,N8713,N8713,sa1,1
1259,N8713 /0 undetected,output,,N8713,N8713,0,undetected,N8713,N8713,N8713,sa0,1
1260,N27818 /1 undetected,output,,N27818,N27818,1,undetected,N27818,N27818,N27818,sa1,1
1261,N18619 /1 undetected,output,,N18619,N18619,1,undetected,N18619,N18619,N18619,sa1,1
1262,N8528 /1 undetected,output,,N8528,N8528,1,undetected,N8528,N8528,N8528,sa1,1
1263,N18616 /1 undetected,output,,N18616,N18616,1,undetected,N18616,N18616,N18616,sa1,1
1264,N8163 /1 undetected,output,,N8163,N8163,1,undetected,N8163,N8163,N8163,sa1,1
1265,N16960 /1 undetected,output,,N16960,N16960,1,undetected,N16960,N16960,N16960,sa1,1
1266,N7473 /1 undetected,output,,N7473,N7473,1,undetected,N7473,N7473,N7473,sa1,1
1267,N7512 /1 undetected,output,,N7512,N7512,1,undetected,N7512,N7512,N7512,sa1,1
1268,N26794 /1 undetected,output,,N26794,N26794,1,undetected,N26794,N26794,N26794,sa1,1
1269,N26790 /1 undetected,output,,N26790,N26790,1,undetected,N26790,N26790,N26790,sa1,1
1270,N25788 /1 undetected,output,,N25788,N25788,1,undetected,N25788,N25788,N25788,sa1,1
1271,N6982 /1 undetected,output,,N6982,N6982,1,undetected,N6982,N6982,N6982,sa1,1
1272,N26043 /1 undetected,output,,N26043,N26043,1,undetected,N26043,N26043,N26043,sa1,1
1273,test_en->__tpi_cp_46_N7588 /0 undetected,input_edge,test_en,__tpi_cp_46_N7588,__tpi_cp_46_N7588,0,undetected,__tpi_cp_46_N7588,__tpi_cp_46_N7588,__tpi_cp_46_N7588,sa0,1
1274,__tpi_cp_46_N7588 /0 undetected,output,,__tpi_cp_46_N7588,__tpi_cp_46_N7588,0,undetected,__tpi_cp_46_N7588,__tpi_cp_46_N7588,__tpi_cp_46_N7588,sa0,1
1275,N7588 /0 undetected,output,,N7588,N7588,0,undetected,N7588,N7588,N7588,sa0,1
1276,N5603 /1 undetected,output,,N5603,N5603,1,undetected,N5603,N5603,N5603,sa1,1
1277,N8781 /1 undetected,output,,N8781,N8781,1,undetected,N8781,N8781,N8781,sa1,1
1278,N8781 /0 undetected,output,,N8781,N8781,0,undetected,N8781,N8781,N8781,sa0,1
1279,N8599 /0 undetected,output,,N8599,N8599,0,undetected,N8599,N8599,N8599,sa0,1
1280,N8231 /0 undetected,output,,N8231,N8231,0,undetected,N8231,N8231,N8231,sa0,1
1281,test_en->__tpi_cp_33_N7880 /0 undetected,input_edge,test_en,__tpi_cp_33_N7880,__tpi_cp_33_N7880,0,undetected,__tpi_cp_33_N7880,__tpi_cp_33_N7880,__tpi_cp_33_N7880,sa0,1
1282,__tpi_cp_33_N7880 /0 undetected,output,,__tpi_cp_33_N7880,__tpi_cp_33_N7880,0,undetected,__tpi_cp_33_N7880,__tpi_cp_33_N7880,__tpi_cp_33_N7880,sa0,1
1283,N7880 /0 undetected,output,,N7880,N7880,0,undetected,N7880,N7880,N7880,sa0,1
1284,N25789 /1 undetected,output,,N25789,N25789,1,undetected,N25789,N25789,N25789,sa1,1
1285,N6985 /1 undetected,output,,N6985,N6985,1,undetected,N6985,N6985,N6985,sa1,1
1286,N26045 /1 undetected,output,,N26045,N26045,1,undetected,N26045,N26045,N26045,sa1,1
1287,N6705 /0 undetected,output,,N6705,N6705,0,undetected,N6705,N6705,N6705,sa0,1
1288,N8711 /1 undetected,output,,N8711,N8711,1,undetected,N8711,N8711,N8711,sa1,1
1289,N8711 /0 undetected,output,,N8711,N8711,0,undetected,N8711,N8711,N8711,sa0,1
1290,N27816 /1 undetected,output,,N27816,N27816,1,undetected,N27816,N27816,N27816,sa1,1
1291,N18605 /1 undetected,output,,N18605,N18605,1,undetected,N18605,N18605,N18605,sa1,1
1292,N8526 /1 undetected,output,,N8526,N8526,1,undetected,N8526,N8526,N8526,sa1,1
1293,N18602 /1 undetected,output,,N18602,N18602,1,undetected,N18602,N18602,N18602,sa1,1
1294,N8161 /1 undetected,output,,N8161,N8161,1,undetected,N8161,N8161,N8161,sa1,1
1295,N16968 /1 undetected,output,,N16968,N16968,1,undetected,N16968,N16968,N16968,sa1,1
1296,N27289 /1 undetected,output,,N27289,N27289,1,undetected,N27289,N27289,N27289,sa1,1
1297,N8044 /1 undetected,output,,N8044,N8044,1,undetected,N8044,N8044,N8044,sa1,1
1298,N7987 /1 undetected,output,,N7987,N7987,1,undetected,N7987,N7987,N7987,sa1,1
1299,__tpi_not_test_en->__tpi_cp_80_N7852 /1 undetected,input_edge,__tpi_not_test_en,__tpi_cp_80_N7852,__tpi_cp_80_N7852,1,undetected,__tpi_cp_80_N7852,__tpi_cp_80_N7852,__tpi_cp_80_N7852,sa1,1
1300,__tpi_cp_80_N7852 /1 undetected,output,,__tpi_cp_80_N7852,__tpi_cp_80_N7852,1,undetected,__tpi_cp_80_N7852,__tpi_cp_80_N7852,__tpi_cp_80_N7852,sa1,1
1301,N7852 /1 undetected,output,,N7852,N7852,1,undetected,N7852,N7852,N7852,sa1,1
1302,N27161 /1 undetected,output,,N27161,N27161,1,undetected,N27161,N27161,N27161,sa1,1
1303,N7472 /1 undetected,output,,N7472,N7472,1,undetected,N7472,N7472,N7472,sa1,1
1304,N26695 /1 undetected,output,,N26695,N26695,1,undetected,N26695,N26695,N26695,sa1,1
1305,N26472 /1 undetected,output,,N26472,N26472,1,undetected,N26472,N26472,N26472,sa1,1
1306,N7725 /1 undetected,output,,N7725,N7725,1,undetected,N7725,N7725,N7725,sa1,1
1307,N7806 /1 undetected,output,,N7806,N7806,1,undetected,N7806,N7806,N7806,sa1,1
1308,N27164 /1 undetected,output,,N27164,N27164,1,undetected,N27164,N27164,N27164,sa1,1
1309,N27160 /1 undetected,output,,N27160,N27160,1,undetected,N27160,N27160,N27160,sa1,1
1310,N25792 /1 undetected,output,,N25792,N25792,1,undetected,N25792,N25792,N25792,sa1,1
1311,N6992 /1 undetected,output,,N6992,N6992,1,undetected,N6992,N6992,N6992,sa1,1
1312,N26047 /1 undetected,output,,N26047,N26047,1,undetected,N26047,N26047,N26047,sa1,1
1313,N25799 /1 undetected,output,,N25799,N25799,1,undetected,N25799,N25799,N25799,sa1,1
1314,N7009 /1 undetected,output,,N7009,N7009,1,undetected,N7009,N7009,N7009,sa1,1
1315,N26054 /1 undetected,output,,N26054,N26054,1,undetected,N26054,N26054,N26054,sa1,1
1316,N8485 /1 undetected,output,,N8485,N8485,1,undetected,N8485,N8485,N8485,sa1,1
1317,N8780 /1 undetected,output,,N8780,N8780,1,undetected,N8780,N8780,N8780,sa1,1
1318,N8780 /0 undetected,output,,N8780,N8780,0,undetected,N8780,N8780,N8780,sa0,1
1319,N8598 /0 undetected,output,,N8598,N8598,0,undetected,N8598,N8598,N8598,sa0,1
1320,N8230 /0 undetected,output,,N8230,N8230,0,undetected,N8230,N8230,N8230,sa0,1
1321,test_en->__tpi_cp_153_N7500 /0 undetected,input_edge,test_en,__tpi_cp_153_N7500,__tpi_cp_153_N7500,0,undetected,__tpi_cp_153_N7500,__tpi_cp_153_N7500,__tpi_cp_153_N7500,sa0,1
1322,N7598 /1 undetected,output,,N7598,N7598,1,undetected,N7598,N7598,N7598,sa1,1
1323,N26910 /1 undetected,output,,N26910,N26910,1,undetected,N26910,N26910,N26910,sa1,1
1324,N7600 /1 undetected,output,,N7600,N7600,1,undetected,N7600,N7600,N7600,sa1,1
1325,N7599 /1 undetected,output,,N7599,N7599,1,undetected,N7599,N7599,N7599,sa1,1
1326,N7878 /0 undetected,output,,N7878,N7878,0,undetected,N7878,N7878,N7878,sa0,1
1327,N8709 /1 undetected,output,,N8709,N8709,1,undetected,N8709,N8709,N8709,sa1,1
1328,N8709 /0 undetected,output,,N8709,N8709,0,undetected,N8709,N8709,N8709,sa0,1
1329,N27814 /1 undetected,output,,N27814,N27814,1,undetected,N27814,N27814,N27814,sa1,1
1330,N18591 /1 undetected,output,,N18591,N18591,1,undetected,N18591,N18591,N18591,sa1,1
1331,N8524 /1 undetected,output,,N8524,N8524,1,undetected,N8524,N8524,N8524,sa1,1
1332,N18588 /1 undetected,output,,N18588,N18588,1,undetected,N18588,N18588,N18588,sa1,1
1333,N8159 /1 undetected,output,,N8159,N8159,1,undetected,N8159,N8159,N8159,sa1,1
1334,N16976 /1 undetected,output,,N16976,N16976,1,undetected,N16976,N16976,N16976,sa1,1
1335,N27037 /1 undetected,output,,N27037,N27037,1,undetected,N27037,N27037,N27037,sa1,1
1336,N8046 /1 undetected,output,,N8046,N8046,1,undetected,N8046,N8046,N8046,sa1,1
1337,N7984 /1 undetected,output,,N7984,N7984,1,undetected,N7984,N7984,N7984,sa1,1
1338,N5581 /1 undetected,output,,N5581,N5581,1,undetected,N5581,N5581,N5581,sa1,1
1339,N23282 /1 undetected,output,,N23282,N23282,1,undetected,N23282,N23282,N23282,sa1,1
1340,N20867 /1 undetected,output,,N20867,N20867,1,undetected,N20867,N20867,N20867,sa1,1
1341,test_en->__tpi_cp_10_N496 /0 undetected,input_edge,test_en,__tpi_cp_10_N496,__tpi_cp_10_N496,0,undetected,__tpi_cp_10_N496,__tpi_cp_10_N496,__tpi_cp_10_N496,sa0,1
1342,N7325 /1 undetected,output,,N7325,N7325,1,undetected,N7325,N7325,N7325,sa1,1
1343,N7271 /1 undetected,output,,N7271,N7271,1,undetected,N7271,N7271,N7271,sa1,1
1344,N26549 /1 undetected,output,,N26549,N26549,1,undetected,N26549,N26549,N26549,sa1,1
1345,__tpi_not_test_en->__tpi_cp_79_N7853 /1 undetected,input_edge,__tpi_not_test_en,__tpi_cp_79_N7853,__tpi_cp_79_N7853,1,undetected,__tpi_cp_79_N7853,__tpi_cp_79_N7853,__tpi_cp_79_N7853,sa1,1
1346,__tpi_cp_79_N7853 /1 undetected,output,,__tpi_cp_79_N7853,__tpi_cp_79_N7853,1,undetected,__tpi_cp_79_N7853,__tpi_cp_79_N7853,__tpi_cp_79_N7853,sa1,1
1347,N7853 /1 undetected,output,,N7853,N7853,1,undetected,N7853,N7853,N7853,sa1,1
1348,N27168 /1 undetected,output,,N27168,N27168,1,undetected,N27168,N27168,N27168,sa1,1
1349,N7875 /0 undetected,output,,N7875,N7875,0,undetected,N7875,N7875,N7875,sa0,1
1350,N22694 /1 undetected,output,,N22694,N22694,1,undetected,N22694,N22694,N22694,sa1,1
1351,N23978 /1 undetected,output,,N23978,N23978,1,undetected,N23978,N23978,N23978,sa1,1
1352,N8779 /1 undetected,output,,N8779,N8779,1,undetected,N8779,N8779,N8779,sa1,1
1353,N8779 /0 undetected,output,,N8779,N8779,0,undetected,N8779,N8779,N8779,sa0,1
1354,N8597 /0 undetected,output,,N8597,N8597,0,undetected,N8597,N8597,N8597,sa0,1
1355,N8229 /0 undetected,output,,N8229,N8229,0,undetected,N8229,N8229,N8229,sa0,1
1356,N25794 /1 undetected,output,,N25794,N25794,1,undetected,N25794,N25794,N25794,sa1,1
1357,N6998 /1 undetected,output,,N6998,N6998,1,undetected,N6998,N6998,N6998,sa1,1
1358,N26051 /1 undetected,output,,N26051,N26051,1,undetected,N26051,N26051,N26051,sa1,1
1359,N25793 /1 undetected,output,,N25793,N25793,1,undetected,N25793,N25793,N25793,sa1,1
1360,N6995 /1 undetected,output,,N6995,N6995,1,undetected,N6995,N6995,N6995,sa1,1
1361,N26049 /1 undetected,output,,N26049,N26049,1,undetected,N26049,N26049,N26049,sa1,1
1362,N8707 /1 undetected,output,,N8707,N8707,1,undetected,N8707,N8707,N8707,sa1,1
1363,N8707 /0 undetected,output,,N8707,N8707,0,undetected,N8707,N8707,N8707,sa0,1
1364,N27812 /1 undetected,output,,N27812,N27812,1,undetected,N27812,N27812,N27812,sa1,1
1365,N18577 /1 undetected,output,,N18577,N18577,1,undetected,N18577,N18577,N18577,sa1,1
1366,N8522 /1 undetected,output,,N8522,N8522,1,undetected,N8522,N8522,N8522,sa1,1
1367,N18574 /1 undetected,output,,N18574,N18574,1,undetected,N18574,N18574,N18574,sa1,1
1368,N8157 /1 undetected,output,,N8157,N8157,1,undetected,N8157,N8157,N8157,sa1,1
1369,N7327 /1 undetected,output,,N7327,N7327,1,undetected,N7327,N7327,N7327,sa1,1
1370,N7226 /1 undetected,output,,N7226,N7226,1,undetected,N7226,N7226,N7226,sa1,1
1371,N26446 /1 undetected,output,,N26446,N26446,1,undetected,N26446,N26446,N26446,sa1,1
1372,N7876 /0 undetected,output,,N7876,N7876,0,undetected,N7876,N7876,N7876,sa0,1
1373,N23380 /1 undetected,output,,N23380,N23380,1,undetected,N23380,N23380,N23380,sa1,1
1374,N5902 /1 undetected,output,,N5902,N5902,1,undetected,N5902,N5902,N5902,sa1,1
1375,N18220 /1 undetected,output,,N18220,N18220,1,undetected,N18220,N18220,N18220,sa1,1
1376,N23379 /1 undetected,output,,N23379,N23379,1,undetected,N23379,N23379,N23379,sa1,1
1377,N5900 /1 undetected,output,,N5900,N5900,1,undetected,N5900,N5900,N5900,sa1,1
1378,N18164 /1 undetected,output,,N18164,N18164,1,undetected,N18164,N18164,N18164,sa1,1
1379,N23378 /1 undetected,output,,N23378,N23378,1,undetected,N23378,N23378,N23378,sa1,1
1380,N5898 /1 undetected,output,,N5898,N5898,1,undetected,N5898,N5898,N5898,sa1,1
1381,N5896 /1 undetected,output,,N5896,N5896,1,undetected,N5896,N5896,N5896,sa1,1
1382,N23376 /1 undetected,output,,N23376,N23376,1,undetected,N23376,N23376,N23376,sa1,1
1383,N1607 /0 undetected,output,,N1607,N1607,0,undetected,N1607,N1607,N1607,sa0,1
1384,N27293 /1 undetected,output,,N27293,N27293,1,undetected,N27293,N27293,N27293,sa1,1
1385,N8052 /1 undetected,output,,N8052,N8052,1,undetected,N8052,N8052,N8052,sa1,1
1386,N7975 /1 undetected,output,,N7975,N7975,1,undetected,N7975,N7975,N7975,sa1,1
1387,N7272 /1 undetected,output,,N7272,N7272,1,undetected,N7272,N7272,N7272,sa1,1
1388,N18960 /1 undetected,output,,N18960,N18960,1,undetected,N18960,N18960,N18960,sa1,1
1389,N8778 /1 undetected,output,,N8778,N8778,1,undetected,N8778,N8778,N8778,sa1,1
1390,N8778 /0 undetected,output,,N8778,N8778,0,undetected,N8778,N8778,N8778,sa0,1
1391,N8596 /0 undetected,output,,N8596,N8596,0,undetected,N8596,N8596,N8596,sa0,1
1392,N8228 /0 undetected,output,,N8228,N8228,0,undetected,N8228,N8228,N8228,sa0,1
1393,N7723 /1 undetected,output,,N7723,N7723,1,undetected,N7723,N7723,N7723,sa1,1
1394,N7804 /1 undetected,output,,N7804,N7804,1,undetected,N7804,N7804,N7804,sa1,1
1395,N27178 /1 undetected,output,,N27178,N27178,1,undetected,N27178,N27178,N27178,sa1,1
1396,N27174 /1 undetected,output,,N27174,N27174,1,undetected,N27174,N27174,N27174,sa1,1
1397,N6009 /1 undetected,output,,N6009,N6009,1,undetected,N6009,N6009,N6009,sa1,1
1398,N18735 /1 undetected,output,,N18735,N18735,1,undetected,N18735,N18735,N18735,sa1,1
1399,N8705 /1 undetected,output,,N8705,N8705,1,undetected,N8705,N8705,N8705,sa1,1
1400,N8705 /0 undetected,output,,N8705,N8705,0,undetected,N8705,N8705,N8705,sa0,1
1401,N27810 /1 undetected,output,,N27810,N27810,1,undetected,N27810,N27810,N27810,sa1,1
1402,N18564 /1 undetected,output,,N18564,N18564,1,undetected,N18564,N18564,N18564,sa1,1
1403,N8520 /1 undetected,output,,N8520,N8520,1,undetected,N8520,N8520,N8520,sa1,1
1404,N18561 /1 undetected,output,,N18561,N18561,1,undetected,N18561,N18561,N18561,sa1,1
1405,N8155 /1 undetected,output,,N8155,N8155,1,undetected,N8155,N8155,N8155,sa1,1
1406,N16992 /1 undetected,output,,N16992,N16992,1,undetected,N16992,N16992,N16992,sa1,1
1407,N7308 /0 undetected,output,,N7308,N7308,0,undetected,N7308,N7308,N7308,sa0,1
1408,N7331 /1 undetected,output,,N7331,N7331,1,undetected,N7331,N7331,N7331,sa1,1
1409,N7224 /1 undetected,output,,N7224,N7224,1,undetected,N7224,N7224,N7224,sa1,1
1410,N26444 /1 undetected,output,,N26444,N26444,1,undetected,N26444,N26444,N26444,sa1,1
1411,N7874 /0 undetected,output,,N7874,N7874,0,undetected,N7874,N7874,N7874,sa0,1
1412,N7225 /1 undetected,output,,N7225,N7225,1,undetected,N7225,N7225,N7225,sa1,1
1413,N18954 /1 undetected,output,,N18954,N18954,1,undetected,N18954,N18954,N18954,sa1,1
1414,N6038 /0 undetected,output,,N6038,N6038,0,undetected,N6038,N6038,N6038,sa0,1
1415,N8777 /1 undetected,output,,N8777,N8777,1,undetected,N8777,N8777,N8777,sa1,1
1416,N8777 /0 undetected,output,,N8777,N8777,0,undetected,N8777,N8777,N8777,sa0,1
1417,N8595 /0 undetected,output,,N8595,N8595,0,undetected,N8595,N8595,N8595,sa0,1
1418,N8227 /0 undetected,output,,N8227,N8227,0,undetected,N8227,N8227,N8227,sa0,1
1419,N23061 /1 undetected,output,,N23061,N23061,1,undetected,N23061,N23061,N23061,sa1,1
1420,__tpi_not_test_en->__tpi_cp_131_N7855 /1 undetected,input_edge,__tpi_not_test_en,__tpi_cp_131_N7855,__tpi_cp_131_N7855,1,undetected,__tpi_cp_131_N7855,__tpi_cp_131_N7855,__tpi_cp_131_N7855,sa1,1
1421,__tpi_cp_131_N7855 /1 undetected,output,,__tpi_cp_131_N7855,__tpi_cp_131_N7855,1,undetected,__tpi_cp_131_N7855,__tpi_cp_131_N7855,__tpi_cp_131_N7855,sa1,1
1422,N7855 /1 undetected,output,,N7855,N7855,1,undetected,N7855,N7855,N7855,sa1,1
1423,N27182 /1 undetected,output,,N27182,N27182,1,undetected,N27182,N27182,N27182,sa1,1
1424,N5959 /1 undetected,output,,N5959,N5959,1,undetected,N5959,N5959,N5959,sa1,1
1425,N18720 /1 undetected,output,,N18720,N18720,1,undetected,N18720,N18720,N18720,sa1,1
1426,N8703 /1 undetected,output,,N8703,N8703,1,undetected,N8703,N8703,N8703,sa1,1
1427,N8703 /0 undetected,output,,N8703,N8703,0,undetected,N8703,N8703,N8703,sa0,1
1428,N27808 /1 undetected,output,,N27808,N27808,1,undetected,N27808,N27808,N27808,sa1,1
1429,N18550 /1 undetected,output,,N18550,N18550,1,undetected,N18550,N18550,N18550,sa1,1
1430,N8518 /1 undetected,output,,N8518,N8518,1,undetected,N8518,N8518,N8518,sa1,1
1431,N18547 /1 undetected,output,,N18547,N18547,1,undetected,N18547,N18547,N18547,sa1,1
1432,N8153 /1 undetected,output,,N8153,N8153,1,undetected,N8153,N8153,N8153,sa1,1
1433,N17000 /1 undetected,output,,N17000,N17000,1,undetected,N17000,N17000,N17000,sa1,1
1434,N7307 /0 undetected,output,,N7307,N7307,0,undetected,N7307,N7307,N7307,sa0,1
1435,N7333 /1 undetected,output,,N7333,N7333,1,undetected,N7333,N7333,N7333,sa1,1
1436,N7222 /1 undetected,output,,N7222,N7222,1,undetected,N7222,N7222,N7222,sa1,1
1437,N26442 /1 undetected,output,,N26442,N26442,1,undetected,N26442,N26442,N26442,sa1,1
1438,N7223 /1 undetected,output,,N7223,N7223,1,undetected,N7223,N7223,N7223,sa1,1
1439,N18948 /1 undetected,output,,N18948,N18948,1,undetected,N18948,N18948,N18948,sa1,1
1440,N6033 /0 undetected,output,,N6033,N6033,0,undetected,N6033,N6033,N6033,sa0,1
1441,N7872 /0 undetected,output,,N7872,N7872,0,undetected,N7872,N7872,N7872,sa0,1
1442,N8776 /1 undetected,output,,N8776,N8776,1,undetected,N8776,N8776,N8776,sa1,1
1443,N8776 /0 undetected,output,,N8776,N8776,0,undetected,N8776,N8776,N8776,sa0,1
1444,N8594 /0 undetected,output,,N8594,N8594,0,undetected,N8594,N8594,N8594,sa0,1
1445,N8226 /0 undetected,output,,N8226,N8226,0,undetected,N8226,N8226,N8226,sa0,1
1446,N27031 /1 undetected,output,,N27031,N27031,1,undetected,N27031,N27031,N27031,sa1,1
1447,N7925 /1 undetected,output,,N7925,N7925,1,undetected,N7925,N7925,N7925,sa1,1
1448,N7895 /1 undetected,output,,N7895,N7895,1,undetected,N7895,N7895,N7895,sa1,1
1449,N6011 /1 undetected,output,,N6011,N6011,1,undetected,N6011,N6011,N6011,sa1,1
1450,N18692 /1 undetected,output,,N18692,N18692,1,undetected,N18692,N18692,N18692,sa1,1
1451,N5958 /1 undetected,output,,N5958,N5958,1,undetected,N5958,N5958,N5958,sa1,1
1452,N6004 /1 undetected,output,,N6004,N6004,1,undetected,N6004,N6004,N6004,sa1,1
1453,N18705 /1 undetected,output,,N18705,N18705,1,undetected,N18705,N18705,N18705,sa1,1
1454,N18691 /1 undetected,output,,N18691,N18691,1,undetected,N18691,N18691,N18691,sa1,1
1455,N7820 /1 undetected,output,,N7820,N7820,1,undetected,N7820,N7820,N7820,sa1,1
1456,N27068 /1 undetected,output,,N27068,N27068,1,undetected,N27068,N27068,N27068,sa1,1
1457,N8701 /1 undetected,output,,N8701,N8701,1,undetected,N8701,N8701,N8701,sa1,1
1458,N8701 /0 undetected,output,,N8701,N8701,0,undetected,N8701,N8701,N8701,sa0,1
1459,N27806 /1 undetected,output,,N27806,N27806,1,undetected,N27806,N27806,N27806,sa1,1
1460,N18537 /1 undetected,output,,N18537,N18537,1,undetected,N18537,N18537,N18537,sa1,1
1461,N8516 /1 undetected,output,,N8516,N8516,1,undetected,N8516,N8516,N8516,sa1,1
1462,N18534 /1 undetected,output,,N18534,N18534,1,undetected,N18534,N18534,N18534,sa1,1
1463,N8151 /1 undetected,output,,N8151,N8151,1,undetected,N8151,N8151,N8151,sa1,1
1464,N19383 /1 undetected,output,,N19383,N19383,1,undetected,N19383,N19383,N19383,sa1,1
1465,N7306 /0 undetected,output,,N7306,N7306,0,undetected,N7306,N7306,N7306,sa0,1
1466,N7335 /1 undetected,output,,N7335,N7335,1,undetected,N7335,N7335,N7335,sa1,1
1467,N7220 /1 undetected,output,,N7220,N7220,1,undetected,N7220,N7220,N7220,sa1,1
1468,N26440 /1 undetected,output,,N26440,N26440,1,undetected,N26440,N26440,N26440,sa1,1
1469,N7424 /0 undetected,output,,N7424,N7424,0,undetected,N7424,N7424,N7424,sa0,1
1470,N22186 /1 undetected,output,,N22186,N22186,1,undetected,N22186,N22186,N22186,sa1,1
1471,N17238 /1 undetected,output,,N17238,N17238,1,undetected,N17238,N17238,N17238,sa1,1
1472,N27347 /1 undetected,output,,N27347,N27347,1,undetected,N27347,N27347,N27347,sa1,1
1473,N8098 /1 undetected,output,,N8098,N8098,1,undetected,N8098,N8098,N8098,sa1,1
1474,N7221 /1 undetected,output,,N7221,N7221,1,undetected,N7221,N7221,N7221,sa1,1
1475,N18942 /1 undetected,output,,N18942,N18942,1,undetected,N18942,N18942,N18942,sa1,1
1476,N6032 /0 undetected,output,,N6032,N6032,0,undetected,N6032,N6032,N6032,sa0,1
1477,N8775 /1 undetected,output,,N8775,N8775,1,undetected,N8775,N8775,N8775,sa1,1
1478,N8775 /0 undetected,output,,N8775,N8775,0,undetected,N8775,N8775,N8775,sa0,1
1479,N8593 /0 undetected,output,,N8593,N8593,0,undetected,N8593,N8593,N8593,sa0,1
1480,N8225 /0 undetected,output,,N8225,N8225,0,undetected,N8225,N8225,N8225,sa0,1
1481,N7870 /0 undetected,output,,N7870,N7870,0,undetected,N7870,N7870,N7870,sa0,1
1482,N6012 /1 undetected,output,,N6012,N6012,1,undetected,N6012,N6012,N6012,sa1,1
1483,N18665 /1 undetected,output,,N18665,N18665,1,undetected,N18665,N18665,N18665,sa1,1
1484,N5956 /1 undetected,output,,N5956,N5956,1,undetected,N5956,N5956,N5956,sa1,1
1485,N6003 /1 undetected,output,,N6003,N6003,1,undetected,N6003,N6003,N6003,sa1,1
1486,N18678 /1 undetected,output,,N18678,N18678,1,undetected,N18678,N18678,N18678,sa1,1
1487,N18664 /1 undetected,output,,N18664,N18664,1,undetected,N18664,N18664,N18664,sa1,1
1488,N7370 /0 undetected,output,,N7370,N7370,0,undetected,N7370,N7370,N7370,sa0,1
1489,N22228 /1 undetected,output,,N22228,N22228,1,undetected,N22228,N22228,N22228,sa1,1
1490,N8699 /1 undetected,output,,N8699,N8699,1,undetected,N8699,N8699,N8699,sa1,1
1491,N8699 /0 undetected,output,,N8699,N8699,0,undetected,N8699,N8699,N8699,sa0,1
1492,N27804 /1 undetected,output,,N27804,N27804,1,undetected,N27804,N27804,N27804,sa1,1
1493,N18523 /1 undetected,output,,N18523,N18523,1,undetected,N18523,N18523,N18523,sa1,1
1494,N8514 /1 undetected,output,,N8514,N8514,1,undetected,N8514,N8514,N8514,sa1,1
1495,N18520 /1 undetected,output,,N18520,N18520,1,undetected,N18520,N18520,N18520,sa1,1
1496,N8149 /1 undetected,output,,N8149,N8149,1,undetected,N8149,N8149,N8149,sa1,1
1497,N19375 /1 undetected,output,,N19375,N19375,1,undetected,N19375,N19375,N19375,sa1,1
1498,N7305 /0 undetected,output,,N7305,N7305,0,undetected,N7305,N7305,N7305,sa0,1
1499,N7337 /1 undetected,output,,N7337,N7337,1,undetected,N7337,N7337,N7337,sa1,1
1500,N7218 /1 undetected,output,,N7218,N7218,1,undetected,N7218,N7218,N7218,sa1,1
1501,N26438 /1 undetected,output,,N26438,N26438,1,undetected,N26438,N26438,N26438,sa1,1
1502,N7339 /1 undetected,output,,N7339,N7339,1,undetected,N7339,N7339,N7339,sa1,1
1503,N7215 /1 undetected,output,,N7215,N7215,1,undetected,N7215,N7215,N7215,sa1,1
1504,N26551 /1 undetected,output,,N26551,N26551,1,undetected,N26551,N26551,N26551,sa1,1
1505,N7720 /1 undetected,output,,N7720,N7720,1,undetected,N7720,N7720,N7720,sa1,1
1506,N7801 /1 undetected,output,,N7801,N7801,1,undetected,N7801,N7801,N7801,sa1,1
1507,N27075 /1 undetected,output,,N27075,N27075,1,undetected,N27075,N27075,N27075,sa1,1
1508,N27071 /1 undetected,output,,N27071,N27071,1,undetected,N27071,N27071,N27071,sa1,1
1509,N7219 /1 undetected,output,,N7219,N7219,1,undetected,N7219,N7219,N7219,sa1,1
1510,N18936 /1 undetected,output,,N18936,N18936,1,undetected,N18936,N18936,N18936,sa1,1
1511,N6026 /0 undetected,output,,N6026,N6026,0,undetected,N6026,N6026,N6026,sa0,1
1512,N25114 /1 undetected,output,,N25114,N25114,1,undetected,N25114,N25114,N25114,sa1,1
1513,N3644 /1 undetected,output,,N3644,N3644,1,undetected,N3644,N3644,N3644,sa1,1
1514,N22580 /1 undetected,output,,N22580,N22580,1,undetected,N22580,N22580,N22580,sa1,1
1515,N8774 /1 undetected,output,,N8774,N8774,1,undetected,N8774,N8774,N8774,sa1,1
1516,N8774 /0 undetected,output,,N8774,N8774,0,undetected,N8774,N8774,N8774,sa0,1
1517,N8592 /0 undetected,output,,N8592,N8592,0,undetected,N8592,N8592,N8592,sa0,1
1518,N8224 /0 undetected,output,,N8224,N8224,0,undetected,N8224,N8224,N8224,sa0,1
1519,N7408 /1 undetected,output,,N7408,N7408,1,undetected,N7408,N7408,N7408,sa1,1
1520,N22217 /1 undetected,output,,N22217,N22217,1,undetected,N22217,N22217,N22217,sa1,1
1521,N6013 /1 undetected,output,,N6013,N6013,1,undetected,N6013,N6013,N6013,sa1,1
1522,N18638 /1 undetected,output,,N18638,N18638,1,undetected,N18638,N18638,N18638,sa1,1
1523,N5953 /1 undetected,output,,N5953,N5953,1,undetected,N5953,N5953,N5953,sa1,1
1524,N6002 /1 undetected,output,,N6002,N6002,1,undetected,N6002,N6002,N6002,sa1,1
1525,N18651 /1 undetected,output,,N18651,N18651,1,undetected,N18651,N18651,N18651,sa1,1
1526,N18637 /1 undetected,output,,N18637,N18637,1,undetected,N18637,N18637,N18637,sa1,1
1527,N8697 /1 undetected,output,,N8697,N8697,1,undetected,N8697,N8697,N8697,sa1,1
1528,N8697 /0 undetected,output,,N8697,N8697,0,undetected,N8697,N8697,N8697,sa0,1
1529,N27802 /1 undetected,output,,N27802,N27802,1,undetected,N27802,N27802,N27802,sa1,1
1530,N18510 /1 undetected,output,,N18510,N18510,1,undetected,N18510,N18510,N18510,sa1,1
1531,N8512 /1 undetected,output,,N8512,N8512,1,undetected,N8512,N8512,N8512,sa1,1
1532,N18507 /1 undetected,output,,N18507,N18507,1,undetected,N18507,N18507,N18507,sa1,1
1533,N8147 /1 undetected,output,,N8147,N8147,1,undetected,N8147,N8147,N8147,sa1,1
1534,N19367 /1 undetected,output,,N19367,N19367,1,undetected,N19367,N19367,N19367,sa1,1
1535,N8096 /1 undetected,output,,N8096,N8096,1,undetected,N8096,N8096,N8096,sa1,1
1536,N8081 /1 undetected,output,,N8081,N8081,1,undetected,N8081,N8081,N8081,sa1,1
1537,N8094 /1 undetected,output,,N8094,N8094,1,undetected,N8094,N8094,N8094,sa1,1
1538,N7304 /0 undetected,output,,N7304,N7304,0,undetected,N7304,N7304,N7304,sa0,1
1539,N7341 /1 undetected,output,,N7341,N7341,1,undetected,N7341,N7341,N7341,sa1,1
1540,N7216 /1 undetected,output,,N7216,N7216,1,undetected,N7216,N7216,N7216,sa1,1
1541,N26436 /1 undetected,output,,N26436,N26436,1,undetected,N26436,N26436,N26436,sa1,1
1542,__tpi_cp_12_N1437 /1 undetected,output,,__tpi_cp_12_N1437,__tpi_cp_12_N1437,1,undetected,__tpi_cp_12_N1437,__tpi_cp_12_N1437,__tpi_cp_12_N1437,sa1,1
1543,N7343 /1 undetected,output,,N7343,N7343,1,undetected,N7343,N7343,N7343,sa1,1
1544,N7212 /1 undetected,output,,N7212,N7212,1,undetected,N7212,N7212,N7212,sa1,1
1545,N26553 /1 undetected,output,,N26553,N26553,1,undetected,N26553,N26553,N26553,sa1,1
1546,N7273 /1 undetected,output,,N7273,N7273,1,undetected,N7273,N7273,N7273,sa1,1
1547,N18924 /1 undetected,output,,N18924,N18924,1,undetected,N18924,N18924,N18924,sa1,1
1548,N7217 /1 undetected,output,,N7217,N7217,1,undetected,N7217,N7217,N7217,sa1,1
1549,N7266 /1 undetected,output,,N7266,N7266,1,undetected,N7266,N7266,N7266,sa1,1
1550,N18930 /1 undetected,output,,N18930,N18930,1,undetected,N18930,N18930,N18930,sa1,1
1551,N18923 /1 undetected,output,,N18923,N18923,1,undetected,N18923,N18923,N18923,sa1,1
1552,N6025 /0 undetected,output,,N6025,N6025,0,undetected,N6025,N6025,N6025,sa0,1
1553,N8773 /1 undetected,output,,N8773,N8773,1,undetected,N8773,N8773,N8773,sa1,1
1554,N8773 /0 undetected,output,,N8773,N8773,0,undetected,N8773,N8773,N8773,sa0,1
1555,N8591 /0 undetected,output,,N8591,N8591,0,undetected,N8591,N8591,N8591,sa0,1
1556,N8223 /0 undetected,output,,N8223,N8223,0,undetected,N8223,N8223,N8223,sa0,1
1557,N6014 /1 undetected,output,,N6014,N6014,1,undetected,N6014,N6014,N6014,sa1,1
1558,N18611 /1 undetected,output,,N18611,N18611,1,undetected,N18611,N18611,N18611,sa1,1
1559,N5950 /1 undetected,output,,N5950,N5950,1,undetected,N5950,N5950,N5950,sa1,1
1560,N6001 /1 undetected,output,,N6001,N6001,1,undetected,N6001,N6001,N6001,sa1,1
1561,N18624 /1 undetected,output,,N18624,N18624,1,undetected,N18624,N18624,N18624,sa1,1
1562,N18610 /1 undetected,output,,N18610,N18610,1,undetected,N18610,N18610,N18610,sa1,1
1563,N8695 /1 undetected,output,,N8695,N8695,1,undetected,N8695,N8695,N8695,sa1,1
1564,N8695 /0 undetected,output,,N8695,N8695,0,undetected,N8695,N8695,N8695,sa0,1
1565,N27800 /1 undetected,output,,N27800,N27800,1,undetected,N27800,N27800,N27800,sa1,1
1566,N18496 /1 undetected,output,,N18496,N18496,1,undetected,N18496,N18496,N18496,sa1,1
1567,N8510 /1 undetected,output,,N8510,N8510,1,undetected,N8510,N8510,N8510,sa1,1
1568,N18493 /1 undetected,output,,N18493,N18493,1,undetected,N18493,N18493,N18493,sa1,1
1569,N8145 /1 undetected,output,,N8145,N8145,1,undetected,N8145,N8145,N8145,sa1,1
1570,N19359 /1 undetected,output,,N19359,N19359,1,undetected,N19359,N19359,N19359,sa1,1
1571,N7302 /0 undetected,output,,N7302,N7302,0,undetected,N7302,N7302,N7302,sa0,1
1572,N7345 /1 undetected,output,,N7345,N7345,1,undetected,N7345,N7345,N7345,sa1,1
1573,N7213 /1 undetected,output,,N7213,N7213,1,undetected,N7213,N7213,N7213,sa1,1
1574,N26434 /1 undetected,output,,N26434,N26434,1,undetected,N26434,N26434,N26434,sa1,1
1575,N7347 /1 undetected,output,,N7347,N7347,1,undetected,N7347,N7347,N7347,sa1,1
1576,N7209 /1 undetected,output,,N7209,N7209,1,undetected,N7209,N7209,N7209,sa1,1
1577,N26555 /1 undetected,output,,N26555,N26555,1,undetected,N26555,N26555,N26555,sa1,1
1578,N7274 /1 undetected,output,,N7274,N7274,1,undetected,N7274,N7274,N7274,sa1,1
1579,N18911 /1 undetected,output,,N18911,N18911,1,undetected,N18911,N18911,N18911,sa1,1
1580,N7214 /1 undetected,output,,N7214,N7214,1,undetected,N7214,N7214,N7214,sa1,1
1581,N7265 /1 undetected,output,,N7265,N7265,1,undetected,N7265,N7265,N7265,sa1,1
1582,N18917 /1 undetected,output,,N18917,N18917,1,undetected,N18917,N18917,N18917,sa1,1
1583,N18910 /1 undetected,output,,N18910,N18910,1,undetected,N18910,N18910,N18910,sa1,1
1584,N6031 /0 undetected,output,,N6031,N6031,0,undetected,N6031,N6031,N6031,sa0,1
1585,N8772 /0 undetected,output,,N8772,N8772,0,undetected,N8772,N8772,N8772,sa0,1
1586,N8222 /0 undetected,output,,N8222,N8222,0,undetected,N8222,N8222,N8222,sa0,1
1587,N23974 /1 undetected,output,,N23974,N23974,1,undetected,N23974,N23974,N23974,sa1,1
1588,N8466 /1 undetected,output,,N8466,N8466,1,undetected,N8466,N8466,N8466,sa1,1
1589,N22422 /1 undetected,output,,N22422,N22422,1,undetected,N22422,N22422,N22422,sa1,1
1590,N25813 /1 undetected,output,,N25813,N25813,1,undetected,N25813,N25813,N25813,sa1,1
1591,N7058 /1 undetected,output,,N7058,N7058,1,undetected,N7058,N7058,N7058,sa1,1
1592,N26080 /1 undetected,output,,N26080,N26080,1,undetected,N26080,N26080,N26080,sa1,1
1593,N6015 /1 undetected,output,,N6015,N6015,1,undetected,N6015,N6015,N6015,sa1,1
1594,N18583 /1 undetected,output,,N18583,N18583,1,undetected,N18583,N18583,N18583,sa1,1
1595,N5946 /1 undetected,output,,N5946,N5946,1,undetected,N5946,N5946,N5946,sa1,1
1596,N6000 /1 undetected,output,,N6000,N6000,1,undetected,N6000,N6000,N6000,sa1,1
1597,N18596 /1 undetected,output,,N18596,N18596,1,undetected,N18596,N18596,N18596,sa1,1
1598,N18582 /1 undetected,output,,N18582,N18582,1,undetected,N18582,N18582,N18582,sa1,1
1599,N8693 /1 undetected,output,,N8693,N8693,1,undetected,N8693,N8693,N8693,sa1,1
1600,N27798 /1 undetected,output,,N27798,N27798,1,undetected,N27798,N27798,N27798,sa1,1
1601,N18483 /1 undetected,output,,N18483,N18483,1,undetected,N18483,N18483,N18483,sa1,1
1602,N8143 /1 undetected,output,,N8143,N8143,1,undetected,N8143,N8143,N8143,sa1,1
1603,N19351 /1 undetected,output,,N19351,N19351,1,undetected,N19351,N19351,N19351,sa1,1
1604,N7300 /0 undetected,output,,N7300,N7300,0,undetected,N7300,N7300,N7300,sa0,1
1605,N7349 /1 undetected,output,,N7349,N7349,1,undetected,N7349,N7349,N7349,sa1,1
1606,N7210 /1 undetected,output,,N7210,N7210,1,undetected,N7210,N7210,N7210,sa1,1
1607,N26432 /1 undetected,output,,N26432,N26432,1,undetected,N26432,N26432,N26432,sa1,1
1608,N24848 /1 undetected,output,,N24848,N24848,1,undetected,N24848,N24848,N24848,sa1,1
1609,N7351 /1 undetected,output,,N7351,N7351,1,undetected,N7351,N7351,N7351,sa1,1
1610,N7206 /1 undetected,output,,N7206,N7206,1,undetected,N7206,N7206,N7206,sa1,1
1611,N26557 /1 undetected,output,,N26557,N26557,1,undetected,N26557,N26557,N26557,sa1,1
1612,N7275 /1 undetected,output,,N7275,N7275,1,undetected,N7275,N7275,N7275,sa1,1
1613,N18898 /1 undetected,output,,N18898,N18898,1,undetected,N18898,N18898,N18898,sa1,1
1614,N7211 /1 undetected,output,,N7211,N7211,1,undetected,N7211,N7211,N7211,sa1,1
1615,N7264 /1 undetected,output,,N7264,N7264,1,undetected,N7264,N7264,N7264,sa1,1
1616,N18904 /1 undetected,output,,N18904,N18904,1,undetected,N18904,N18904,N18904,sa1,1
1617,N18897 /1 undetected,output,,N18897,N18897,1,undetected,N18897,N18897,N18897,sa1,1
1618,N6024 /0 undetected,output,,N6024,N6024,0,undetected,N6024,N6024,N6024,sa0,1
1619,N8771 /1 undetected,output,,N8771,N8771,1,undetected,N8771,N8771,N8771,sa1,1
1620,N8771 /0 undetected,output,,N8771,N8771,0,undetected,N8771,N8771,N8771,sa0,1
1621,N8221 /0 undetected,output,,N8221,N8221,0,undetected,N8221,N8221,N8221,sa0,1
1622,N6016 /1 undetected,output,,N6016,N6016,1,undetected,N6016,N6016,N6016,sa1,1
1623,N18556 /1 undetected,output,,N18556,N18556,1,undetected,N18556,N18556,N18556,sa1,1
1624,N5944 /1 undetected,output,,N5944,N5944,1,undetected,N5944,N5944,N5944,sa1,1
1625,N5999 /1 undetected,output,,N5999,N5999,1,undetected,N5999,N5999,N5999,sa1,1
1626,N18569 /1 undetected,output,,N18569,N18569,1,undetected,N18569,N18569,N18569,sa1,1
1627,N18555 /1 undetected,output,,N18555,N18555,1,undetected,N18555,N18555,N18555,sa1,1
1628,N24616 /1 undetected,output,,N24616,N24616,1,undetected,N24616,N24616,N24616,sa1,1
1629,N23958 /1 undetected,output,,N23958,N23958,1,undetected,N23958,N23958,N23958,sa1,1
1630,N8691 /1 undetected,output,,N8691,N8691,1,undetected,N8691,N8691,N8691,sa1,1
1631,N8691 /0 undetected,output,,N8691,N8691,0,undetected,N8691,N8691,N8691,sa0,1
1632,N27796 /1 undetected,output,,N27796,N27796,1,undetected,N27796,N27796,N27796,sa1,1
1633,N18469 /1 undetected,output,,N18469,N18469,1,undetected,N18469,N18469,N18469,sa1,1
1634,N18466 /1 undetected,output,,N18466,N18466,1,undetected,N18466,N18466,N18466,sa1,1
1635,N8141 /1 undetected,output,,N8141,N8141,1,undetected,N8141,N8141,N8141,sa1,1
1636,N19343 /1 undetected,output,,N19343,N19343,1,undetected,N19343,N19343,N19343,sa1,1
1637,N7859 /1 undetected,output,,N7859,N7859,1,undetected,N7859,N7859,N7859,sa1,1
1638,N7298 /0 undetected,output,,N7298,N7298,0,undetected,N7298,N7298,N7298,sa0,1
1639,N7353 /1 undetected,output,,N7353,N7353,1,undetected,N7353,N7353,N7353,sa1,1
1640,N7207 /1 undetected,output,,N7207,N7207,1,undetected,N7207,N7207,N7207,sa1,1
1641,N26430 /1 undetected,output,,N26430,N26430,1,undetected,N26430,N26430,N26430,sa1,1
1642,N7355 /1 undetected,output,,N7355,N7355,1,undetected,N7355,N7355,N7355,sa1,1
1643,N7203 /1 undetected,output,,N7203,N7203,1,undetected,N7203,N7203,N7203,sa1,1
1644,N26559 /1 undetected,output,,N26559,N26559,1,undetected,N26559,N26559,N26559,sa1,1
1645,N7276 /1 undetected,output,,N7276,N7276,1,undetected,N7276,N7276,N7276,sa1,1
1646,N18885 /1 undetected,output,,N18885,N18885,1,undetected,N18885,N18885,N18885,sa1,1
1647,N7208 /1 undetected,output,,N7208,N7208,1,undetected,N7208,N7208,N7208,sa1,1
1648,N7263 /1 undetected,output,,N7263,N7263,1,undetected,N7263,N7263,N7263,sa1,1
1649,N18891 /1 undetected,output,,N18891,N18891,1,undetected,N18891,N18891,N18891,sa1,1
1650,N18884 /1 undetected,output,,N18884,N18884,1,undetected,N18884,N18884,N18884,sa1,1
1651,N6027 /0 undetected,output,,N6027,N6027,0,undetected,N6027,N6027,N6027,sa0,1
1652,test_en->__tpi_cp_106_N7453 /0 undetected,input_edge,test_en,__tpi_cp_106_N7453,__tpi_cp_106_N7453,0,undetected,__tpi_cp_106_N7453,__tpi_cp_106_N7453,__tpi_cp_106_N7453,sa0,1
1653,N26804 /1 undetected,output,,N26804,N26804,1,undetected,N26804,N26804,N26804,sa1,1
1654,N26801 /1 undetected,output,,N26801,N26801,1,undetected,N26801,N26801,N26801,sa1,1
1655,N8770 /0 undetected,output,,N8770,N8770,0,undetected,N8770,N8770,N8770,sa0,1
1656,N8220 /0 undetected,output,,N8220,N8220,0,undetected,N8220,N8220,N8220,sa0,1
1657,N24881 /1 undetected,output,,N24881,N24881,1,undetected,N24881,N24881,N24881,sa1,1
1658,N5495 /1 undetected,output,,N5495,N5495,1,undetected,N5495,N5495,N5495,sa1,1
1659,N19491 /1 undetected,output,,N19491,N19491,1,undetected,N19491,N19491,N19491,sa1,1
1660,N27541 /1 undetected,output,,N27541,N27541,1,undetected,N27541,N27541,N27541,sa1,1
1661,N8426 /1 undetected,output,,N8426,N8426,1,undetected,N8426,N8426,N8426,sa1,1
1662,N24879 /1 undetected,output,,N24879,N24879,1,undetected,N24879,N24879,N24879,sa1,1
1663,N19489 /1 undetected,output,,N19489,N19489,1,undetected,N19489,N19489,N19489,sa1,1
1664,N6017 /1 undetected,output,,N6017,N6017,1,undetected,N6017,N6017,N6017,sa1,1
1665,N18529 /1 undetected,output,,N18529,N18529,1,undetected,N18529,N18529,N18529,sa1,1
1666,N5941 /1 undetected,output,,N5941,N5941,1,undetected,N5941,N5941,N5941,sa1,1
1667,N5998 /1 undetected,output,,N5998,N5998,1,undetected,N5998,N5998,N5998,sa1,1
1668,N18542 /1 undetected,output,,N18542,N18542,1,undetected,N18542,N18542,N18542,sa1,1
1669,N18528 /1 undetected,output,,N18528,N18528,1,undetected,N18528,N18528,N18528,sa1,1
1670,N893 /0 undetected,output,,N893,N893,0,undetected,N893,N893,N893,sa0,1
1671,N5048 /1 undetected,output,,N5048,N5048,1,undetected,N5048,N5048,N5048,sa1,1
1672,N5047 /1 undetected,output,,N5047,N5047,1,undetected,N5047,N5047,N5047,sa1,1
1673,N18456 /1 undetected,output,,N18456,N18456,1,undetected,N18456,N18456,N18456,sa1,1
1674,N8139 /1 undetected,output,,N8139,N8139,1,undetected,N8139,N8139,N8139,sa1,1
1675,N19335 /1 undetected,output,,N19335,N19335,1,undetected,N19335,N19335,N19335,sa1,1
1676,N8000 /1 undetected,output,,N8000,N8000,1,undetected,N8000,N8000,N8000,sa1,1
1677,N27018 /1 undetected,output,,N27018,N27018,1,undetected,N27018,N27018,N27018,sa1,1
1678,N7991 /1 undetected,output,,N7991,N7991,1,undetected,N7991,N7991,N7991,sa1,1
1679,N7842 /1 undetected,output,,N7842,N7842,1,undetected,N7842,N7842,N7842,sa1,1
1680,N27010 /1 undetected,output,,N27010,N27010,1,undetected,N27010,N27010,N27010,sa1,1
1681,N7967 /1 undetected,output,,N7967,N7967,1,undetected,N7967,N7967,N7967,sa1,1
1682,N7834 /1 undetected,output,,N7834,N7834,1,undetected,N7834,N7834,N7834,sa1,1
1683,N27009 /1 undetected,output,,N27009,N27009,1,undetected,N27009,N27009,N27009,sa1,1
1684,N7964 /1 undetected,output,,N7964,N7964,1,undetected,N7964,N7964,N7964,sa1,1
1685,N7833 /1 undetected,output,,N7833,N7833,1,undetected,N7833,N7833,N7833,sa1,1
1686,N27008 /1 undetected,output,,N27008,N27008,1,undetected,N27008,N27008,N27008,sa1,1
1687,N7961 /1 undetected,output,,N7961,N7961,1,undetected,N7961,N7961,N7961,sa1,1
1688,N7832 /1 undetected,output,,N7832,N7832,1,undetected,N7832,N7832,N7832,sa1,1
1689,N27007 /1 undetected,output,,N27007,N27007,1,undetected,N27007,N27007,N27007,sa1,1
1690,N7958 /1 undetected,output,,N7958,N7958,1,undetected,N7958,N7958,N7958,sa1,1
1691,N7831 /1 undetected,output,,N7831,N7831,1,undetected,N7831,N7831,N7831,sa1,1
1692,N7955 /1 undetected,output,,N7955,N7955,1,undetected,N7955,N7955,N7955,sa1,1
1693,N7952 /1 undetected,output,,N7952,N7952,1,undetected,N7952,N7952,N7952,sa1,1
1694,N7949 /1 undetected,output,,N7949,N7949,1,undetected,N7949,N7949,N7949,sa1,1
1695,N27003 /1 undetected,output,,N27003,N27003,1,undetected,N27003,N27003,N27003,sa1,1
1696,N7946 /1 undetected,output,,N7946,N7946,1,undetected,N7946,N7946,N7946,sa1,1
1697,N7827 /1 undetected,output,,N7827,N7827,1,undetected,N7827,N7827,N7827,sa1,1
1698,N27002 /1 undetected,output,,N27002,N27002,1,undetected,N27002,N27002,N27002,sa1,1
1699,N7943 /1 undetected,output,,N7943,N7943,1,undetected,N7943,N7943,N7943,sa1,1
1700,N7826 /1 undetected,output,,N7826,N7826,1,undetected,N7826,N7826,N7826,sa1,1
1701,N27001 /1 undetected,output,,N27001,N27001,1,undetected,N27001,N27001,N27001,sa1,1
1702,N7825 /1 undetected,output,,N7825,N7825,1,undetected,N7825,N7825,N7825,sa1,1
1703,N27000 /1 undetected,output,,N27000,N27000,1,undetected,N27000,N27000,N27000,sa1,1
1704,N7937 /1 undetected,output,,N7937,N7937,1,undetected,N7937,N7937,N7937,sa1,1
1705,N7824 /1 undetected,output,,N7824,N7824,1,undetected,N7824,N7824,N7824,sa1,1
1706,N7997 /1 undetected,output,,N7997,N7997,1,undetected,N7997,N7997,N7997,sa1,1
1707,N27019 /1 undetected,output,,N27019,N27019,1,undetected,N27019,N27019,N27019,sa1,1
1708,N7994 /1 undetected,output,,N7994,N7994,1,undetected,N7994,N7994,N7994,sa1,1
1709,N7843 /1 undetected,output,,N7843,N7843,1,undetected,N7843,N7843,N7843,sa1,1
1710,N7296 /0 undetected,output,,N7296,N7296,0,undetected,N7296,N7296,N7296,sa0,1
1711,N7357 /1 undetected,output,,N7357,N7357,1,undetected,N7357,N7357,N7357,sa1,1
1712,N7204 /1 undetected,output,,N7204,N7204,1,undetected,N7204,N7204,N7204,sa1,1
1713,N26428 /1 undetected,output,,N26428,N26428,1,undetected,N26428,N26428,N26428,sa1,1
1714,N25807 /1 undetected,output,,N25807,N25807,1,undetected,N25807,N25807,N25807,sa1,1
1715,N7042 /1 undetected,output,,N7042,N7042,1,undetected,N7042,N7042,N7042,sa1,1
1716,N26074 /1 undetected,output,,N26074,N26074,1,undetected,N26074,N26074,N26074,sa1,1
1717,N7359 /1 undetected,output,,N7359,N7359,1,undetected,N7359,N7359,N7359,sa1,1
1718,N7200 /1 undetected,output,,N7200,N7200,1,undetected,N7200,N7200,N7200,sa1,1
1719,N26561 /1 undetected,output,,N26561,N26561,1,undetected,N26561,N26561,N26561,sa1,1
1720,N5509 /1 undetected,output,,N5509,N5509,1,undetected,N5509,N5509,N5509,sa1,1
1721,N18216 /1 undetected,output,,N18216,N18216,1,undetected,N18216,N18216,N18216,sa1,1
1722,N23511 /1 undetected,output,,N23511,N23511,1,undetected,N23511,N23511,N23511,sa1,1
1723,N5503 /1 undetected,output,,N5503,N5503,1,undetected,N5503,N5503,N5503,sa1,1
1724,N18113 /1 undetected,output,,N18113,N18113,1,undetected,N18113,N18113,N18113,sa1,1
1725,N7277 /1 undetected,output,,N7277,N7277,1,undetected,N7277,N7277,N7277,sa1,1
1726,N18872 /1 undetected,output,,N18872,N18872,1,undetected,N18872,N18872,N18872,sa1,1
1727,N7205 /1 undetected,output,,N7205,N7205,1,undetected,N7205,N7205,N7205,sa1,1
1728,N7262 /1 undetected,output,,N7262,N7262,1,undetected,N7262,N7262,N7262,sa1,1
1729,N18878 /1 undetected,output,,N18878,N18878,1,undetected,N18878,N18878,N18878,sa1,1
1730,N18871 /1 undetected,output,,N18871,N18871,1,undetected,N18871,N18871,N18871,sa1,1
1731,N6034 /0 undetected,output,,N6034,N6034,0,undetected,N6034,N6034,N6034,sa0,1
1732,N8219 /0 undetected,output,,N8219,N8219,0,undetected,N8219,N8219,N8219,sa0,1
1733,N22646 /1 undetected,output,,N22646,N22646,1,undetected,N22646,N22646,N22646,sa1,1
1734,N23579 /1 undetected,output,,N23579,N23579,1,undetected,N23579,N23579,N23579,sa1,1
1735,N23354 /1 undetected,output,,N23354,N23354,1,undetected,N23354,N23354,N23354,sa1,1
1736,N23192 /1 undetected,output,,N23192,N23192,1,undetected,N23192,N23192,N23192,sa1,1
1737,N6018 /1 undetected,output,,N6018,N6018,1,undetected,N6018,N6018,N6018,sa1,1
1738,N18502 /1 undetected,output,,N18502,N18502,1,undetected,N18502,N18502,N18502,sa1,1
1739,N5937 /1 undetected,output,,N5937,N5937,1,undetected,N5937,N5937,N5937,sa1,1
1740,N5997 /1 undetected,output,,N5997,N5997,1,undetected,N5997,N5997,N5997,sa1,1
1741,N18515 /1 undetected,output,,N18515,N18515,1,undetected,N18515,N18515,N18515,sa1,1
1742,N18501 /1 undetected,output,,N18501,N18501,1,undetected,N18501,N18501,N18501,sa1,1
1743,N17224 /1 undetected,output,,N17224,N17224,1,undetected,N17224,N17224,N17224,sa1,1
1744,N18442 /1 undetected,output,,N18442,N18442,1,undetected,N18442,N18442,N18442,sa1,1
1745,N8138 /1 undetected,output,,N8138,N8138,1,undetected,N8138,N8138,N8138,sa1,1
1746,N7294 /0 undetected,output,,N7294,N7294,0,undetected,N7294,N7294,N7294,sa0,1
1747,N7201 /1 undetected,output,,N7201,N7201,1,undetected,N7201,N7201,N7201,sa1,1
1748,N26426 /1 undetected,output,,N26426,N26426,1,undetected,N26426,N26426,N26426,sa1,1
1749,N23792 /1 undetected,output,,N23792,N23792,1,undetected,N23792,N23792,N23792,sa1,1
1750,N22687 /1 undetected,output,,N22687,N22687,1,undetected,N22687,N22687,N22687,sa1,1
1751,N23867 /1 undetected,output,,N23867,N23867,1,undetected,N23867,N23867,N23867,sa1,1
1752,N7716 /1 undetected,output,,N7716,N7716,1,undetected,N7716,N7716,N7716,sa1,1
1753,N27022 /1 undetected,output,,N27022,N27022,1,undetected,N27022,N27022,N27022,sa1,1
1754,N5506 /1 undetected,output,,N5506,N5506,1,undetected,N5506,N5506,N5506,sa1,1
1755,N18160 /1 undetected,output,,N18160,N18160,1,undetected,N18160,N18160,N18160,sa1,1
1756,N7278 /1 undetected,output,,N7278,N7278,1,undetected,N7278,N7278,N7278,sa1,1
1757,N7202 /1 undetected,output,,N7202,N7202,1,undetected,N7202,N7202,N7202,sa1,1
1758,N18865 /1 undetected,output,,N18865,N18865,1,undetected,N18865,N18865,N18865,sa1,1
1759,N18858 /1 undetected,output,,N18858,N18858,1,undetected,N18858,N18858,N18858,sa1,1
1760,N6029 /0 undetected,output,,N6029,N6029,0,undetected,N6029,N6029,N6029,sa0,1
1761,N24617 /1 undetected,output,,N24617,N24617,1,undetected,N24617,N24617,N24617,sa1,1
1762,N23910 /1 undetected,output,,N23910,N23910,1,undetected,N23910,N23910,N23910,sa1,1
1763,N23892 /1 undetected,output,,N23892,N23892,1,undetected,N23892,N23892,N23892,sa1,1
1764,N23886 /1 undetected,output,,N23886,N23886,1,undetected,N23886,N23886,N23886,sa1,1
1765,N8218 /0 undetected,output,,N8218,N8218,0,undetected,N8218,N8218,N8218,sa0,1
1766,N5499 /1 undetected,output,,N5499,N5499,1,undetected,N5499,N5499,N5499,sa1,1
1767,N18058 /1 undetected,output,,N18058,N18058,1,undetected,N18058,N18058,N18058,sa1,1
1768,N5935 /1 undetected,output,,N5935,N5935,1,undetected,N5935,N5935,N5935,sa1,1
1769,N10264 /1 undetected,output,,N10264,N10264,1,undetected,N10264,N10264,N10264,sa1,1
1770,N10263 /1 undetected,output,,N10263,N10263,1,undetected,N10263,N10263,N10263,sa1,1
1771,N5076 /1 undetected,output,,N5076,N5076,1,undetected,N5076,N5076,N5076,sa1,1
1772,N17967 /1 undetected,output,,N17967,N17967,1,undetected,N17967,N17967,N17967,sa1,1
1773,N5075 /1 undetected,output,,N5075,N5075,1,undetected,N5075,N5075,N5075,sa1,1
1774,N17919 /1 undetected,output,,N17919,N17919,1,undetected,N17919,N17919,N17919,sa1,1
1775,N5074 /1 undetected,output,,N5074,N5074,1,undetected,N5074,N5074,N5074,sa1,1
1776,N17871 /1 undetected,output,,N17871,N17871,1,undetected,N17871,N17871,N17871,sa1,1
1777,N17823 /1 undetected,output,,N17823,N17823,1,undetected,N17823,N17823,N17823,sa1,1
1778,N17583 /1 undetected,output,,N17583,N17583,1,undetected,N17583,N17583,N17583,sa1,1
1779,N5067 /1 undetected,output,,N5067,N5067,1,undetected,N5067,N5067,N5067,sa1,1
1780,N17535 /1 undetected,output,,N17535,N17535,1,undetected,N17535,N17535,N17535,sa1,1
1781,N17487 /1 undetected,output,,N17487,N17487,1,undetected,N17487,N17487,N17487,sa1,1
1782,N5065 /1 undetected,output,,N5065,N5065,1,undetected,N5065,N5065,N5065,sa1,1
1783,N17439 /1 undetected,output,,N17439,N17439,1,undetected,N17439,N17439,N17439,sa1,1
1784,N18429 /1 undetected,output,,N18429,N18429,1,undetected,N18429,N18429,N18429,sa1,1
1785,N8135 /1 undetected,output,,N8135,N8135,1,undetected,N8135,N8135,N8135,sa1,1
1786,N19319 /1 undetected,output,,N19319,N19319,1,undetected,N19319,N19319,N19319,sa1,1
1787,N18845 /1 undetected,output,,N18845,N18845,1,undetected,N18845,N18845,N18845,sa1,1
1788,N3607 /1 undetected,output,,N3607,N3607,1,undetected,N3607,N3607,N3607,sa1,1
1789,N22748 /1 undetected,output,,N22748,N22748,1,undetected,N22748,N22748,N22748,sa1,1
1790,N23963 /1 undetected,output,,N23963,N23963,1,undetected,N23963,N23963,N23963,sa1,1
1791,N18414 /1 undetected,output,,N18414,N18414,1,undetected,N18414,N18414,N18414,sa1,1
1792,N1599 /1 undetected,output,,N1599,N1599,1,undetected,N1599,N1599,N1599,sa1,1
1793,N11318 /1 undetected,output,,N11318,N11318,1,undetected,N11318,N11318,N11318,sa1,1
1794,N11317 /1 undetected,output,,N11317,N11317,1,undetected,N11317,N11317,N11317,sa1,1
1795,N2083->N11387 /1 undetected,input_edge,N2083,N11387,N11387,1,undetected,N11387,N11387,N11387,sa1,1
1796,N23211 /1 undetected,output,,N23211,N23211,1,undetected,N23211,N23211,N23211,sa1,1
1797,N23210 /1 undetected,output,,N23210,N23210,1,undetected,N23210,N23210,N23210,sa1,1
1798,N23209 /1 undetected,output,,N23209,N23209,1,undetected,N23209,N23209,N23209,sa1,1
1799,N2082->N9849 /1 undetected,input_edge,N2082,N9849,N9849,1,undetected,N9849,N9849,N9849,sa1,1
1800,N2078 /1 undetected,output,,N2078,N2078,1,undetected,N2078,N2078,N2078,sa1,1
1801,N2077 /1 undetected,output,,N2077,N2077,1,undetected,N2077,N2077,N2077,sa1,1
1802,N16691 /1 undetected,output,,N16691,N16691,1,undetected,N16691,N16691,N16691,sa1,1
1803,N16690 /1 undetected,output,,N16690,N16690,1,undetected,N16690,N16690,N16690,sa1,1
1804,N16688 /1 undetected,output,,N16688,N16688,1,undetected,N16688,N16688,N16688,sa1,1
1805,N16687 /1 undetected,output,,N16687,N16687,1,undetected,N16687,N16687,N16687,sa1,1
1806,N16685 /1 undetected,output,,N16685,N16685,1,undetected,N16685,N16685,N16685,sa1,1
1807,N16684 /1 undetected,output,,N16684,N16684,1,undetected,N16684,N16684,N16684,sa1,1
1808,N2076 /1 undetected,output,,N2076,N2076,1,undetected,N2076,N2076,N2076,sa1,1
1809,N16682 /1 undetected,output,,N16682,N16682,1,undetected,N16682,N16682,N16682,sa1,1
1810,N16681 /1 undetected,output,,N16681,N16681,1,undetected,N16681,N16681,N16681,sa1,1
1811,N16679 /1 undetected,output,,N16679,N16679,1,undetected,N16679,N16679,N16679,sa1,1
1812,N16678 /1 undetected,output,,N16678,N16678,1,undetected,N16678,N16678,N16678,sa1,1
1813,N16676 /1 undetected,output,,N16676,N16676,1,undetected,N16676,N16676,N16676,sa1,1
1814,N16675 /1 undetected,output,,N16675,N16675,1,undetected,N16675,N16675,N16675,sa1,1
1815,N2075 /1 undetected,output,,N2075,N2075,1,undetected,N2075,N2075,N2075,sa1,1
1816,N2074 /1 undetected,output,,N2074,N2074,1,undetected,N2074,N2074,N2074,sa1,1
1817,N16673 /1 undetected,output,,N16673,N16673,1,undetected,N16673,N16673,N16673,sa1,1
1818,N16672 /1 undetected,output,,N16672,N16672,1,undetected,N16672,N16672,N16672,sa1,1
1819,N16670 /1 undetected,output,,N16670,N16670,1,undetected,N16670,N16670,N16670,sa1,1
1820,N16669 /1 undetected,output,,N16669,N16669,1,undetected,N16669,N16669,N16669,sa1,1
1821,N16667 /1 undetected,output,,N16667,N16667,1,undetected,N16667,N16667,N16667,sa1,1
1822,N16666 /1 undetected,output,,N16666,N16666,1,undetected,N16666,N16666,N16666,sa1,1
1823,N2073 /1 undetected,output,,N2073,N2073,1,undetected,N2073,N2073,N2073,sa1,1
1824,N16664 /1 undetected,output,,N16664,N16664,1,undetected,N16664,N16664,N16664,sa1,1
1825,N16663 /1 undetected,output,,N16663,N16663,1,undetected,N16663,N16663,N16663,sa1,1
1826,N16661 /1 undetected,output,,N16661,N16661,1,undetected,N16661,N16661,N16661,sa1,1
1827,N16660 /1 undetected,output,,N16660,N16660,1,undetected,N16660,N16660,N16660,sa1,1
1828,N16658 /1 undetected,output,,N16658,N16658,1,undetected,N16658,N16658,N16658,sa1,1
1829,N16657 /1 undetected,output,,N16657,N16657,1,undetected,N16657,N16657,N16657,sa1,1
1830,N2072 /1 undetected,output,,N2072,N2072,1,undetected,N2072,N2072,N2072,sa1,1
1831,N2071 /1 undetected,output,,N2071,N2071,1,undetected,N2071,N2071,N2071,sa1,1
1832,N16655 /1 undetected,output,,N16655,N16655,1,undetected,N16655,N16655,N16655,sa1,1
1833,N16654 /1 undetected,output,,N16654,N16654,1,undetected,N16654,N16654,N16654,sa1,1
1834,N16652 /1 undetected,output,,N16652,N16652,1,undetected,N16652,N16652,N16652,sa1,1
1835,N16651 /1 undetected,output,,N16651,N16651,1,undetected,N16651,N16651,N16651,sa1,1
1836,N16649 /1 undetected,output,,N16649,N16649,1,undetected,N16649,N16649,N16649,sa1,1
1837,N16648 /1 undetected,output,,N16648,N16648,1,undetected,N16648,N16648,N16648,sa1,1
1838,N2070 /1 undetected,output,,N2070,N2070,1,undetected,N2070,N2070,N2070,sa1,1
1839,N16646 /1 undetected,output,,N16646,N16646,1,undetected,N16646,N16646,N16646,sa1,1
1840,N16645 /1 undetected,output,,N16645,N16645,1,undetected,N16645,N16645,N16645,sa1,1
1841,N16643 /1 undetected,output,,N16643,N16643,1,undetected,N16643,N16643,N16643,sa1,1
1842,N16642 /1 undetected,output,,N16642,N16642,1,undetected,N16642,N16642,N16642,sa1,1
1843,N16640 /1 undetected,output,,N16640,N16640,1,undetected,N16640,N16640,N16640,sa1,1
1844,N16639 /1 undetected,output,,N16639,N16639,1,undetected,N16639,N16639,N16639,sa1,1
1845,N18323 /1 undetected,output,,N18323,N18323,1,undetected,N18323,N18323,N18323,sa1,1
1846,N8121 /1 undetected,output,,N8121,N8121,1,undetected,N8121,N8121,N8121,sa1,1
1847,N18338 /1 undetected,output,,N18338,N18338,1,undetected,N18338,N18338,N18338,sa1,1
1848,N18751 /1 undetected,output,,N18751,N18751,1,undetected,N18751,N18751,N18751,sa1,1
1849,N23362 /1 undetected,output,,N23362,N23362,1,undetected,N23362,N23362,N23362,sa1,1
