line_no,raw,site_type,src_node,dst_node,node,sa_value,status,original_node,net,tmax_site,fault_type,is_hard
1,N46903 /1 undetected,output,,N46903,N46903,1,undetected,N46903,N46903,N46903,sa1,1
2,N4001 /1 undetected,output,,N4001,N4001,1,undetected,N4001,N4001,N4001,sa1,1
3,N47005 /1 undetected,output,,N47005,N47005,1,undetected,N47005,N47005,N47005,sa1,1
4,N46638 /1 undetected,output,,N46638,N46638,1,undetected,N46638,N46638,N46638,sa1,1
5,N4009 /1 undetected,output,,N4009,N4009,1,undetected,N4009,N4009,N4009,sa1,1
6,N6239 /1 undetected,output,,N6239,N6239,1,undetected,N6239,N6239,N6239,sa1,1
7,N7264 /1 undetected,output,,N7264,N7264,1,undetected,N7264,N7264,N7264,sa1,1
8,N53167 /1 undetected,output,,N53167,N53167,1,undetected,N53167,N53167,N53167,sa1,1
9,N52998 /1 undetected,output,,N52998,N52998,1,undetected,N52998,N52998,N52998,sa1,1
10,N51419 /1 undetected,output,,N51419,N51419,1,undetected,N51419,N51419,N51419,sa1,1
11,N54295 /1 undetected,output,,N54295,N54295,1,undetected,N54295,N54295,N54295,sa1,1
12,N2715 /1 undetected,output,,N2715,N2715,1,undetected,N2715,N2715,N2715,sa1,1
13,N42777 /1 undetected,output,,N42777,N42777,1,undetected,N42777,N42777,N42777,sa1,1
14,N5923 /1 undetected,output,,N5923,N5923,1,undetected,N5923,N5923,N5923,sa1,1
15,N48913 /1 undetected,output,,N48913,N48913,1,undetected,N48913,N48913,N48913,sa1,1
16,N21765 /1 undetected,output,,N21765,N21765,1,undetected,N21765,N21765,N21765,sa1,1
17,N5155 /1 undetected,output,,N5155,N5155,1,undetected,N5155,N5155,N5155,sa1,1
18,N5154 /1 undetected,output,,N5154,N5154,1,undetected,N5154,N5154,N5154,sa1,1
19,N14875 /1 undetected,output,,N14875,N14875,1,undetected,N14875,N14875,N14875,sa1,1
20,N14840 /1 undetected,output,,N14840,N14840,1,undetected,N14840,N14840,N14840,sa1,1
21,N14795 /1 undetected,output,,N14795,N14795,1,undetected,N14795,N14795,N14795,sa1,1
22,N59196 /1 undetected,output,,N59196,N59196,1,undetected,N59196,N59196,N59196,sa1,1
23,N41206 /1 undetected,output,,N41206,N41206,1,undetected,N41206,N41206,N41206,sa1,1
24,N20868 /1 undetected,output,,N20868,N20868,1,undetected,N20868,N20868,N20868,sa1,1
25,N1943 /1 undetected,output,,N1943,N1943,1,undetected,N1943,N1943,N1943,sa1,1
26,N1942 /1 undetected,output,,N1942,N1942,1,undetected,N1942,N1942,N1942,sa1,1
27,N8848 /1 undetected,output,,N8848,N8848,1,undetected,N8848,N8848,N8848,sa1,1
28,N40148 /1 undetected,output,,N40148,N40148,1,undetected,N40148,N40148,N40148,sa1,1
29,N55381 /1 undetected,output,,N55381,N55381,1,undetected,N55381,N55381,N55381,sa1,1
30,N8847 /1 undetected,output,,N8847,N8847,1,undetected,N8847,N8847,N8847,sa1,1
31,N8839 /1 undetected,output,,N8839,N8839,1,undetected,N8839,N8839,N8839,sa1,1
32,N55435 /1 undetected,output,,N55435,N55435,1,undetected,N55435,N55435,N55435,sa1,1
33,N55379 /1 undetected,output,,N55379,N55379,1,undetected,N55379,N55379,N55379,sa1,1
34,test_en->__tpi_cp_128_N57203 /0 undetected,input_edge,test_en,__tpi_cp_128_N57203,__tpi_cp_128_N57203,0,undetected,__tpi_cp_128_N57203,__tpi_cp_128_N57203,__tpi_cp_128_N57203,sa0,1
35,test_en->__tpi_cp_129___buf_split_23534 /0 undetected,input_edge,test_en,__tpi_cp_129___buf_split_23534,__tpi_cp_129___buf_split_23534,0,undetected,__tpi_cp_129___buf_split_23534,__tpi_cp_129___buf_split_23534,__tpi_cp_129___buf_split_23534,sa0,1
36,test_en->__tpi_cp_125_N11091 /0 undetected,input_edge,test_en,__tpi_cp_125_N11091,__tpi_cp_125_N11091,0,undetected,__tpi_cp_125_N11091,__tpi_cp_125_N11091,__tpi_cp_125_N11091,sa0,1
37,test_en->__tpi_cp_131_N57216 /0 undetected,input_edge,test_en,__tpi_cp_131_N57216,__tpi_cp_131_N57216,0,undetected,__tpi_cp_131_N57216,__tpi_cp_131_N57216,__tpi_cp_131_N57216,sa0,1
38,test_en->__tpi_cp_191___buf_split_23405 /0 undetected,input_edge,test_en,__tpi_cp_191___buf_split_23405,__tpi_cp_191___buf_split_23405,0,undetected,__tpi_cp_191___buf_split_23405,__tpi_cp_191___buf_split_23405,__tpi_cp_191___buf_split_23405,sa0,1
39,test_en->__tpi_cp_153_N56988 /0 undetected,input_edge,test_en,__tpi_cp_153_N56988,__tpi_cp_153_N56988,0,undetected,__tpi_cp_153_N56988,__tpi_cp_153_N56988,__tpi_cp_153_N56988,sa0,1
40,test_en->__tpi_cp_189_N11319 /0 undetected,input_edge,test_en,__tpi_cp_189_N11319,__tpi_cp_189_N11319,0,undetected,__tpi_cp_189_N11319,__tpi_cp_189_N11319,__tpi_cp_189_N11319,sa0,1
41,test_en->__tpi_cp_157_N11271 /0 undetected,input_edge,test_en,__tpi_cp_157_N11271,__tpi_cp_157_N11271,0,undetected,__tpi_cp_157_N11271,__tpi_cp_157_N11271,__tpi_cp_157_N11271,sa0,1
42,__tpi_not_test_en->__tpi_cp_152_N22893 /1 undetected,input_edge,__tpi_not_test_en,__tpi_cp_152_N22893,__tpi_cp_152_N22893,1,undetected,__tpi_cp_152_N22893,__tpi_cp_152_N22893,__tpi_cp_152_N22893,sa1,1
43,test_en->__tpi_cp_159_N57164 /0 undetected,input_edge,test_en,__tpi_cp_159_N57164,__tpi_cp_159_N57164,0,undetected,__tpi_cp_159_N57164,__tpi_cp_159_N57164,__tpi_cp_159_N57164,sa0,1
44,test_en->__tpi_cp_202_N57202 /0 undetected,input_edge,test_en,__tpi_cp_202_N57202,__tpi_cp_202_N57202,0,undetected,__tpi_cp_202_N57202,__tpi_cp_202_N57202,__tpi_cp_202_N57202,sa0,1
45,test_en->__tpi_cp_158_N57131 /0 undetected,input_edge,test_en,__tpi_cp_158_N57131,__tpi_cp_158_N57131,0,undetected,__tpi_cp_158_N57131,__tpi_cp_158_N57131,__tpi_cp_158_N57131,sa0,1
46,test_en->__tpi_cp_120___buf_split_23502 /0 undetected,input_edge,test_en,__tpi_cp_120___buf_split_23502,__tpi_cp_120___buf_split_23502,0,undetected,__tpi_cp_120___buf_split_23502,__tpi_cp_120___buf_split_23502,__tpi_cp_120___buf_split_23502,sa0,1
47,test_en->__tpi_cp_192_N57197 /0 undetected,input_edge,test_en,__tpi_cp_192_N57197,__tpi_cp_192_N57197,0,undetected,__tpi_cp_192_N57197,__tpi_cp_192_N57197,__tpi_cp_192_N57197,sa0,1
48,test_en->__tpi_cp_193_N57163 /0 undetected,input_edge,test_en,__tpi_cp_193_N57163,__tpi_cp_193_N57163,0,undetected,__tpi_cp_193_N57163,__tpi_cp_193_N57163,__tpi_cp_193_N57163,sa0,1
49,N12877 /1 undetected,output,,N12877,N12877,1,undetected,N12877,N12877,N12877,sa1,1
50,N12876 /1 undetected,output,,N12876,N12876,1,undetected,N12876,N12876,N12876,sa1,1
51,N12875 /1 undetected,output,,N12875,N12875,1,undetected,N12875,N12875,N12875,sa1,1
52,N44701 /1 undetected,output,,N44701,N44701,1,undetected,N44701,N44701,N44701,sa1,1
53,N12725 /1 undetected,output,,N12725,N12725,1,undetected,N12725,N12725,N12725,sa1,1
54,N12874 /1 undetected,output,,N12874,N12874,1,undetected,N12874,N12874,N12874,sa1,1
55,N12873 /1 undetected,output,,N12873,N12873,1,undetected,N12873,N12873,N12873,sa1,1
56,N12872 /1 undetected,output,,N12872,N12872,1,undetected,N12872,N12872,N12872,sa1,1
57,N44703 /1 undetected,output,,N44703,N44703,1,undetected,N44703,N44703,N44703,sa1,1
58,N12762 /1 undetected,output,,N12762,N12762,1,undetected,N12762,N12762,N12762,sa1,1
59,N12871 /1 undetected,output,,N12871,N12871,1,undetected,N12871,N12871,N12871,sa1,1
60,N12865 /1 undetected,output,,N12865,N12865,1,undetected,N12865,N12865,N12865,sa1,1
61,N12862 /1 undetected,output,,N12862,N12862,1,undetected,N12862,N12862,N12862,sa1,1
62,N12861 /1 undetected,output,,N12861,N12861,1,undetected,N12861,N12861,N12861,sa1,1
63,N12860 /1 undetected,output,,N12860,N12860,1,undetected,N12860,N12860,N12860,sa1,1
64,N44714 /1 undetected,output,,N44714,N44714,1,undetected,N44714,N44714,N44714,sa1,1
65,N12729 /1 undetected,output,,N12729,N12729,1,undetected,N12729,N12729,N12729,sa1,1
66,N12859 /1 undetected,output,,N12859,N12859,1,undetected,N12859,N12859,N12859,sa1,1
67,N12858 /1 undetected,output,,N12858,N12858,1,undetected,N12858,N12858,N12858,sa1,1
68,N12857 /1 undetected,output,,N12857,N12857,1,undetected,N12857,N12857,N12857,sa1,1
69,N44716 /1 undetected,output,,N44716,N44716,1,undetected,N44716,N44716,N44716,sa1,1
70,N12754 /1 undetected,output,,N12754,N12754,1,undetected,N12754,N12754,N12754,sa1,1
71,N12856 /1 undetected,output,,N12856,N12856,1,undetected,N12856,N12856,N12856,sa1,1
72,N12850 /1 undetected,output,,N12850,N12850,1,undetected,N12850,N12850,N12850,sa1,1
73,N12847 /1 undetected,output,,N12847,N12847,1,undetected,N12847,N12847,N12847,sa1,1
74,N12844 /1 undetected,output,,N12844,N12844,1,undetected,N12844,N12844,N12844,sa1,1
75,N12841 /1 undetected,output,,N12841,N12841,1,undetected,N12841,N12841,N12841,sa1,1
76,N58066 /1 undetected,output,,N58066,N58066,1,undetected,N58066,N58066,N58066,sa1,1
77,N12840 /1 undetected,output,,N12840,N12840,1,undetected,N12840,N12840,N12840,sa1,1
78,N12839 /1 undetected,output,,N12839,N12839,1,undetected,N12839,N12839,N12839,sa1,1
79,N44735 /1 undetected,output,,N44735,N44735,1,undetected,N44735,N44735,N44735,sa1,1
80,N12738 /1 undetected,output,,N12738,N12738,1,undetected,N12738,N12738,N12738,sa1,1
81,N12838 /1 undetected,output,,N12838,N12838,1,undetected,N12838,N12838,N12838,sa1,1
82,N58064 /1 undetected,output,,N58064,N58064,1,undetected,N58064,N58064,N58064,sa1,1
83,N12837 /1 undetected,output,,N12837,N12837,1,undetected,N12837,N12837,N12837,sa1,1
84,N12836 /1 undetected,output,,N12836,N12836,1,undetected,N12836,N12836,N12836,sa1,1
85,N44737 /1 undetected,output,,N44737,N44737,1,undetected,N44737,N44737,N44737,sa1,1
86,N12741 /1 undetected,output,,N12741,N12741,1,undetected,N12741,N12741,N12741,sa1,1
87,N12835 /1 undetected,output,,N12835,N12835,1,undetected,N12835,N12835,N12835,sa1,1
88,N58070 /1 undetected,output,,N58070,N58070,1,undetected,N58070,N58070,N58070,sa1,1
89,N12834 /1 undetected,output,,N12834,N12834,1,undetected,N12834,N12834,N12834,sa1,1
90,N12833 /1 undetected,output,,N12833,N12833,1,undetected,N12833,N12833,N12833,sa1,1
91,N44739 /1 undetected,output,,N44739,N44739,1,undetected,N44739,N44739,N44739,sa1,1
92,N12740 /1 undetected,output,,N12740,N12740,1,undetected,N12740,N12740,N12740,sa1,1
93,N12832 /1 undetected,output,,N12832,N12832,1,undetected,N12832,N12832,N12832,sa1,1
94,N58068 /1 undetected,output,,N58068,N58068,1,undetected,N58068,N58068,N58068,sa1,1
95,N12782 /1 undetected,output,,N12782,N12782,1,undetected,N12782,N12782,N12782,sa1,1
96,N44741 /1 undetected,output,,N44741,N44741,1,undetected,N44741,N44741,N44741,sa1,1
97,N12742 /1 undetected,output,,N12742,N12742,1,undetected,N12742,N12742,N12742,sa1,1
98,N12783 /1 undetected,output,,N12783,N12783,1,undetected,N12783,N12783,N12783,sa1,1
99,N12831 /1 undetected,output,,N12831,N12831,1,undetected,N12831,N12831,N12831,sa1,1
100,N12781 /1 undetected,output,,N12781,N12781,1,undetected,N12781,N12781,N12781,sa1,1
101,N22994 /1 undetected,output,,N22994,N22994,1,undetected,N22994,N22994,N22994,sa1,1
102,N12830 /1 undetected,output,,N12830,N12830,1,undetected,N12830,N12830,N12830,sa1,1
103,N44676 /1 undetected,output,,N44676,N44676,1,undetected,N44676,N44676,N44676,sa1,1
104,N12743 /1 undetected,output,,N12743,N12743,1,undetected,N12743,N12743,N12743,sa1,1
105,N12829 /1 undetected,output,,N12829,N12829,1,undetected,N12829,N12829,N12829,sa1,1
106,N32533 /1 undetected,output,,N32533,N32533,1,undetected,N32533,N32533,N32533,sa1,1
107,N32532 /1 undetected,output,,N32532,N32532,1,undetected,N32532,N32532,N32532,sa1,1
108,N12828 /1 undetected,output,,N12828,N12828,1,undetected,N12828,N12828,N12828,sa1,1
109,N12827 /1 undetected,output,,N12827,N12827,1,undetected,N12827,N12827,N12827,sa1,1
110,N44744 /1 undetected,output,,N44744,N44744,1,undetected,N44744,N44744,N44744,sa1,1
111,N44742 /1 undetected,output,,N44742,N44742,1,undetected,N44742,N44742,N44742,sa1,1
112,N926 /1 undetected,output,,N926,N926,1,undetected,N926,N926,N926,sa1,1
113,N3491 /1 undetected,output,,N3491,N3491,1,undetected,N3491,N3491,N3491,sa1,1
114,N47004 /1 undetected,output,,N47004,N47004,1,undetected,N47004,N47004,N47004,sa1,1
115,N46731 /1 undetected,output,,N46731,N46731,1,undetected,N46731,N46731,N46731,sa1,1
116,N3490 /1 undetected,output,,N3490,N3490,1,undetected,N3490,N3490,N3490,sa1,1
117,N48220 /1 undetected,output,,N48220,N48220,1,undetected,N48220,N48220,N48220,sa1,1
118,N45375 /1 undetected,output,,N45375,N45375,1,undetected,N45375,N45375,N45375,sa1,1
119,N12780 /1 undetected,output,,N12780,N12780,1,undetected,N12780,N12780,N12780,sa1,1
120,N58065 /1 undetected,output,,N58065,N58065,1,undetected,N58065,N58065,N58065,sa1,1
121,N22993 /1 undetected,output,,N22993,N22993,1,undetected,N22993,N22993,N22993,sa1,1
122,N58067 /1 undetected,output,,N58067,N58067,1,undetected,N58067,N58067,N58067,sa1,1
123,N22992 /1 undetected,output,,N22992,N22992,1,undetected,N22992,N22992,N22992,sa1,1
124,N58071 /1 undetected,output,,N58071,N58071,1,undetected,N58071,N58071,N58071,sa1,1
125,N58069 /1 undetected,output,,N58069,N58069,1,undetected,N58069,N58069,N58069,sa1,1
126,N12784 /1 undetected,output,,N12784,N12784,1,undetected,N12784,N12784,N12784,sa1,1
127,N12843 /1 undetected,output,,N12843,N12843,1,undetected,N12843,N12843,N12843,sa1,1
128,N44731 /1 undetected,output,,N44731,N44731,1,undetected,N44731,N44731,N44731,sa1,1
129,N12736 /1 undetected,output,,N12736,N12736,1,undetected,N12736,N12736,N12736,sa1,1
130,N12842 /1 undetected,output,,N12842,N12842,1,undetected,N12842,N12842,N12842,sa1,1
131,N44733 /1 undetected,output,,N44733,N44733,1,undetected,N44733,N44733,N44733,sa1,1
132,N12739 /1 undetected,output,,N12739,N12739,1,undetected,N12739,N12739,N12739,sa1,1
133,N12786 /1 undetected,output,,N12786,N12786,1,undetected,N12786,N12786,N12786,sa1,1
134,N58041 /1 undetected,output,,N58041,N58041,1,undetected,N58041,N58041,N58041,sa1,1
135,N12785 /1 undetected,output,,N12785,N12785,1,undetected,N12785,N12785,N12785,sa1,1
136,N12820 /1 undetected,output,,N12820,N12820,1,undetected,N12820,N12820,N12820,sa1,1
137,N44664 /1 undetected,output,,N44664,N44664,1,undetected,N44664,N44664,N44664,sa1,1
138,N12735 /1 undetected,output,,N12735,N12735,1,undetected,N12735,N12735,N12735,sa1,1
139,N12819 /1 undetected,output,,N12819,N12819,1,undetected,N12819,N12819,N12819,sa1,1
140,N44666 /1 undetected,output,,N44666,N44666,1,undetected,N44666,N44666,N44666,sa1,1
141,N12748 /1 undetected,output,,N12748,N12748,1,undetected,N12748,N12748,N12748,sa1,1
142,N12787 /1 undetected,output,,N12787,N12787,1,undetected,N12787,N12787,N12787,sa1,1
143,N22995 /1 undetected,output,,N22995,N22995,1,undetected,N22995,N22995,N22995,sa1,1
144,N12846 /1 undetected,output,,N12846,N12846,1,undetected,N12846,N12846,N12846,sa1,1
145,N58042 /1 undetected,output,,N58042,N58042,1,undetected,N58042,N58042,N58042,sa1,1
146,N12779 /1 undetected,output,,N12779,N12779,1,undetected,N12779,N12779,N12779,sa1,1
147,N44729 /1 undetected,output,,N44729,N44729,1,undetected,N44729,N44729,N44729,sa1,1
148,N12737 /1 undetected,output,,N12737,N12737,1,undetected,N12737,N12737,N12737,sa1,1
149,N12845 /1 undetected,output,,N12845,N12845,1,undetected,N12845,N12845,N12845,sa1,1
150,N58063 /1 undetected,output,,N58063,N58063,1,undetected,N58063,N58063,N58063,sa1,1
151,N12778 /1 undetected,output,,N12778,N12778,1,undetected,N12778,N12778,N12778,sa1,1
152,N44727 /1 undetected,output,,N44727,N44727,1,undetected,N44727,N44727,N44727,sa1,1
153,N12734 /1 undetected,output,,N12734,N12734,1,undetected,N12734,N12734,N12734,sa1,1
154,N12789 /1 undetected,output,,N12789,N12789,1,undetected,N12789,N12789,N12789,sa1,1
155,N58043 /1 undetected,output,,N58043,N58043,1,undetected,N58043,N58043,N58043,sa1,1
156,N12788 /1 undetected,output,,N12788,N12788,1,undetected,N12788,N12788,N12788,sa1,1
157,N12849 /1 undetected,output,,N12849,N12849,1,undetected,N12849,N12849,N12849,sa1,1
158,N44723 /1 undetected,output,,N44723,N44723,1,undetected,N44723,N44723,N44723,sa1,1
159,N12751 /1 undetected,output,,N12751,N12751,1,undetected,N12751,N12751,N12751,sa1,1
160,N12848 /1 undetected,output,,N12848,N12848,1,undetected,N12848,N12848,N12848,sa1,1
161,N44725 /1 undetected,output,,N44725,N44725,1,undetected,N44725,N44725,N44725,sa1,1
162,N12732 /1 undetected,output,,N12732,N12732,1,undetected,N12732,N12732,N12732,sa1,1
163,N12792 /1 undetected,output,,N12792,N12792,1,undetected,N12792,N12792,N12792,sa1,1
164,N22996 /1 undetected,output,,N22996,N22996,1,undetected,N22996,N22996,N22996,sa1,1
165,N12852 /1 undetected,output,,N12852,N12852,1,undetected,N12852,N12852,N12852,sa1,1
166,N44654 /1 undetected,output,,N44654,N44654,1,undetected,N44654,N44654,N44654,sa1,1
167,N12731 /1 undetected,output,,N12731,N12731,1,undetected,N12731,N12731,N12731,sa1,1
168,N12851 /1 undetected,output,,N12851,N12851,1,undetected,N12851,N12851,N12851,sa1,1
169,N58044 /1 undetected,output,,N58044,N58044,1,undetected,N58044,N58044,N58044,sa1,1
170,N12790 /1 undetected,output,,N12790,N12790,1,undetected,N12790,N12790,N12790,sa1,1
171,N44658 /1 undetected,output,,N44658,N44658,1,undetected,N44658,N44658,N44658,sa1,1
172,N12750 /1 undetected,output,,N12750,N12750,1,undetected,N12750,N12750,N12750,sa1,1
173,N12793 /1 undetected,output,,N12793,N12793,1,undetected,N12793,N12793,N12793,sa1,1
174,N12855 /1 undetected,output,,N12855,N12855,1,undetected,N12855,N12855,N12855,sa1,1
175,N44652 /1 undetected,output,,N44652,N44652,1,undetected,N44652,N44652,N44652,sa1,1
176,N12755 /1 undetected,output,,N12755,N12755,1,undetected,N12755,N12755,N12755,sa1,1
177,N12854 /1 undetected,output,,N12854,N12854,1,undetected,N12854,N12854,N12854,sa1,1
178,N12853 /1 undetected,output,,N12853,N12853,1,undetected,N12853,N12853,N12853,sa1,1
179,N58055 /1 undetected,output,,N58055,N58055,1,undetected,N58055,N58055,N58055,sa1,1
180,N44719 /1 undetected,output,,N44719,N44719,1,undetected,N44719,N44719,N44719,sa1,1
181,N12791 /1 undetected,output,,N12791,N12791,1,undetected,N12791,N12791,N12791,sa1,1
182,N44656 /1 undetected,output,,N44656,N44656,1,undetected,N44656,N44656,N44656,sa1,1
183,N12730 /1 undetected,output,,N12730,N12730,1,undetected,N12730,N12730,N12730,sa1,1
184,N12816 /1 undetected,output,,N12816,N12816,1,undetected,N12816,N12816,N12816,sa1,1
185,N44650 /1 undetected,output,,N44650,N44650,1,undetected,N44650,N44650,N44650,sa1,1
186,N12756 /1 undetected,output,,N12756,N12756,1,undetected,N12756,N12756,N12756,sa1,1
187,N12813 /1 undetected,output,,N12813,N12813,1,undetected,N12813,N12813,N12813,sa1,1
188,N44648 /1 undetected,output,,N44648,N44648,1,undetected,N44648,N44648,N44648,sa1,1
189,N12757 /1 undetected,output,,N12757,N12757,1,undetected,N12757,N12757,N12757,sa1,1
190,N12794 /1 undetected,output,,N12794,N12794,1,undetected,N12794,N12794,N12794,sa1,1
191,N58039 /1 undetected,output,,N58039,N58039,1,undetected,N58039,N58039,N58039,sa1,1
192,N12795 /1 undetected,output,,N12795,N12795,1,undetected,N12795,N12795,N12795,sa1,1
193,N12864 /1 undetected,output,,N12864,N12864,1,undetected,N12864,N12864,N12864,sa1,1
194,N44710 /1 undetected,output,,N44710,N44710,1,undetected,N44710,N44710,N44710,sa1,1
195,N12759 /1 undetected,output,,N12759,N12759,1,undetected,N12759,N12759,N12759,sa1,1
196,N12863 /1 undetected,output,,N12863,N12863,1,undetected,N12863,N12863,N12863,sa1,1
197,N44712 /1 undetected,output,,N44712,N44712,1,undetected,N44712,N44712,N44712,sa1,1
198,N12728 /1 undetected,output,,N12728,N12728,1,undetected,N12728,N12728,N12728,sa1,1
199,N12798 /1 undetected,output,,N12798,N12798,1,undetected,N12798,N12798,N12798,sa1,1
200,N22997 /1 undetected,output,,N22997,N22997,1,undetected,N22997,N22997,N22997,sa1,1
201,N12868 /1 undetected,output,,N12868,N12868,1,undetected,N12868,N12868,N12868,sa1,1
202,N12867 /1 undetected,output,,N12867,N12867,1,undetected,N12867,N12867,N12867,sa1,1
203,N58057 /1 undetected,output,,N58057,N58057,1,undetected,N58057,N58057,N58057,sa1,1
204,N44706 /1 undetected,output,,N44706,N44706,1,undetected,N44706,N44706,N44706,sa1,1
205,N12797 /1 undetected,output,,N12797,N12797,1,undetected,N12797,N12797,N12797,sa1,1
206,N44644 /1 undetected,output,,N44644,N44644,1,undetected,N44644,N44644,N44644,sa1,1
207,N12726 /1 undetected,output,,N12726,N12726,1,undetected,N12726,N12726,N12726,sa1,1
208,N12866 /1 undetected,output,,N12866,N12866,1,undetected,N12866,N12866,N12866,sa1,1
209,N58040 /1 undetected,output,,N58040,N58040,1,undetected,N58040,N58040,N58040,sa1,1
210,N12796 /1 undetected,output,,N12796,N12796,1,undetected,N12796,N12796,N12796,sa1,1
211,N44646 /1 undetected,output,,N44646,N44646,1,undetected,N44646,N44646,N44646,sa1,1
212,N12758 /1 undetected,output,,N12758,N12758,1,undetected,N12758,N12758,N12758,sa1,1
213,N12799 /1 undetected,output,,N12799,N12799,1,undetected,N12799,N12799,N12799,sa1,1
214,N12870 /1 undetected,output,,N12870,N12870,1,undetected,N12870,N12870,N12870,sa1,1
215,N44640 /1 undetected,output,,N44640,N44640,1,undetected,N44640,N44640,N44640,sa1,1
216,N12763 /1 undetected,output,,N12763,N12763,1,undetected,N12763,N12763,N12763,sa1,1
217,N12869 /1 undetected,output,,N12869,N12869,1,undetected,N12869,N12869,N12869,sa1,1
218,N44642 /1 undetected,output,,N44642,N44642,1,undetected,N44642,N44642,N44642,sa1,1
219,N12727 /1 undetected,output,,N12727,N12727,1,undetected,N12727,N12727,N12727,sa1,1
220,N12812 /1 undetected,output,,N12812,N12812,1,undetected,N12812,N12812,N12812,sa1,1
221,N44638 /1 undetected,output,,N44638,N44638,1,undetected,N44638,N44638,N44638,sa1,1
222,N12764 /1 undetected,output,,N12764,N12764,1,undetected,N12764,N12764,N12764,sa1,1
223,N44636 /1 undetected,output,,N44636,N44636,1,undetected,N44636,N44636,N44636,sa1,1
224,N12765 /1 undetected,output,,N12765,N12765,1,undetected,N12765,N12765,N12765,sa1,1
225,N12878 /1 undetected,output,,N12878,N12878,1,undetected,N12878,N12878,N12878,sa1,1
226,N44699 /1 undetected,output,,N44699,N44699,1,undetected,N44699,N44699,N44699,sa1,1
227,N12724 /1 undetected,output,,N12724,N12724,1,undetected,N12724,N12724,N12724,sa1,1
228,N12887 /1 undetected,output,,N12887,N12887,1,undetected,N12887,N12887,N12887,sa1,1
229,N12766 /1 undetected,output,,N12766,N12766,1,undetected,N12766,N12766,N12766,sa1,1
230,N12722 /1 undetected,output,,N12722,N12722,1,undetected,N12722,N12722,N12722,sa1,1
231,N12888 /1 undetected,output,,N12888,N12888,1,undetected,N12888,N12888,N12888,sa1,1
232,N12904 /1 undetected,output,,N12904,N12904,1,undetected,N12904,N12904,N12904,sa1,1
233,N44679 /1 undetected,output,,N44679,N44679,1,undetected,N44679,N44679,N44679,sa1,1
234,N58053 /1 undetected,output,,N58053,N58053,1,undetected,N58053,N58053,N58053,sa1,1
235,N44747 /1 undetected,output,,N44747,N44747,1,undetected,N44747,N44747,N44747,sa1,1
236,test_en->__tpi_cp_127___buf_split_23290 /0 undetected,input_edge,test_en,__tpi_cp_127___buf_split_23290,__tpi_cp_127___buf_split_23290,0,undetected,__tpi_cp_127___buf_split_23290,__tpi_cp_127___buf_split_23290,__tpi_cp_127___buf_split_23290,sa0,1
237,test_en->__tpi_cp_190___buf_split_23289 /0 undetected,input_edge,test_en,__tpi_cp_190___buf_split_23289,__tpi_cp_190___buf_split_23289,0,undetected,__tpi_cp_190___buf_split_23289,__tpi_cp_190___buf_split_23289,__tpi_cp_190___buf_split_23289,sa0,1
238,test_en->__tpi_cp_85_N31436 /0 undetected,input_edge,test_en,__tpi_cp_85_N31436,__tpi_cp_85_N31436,0,undetected,__tpi_cp_85_N31436,__tpi_cp_85_N31436,__tpi_cp_85_N31436,sa0,1
239,N10474 /1 undetected,output,,N10474,N10474,1,undetected,N10474,N10474,N10474,sa1,1
240,N10472 /1 undetected,output,,N10472,N10472,1,undetected,N10472,N10472,N10472,sa1,1
241,N46277 /1 undetected,output,,N46277,N46277,1,undetected,N46277,N46277,N46277,sa1,1
242,N10328 /1 undetected,output,,N10328,N10328,1,undetected,N10328,N10328,N10328,sa1,1
243,N10471 /1 undetected,output,,N10471,N10471,1,undetected,N10471,N10471,N10471,sa1,1
244,N10470 /1 undetected,output,,N10470,N10470,1,undetected,N10470,N10470,N10470,sa1,1
245,N10469 /1 undetected,output,,N10469,N10469,1,undetected,N10469,N10469,N10469,sa1,1
246,N46213 /1 undetected,output,,N46213,N46213,1,undetected,N46213,N46213,N46213,sa1,1
247,N10355 /1 undetected,output,,N10355,N10355,1,undetected,N10355,N10355,N10355,sa1,1
248,N10468 /1 undetected,output,,N10468,N10468,1,undetected,N10468,N10468,N10468,sa1,1
249,N10462 /1 undetected,output,,N10462,N10462,1,undetected,N10462,N10462,N10462,sa1,1
250,N22854 /1 undetected,output,,N22854,N22854,1,undetected,N22854,N22854,N22854,sa1,1
251,N22853 /1 undetected,output,,N22853,N22853,1,undetected,N22853,N22853,N22853,sa1,1
252,N10459 /1 undetected,output,,N10459,N10459,1,undetected,N10459,N10459,N10459,sa1,1
253,N56446 /1 undetected,output,,N56446,N56446,1,undetected,N56446,N56446,N56446,sa1,1
254,N10457 /1 undetected,output,,N10457,N10457,1,undetected,N10457,N10457,N10457,sa1,1
255,N10456 /1 undetected,output,,N10456,N10456,1,undetected,N10456,N10456,N10456,sa1,1
256,N45887 /1 undetected,output,,N45887,N45887,1,undetected,N45887,N45887,N45887,sa1,1
257,N10332 /1 undetected,output,,N10332,N10332,1,undetected,N10332,N10332,N10332,sa1,1
258,N10455 /1 undetected,output,,N10455,N10455,1,undetected,N10455,N10455,N10455,sa1,1
259,N56448 /1 undetected,output,,N56448,N56448,1,undetected,N56448,N56448,N56448,sa1,1
260,N10386 /1 undetected,output,,N10386,N10386,1,undetected,N10386,N10386,N10386,sa1,1
261,N45828 /1 undetected,output,,N45828,N45828,1,undetected,N45828,N45828,N45828,sa1,1
262,N10334 /1 undetected,output,,N10334,N10334,1,undetected,N10334,N10334,N10334,sa1,1
263,N10458 /1 undetected,output,,N10458,N10458,1,undetected,N10458,N10458,N10458,sa1,1
264,N56394 /1 undetected,output,,N56394,N56394,1,undetected,N56394,N56394,N56394,sa1,1
265,N22851 /1 undetected,output,,N22851,N22851,1,undetected,N22851,N22851,N22851,sa1,1
266,N56445 /1 undetected,output,,N56445,N56445,1,undetected,N56445,N56445,N56445,sa1,1
267,N10452 /1 undetected,output,,N10452,N10452,1,undetected,N10452,N10452,N10452,sa1,1
268,N10448 /1 undetected,output,,N10448,N10448,1,undetected,N10448,N10448,N10448,sa1,1
269,N56451 /1 undetected,output,,N56451,N56451,1,undetected,N56451,N56451,N56451,sa1,1
270,N10447 /1 undetected,output,,N10447,N10447,1,undetected,N10447,N10447,N10447,sa1,1
271,N10446 /1 undetected,output,,N10446,N10446,1,undetected,N10446,N10446,N10446,sa1,1
272,N45560 /1 undetected,output,,N45560,N45560,1,undetected,N45560,N45560,N45560,sa1,1
273,N10336 /1 undetected,output,,N10336,N10336,1,undetected,N10336,N10336,N10336,sa1,1
274,N10445 /1 undetected,output,,N10445,N10445,1,undetected,N10445,N10445,N10445,sa1,1
275,N56453 /1 undetected,output,,N56453,N56453,1,undetected,N56453,N56453,N56453,sa1,1
276,N10384 /1 undetected,output,,N10384,N10384,1,undetected,N10384,N10384,N10384,sa1,1
277,N45492 /1 undetected,output,,N45492,N45492,1,undetected,N45492,N45492,N45492,sa1,1
278,N10341 /1 undetected,output,,N10341,N10341,1,undetected,N10341,N10341,N10341,sa1,1
279,N10385 /1 undetected,output,,N10385,N10385,1,undetected,N10385,N10385,N10385,sa1,1
280,N22833 /1 undetected,output,,N22833,N22833,1,undetected,N22833,N22833,N22833,sa1,1
281,N10451 /1 undetected,output,,N10451,N10451,1,undetected,N10451,N10451,N10451,sa1,1
282,N56409 /1 undetected,output,,N56409,N56409,1,undetected,N56409,N56409,N56409,sa1,1
283,N45759 /1 undetected,output,,N45759,N45759,1,undetected,N45759,N45759,N45759,sa1,1
284,N10450 /1 undetected,output,,N10450,N10450,1,undetected,N10450,N10450,N10450,sa1,1
285,N45629 /1 undetected,output,,N45629,N45629,1,undetected,N45629,N45629,N45629,sa1,1
286,N10335 /1 undetected,output,,N10335,N10335,1,undetected,N10335,N10335,N10335,sa1,1
287,N10449 /1 undetected,output,,N10449,N10449,1,undetected,N10449,N10449,N10449,sa1,1
288,N45693 /1 undetected,output,,N45693,N45693,1,undetected,N45693,N45693,N45693,sa1,1
289,N10330 /1 undetected,output,,N10330,N10330,1,undetected,N10330,N10330,N10330,sa1,1
290,N10388 /1 undetected,output,,N10388,N10388,1,undetected,N10388,N10388,N10388,sa1,1
291,N56395 /1 undetected,output,,N56395,N56395,1,undetected,N56395,N56395,N56395,sa1,1
292,N10387 /1 undetected,output,,N10387,N10387,1,undetected,N10387,N10387,N10387,sa1,1
293,N10461 /1 undetected,output,,N10461,N10461,1,undetected,N10461,N10461,N10461,sa1,1
294,N46017 /1 undetected,output,,N46017,N46017,1,undetected,N46017,N46017,N46017,sa1,1
295,N10352 /1 undetected,output,,N10352,N10352,1,undetected,N10352,N10352,N10352,sa1,1
296,N10460 /1 undetected,output,,N10460,N10460,1,undetected,N10460,N10460,N10460,sa1,1
297,N45951 /1 undetected,output,,N45951,N45951,1,undetected,N45951,N45951,N45951,sa1,1
298,N10331 /1 undetected,output,,N10331,N10331,1,undetected,N10331,N10331,N10331,sa1,1
299,N10444 /1 undetected,output,,N10444,N10444,1,undetected,N10444,N10444,N10444,sa1,1
300,N22849 /1 undetected,output,,N22849,N22849,1,undetected,N22849,N22849,N22849,sa1,1
301,N10441 /1 undetected,output,,N10441,N10441,1,undetected,N10441,N10441,N10441,sa1,1
302,N44223 /1 undetected,output,,N44223,N44223,1,undetected,N44223,N44223,N44223,sa1,1
303,N10440 /1 undetected,output,,N10440,N10440,1,undetected,N10440,N10440,N10440,sa1,1
304,N45438 /1 undetected,output,,N45438,N45438,1,undetected,N45438,N45438,N45438,sa1,1
305,N10438 /1 undetected,output,,N10438,N10438,1,undetected,N10438,N10438,N10438,sa1,1
306,N10382 /1 undetected,output,,N10382,N10382,1,undetected,N10382,N10382,N10382,sa1,1
307,N56444 /1 undetected,output,,N56444,N56444,1,undetected,N56444,N56444,N56444,sa1,1
308,N10381 /1 undetected,output,,N10381,N10381,1,undetected,N10381,N10381,N10381,sa1,1
309,N56452 /1 undetected,output,,N56452,N56452,1,undetected,N56452,N56452,N56452,sa1,1
310,N56450 /1 undetected,output,,N56450,N56450,1,undetected,N56450,N56450,N56450,sa1,1
311,N10383 /1 undetected,output,,N10383,N10383,1,undetected,N10383,N10383,N10383,sa1,1
312,N56393 /1 undetected,output,,N56393,N56393,1,undetected,N56393,N56393,N56393,sa1,1
313,N22832 /1 undetected,output,,N22832,N22832,1,undetected,N22832,N22832,N22832,sa1,1
314,N10443 /1 undetected,output,,N10443,N10443,1,undetected,N10443,N10443,N10443,sa1,1
315,N43748 /1 undetected,output,,N43748,N43748,1,undetected,N43748,N43748,N43748,sa1,1
316,N10344 /1 undetected,output,,N10344,N10344,1,undetected,N10344,N10344,N10344,sa1,1
317,N10442 /1 undetected,output,,N10442,N10442,1,undetected,N10442,N10442,N10442,sa1,1
318,N56411 /1 undetected,output,,N56411,N56411,1,undetected,N56411,N56411,N56411,sa1,1
319,N10340 /1 undetected,output,,N10340,N10340,1,undetected,N10340,N10340,N10340,sa1,1
320,N10391 /1 undetected,output,,N10391,N10391,1,undetected,N10391,N10391,N10391,sa1,1
321,N22834 /1 undetected,output,,N22834,N22834,1,undetected,N22834,N22834,N22834,sa1,1
322,N10464 /1 undetected,output,,N10464,N10464,1,undetected,N10464,N10464,N10464,sa1,1
323,N43944 /1 undetected,output,,N43944,N43944,1,undetected,N43944,N43944,N43944,sa1,1
324,N10343 /1 undetected,output,,N10343,N10343,1,undetected,N10343,N10343,N10343,sa1,1
325,N10463 /1 undetected,output,,N10463,N10463,1,undetected,N10463,N10463,N10463,sa1,1
326,N56396 /1 undetected,output,,N56396,N56396,1,undetected,N56396,N56396,N56396,sa1,1
327,N10389 /1 undetected,output,,N10389,N10389,1,undetected,N10389,N10389,N10389,sa1,1
328,N43448 /1 undetected,output,,N43448,N43448,1,undetected,N43448,N43448,N43448,sa1,1
329,N10351 /1 undetected,output,,N10351,N10351,1,undetected,N10351,N10351,N10351,sa1,1
330,N10392 /1 undetected,output,,N10392,N10392,1,undetected,N10392,N10392,N10392,sa1,1
331,N10467 /1 undetected,output,,N10467,N10467,1,undetected,N10467,N10467,N10467,sa1,1
332,N44312 /1 undetected,output,,N44312,N44312,1,undetected,N44312,N44312,N44312,sa1,1
333,N10356 /1 undetected,output,,N10356,N10356,1,undetected,N10356,N10356,N10356,sa1,1
334,N10466 /1 undetected,output,,N10466,N10466,1,undetected,N10466,N10466,N10466,sa1,1
335,N10465 /1 undetected,output,,N10465,N10465,1,undetected,N10465,N10465,N10465,sa1,1
336,N56413 /1 undetected,output,,N56413,N56413,1,undetected,N56413,N56413,N56413,sa1,1
337,N46146 /1 undetected,output,,N46146,N46146,1,undetected,N46146,N46146,N46146,sa1,1
338,N10390 /1 undetected,output,,N10390,N10390,1,undetected,N10390,N10390,N10390,sa1,1
339,N43503 /1 undetected,output,,N43503,N43503,1,undetected,N43503,N43503,N43503,sa1,1
340,N10342 /1 undetected,output,,N10342,N10342,1,undetected,N10342,N10342,N10342,sa1,1
341,N10428 /1 undetected,output,,N10428,N10428,1,undetected,N10428,N10428,N10428,sa1,1
342,N44264 /1 undetected,output,,N44264,N44264,1,undetected,N44264,N44264,N44264,sa1,1
343,N10357 /1 undetected,output,,N10357,N10357,1,undetected,N10357,N10357,N10357,sa1,1
344,N10425 /1 undetected,output,,N10425,N10425,1,undetected,N10425,N10425,N10425,sa1,1
345,N44047 /1 undetected,output,,N44047,N44047,1,undetected,N44047,N44047,N44047,sa1,1
346,N10358 /1 undetected,output,,N10358,N10358,1,undetected,N10358,N10358,N10358,sa1,1
347,N10393 /1 undetected,output,,N10393,N10393,1,undetected,N10393,N10393,N10393,sa1,1
348,N56391 /1 undetected,output,,N56391,N56391,1,undetected,N56391,N56391,N56391,sa1,1
349,N10394 /1 undetected,output,,N10394,N10394,1,undetected,N10394,N10394,N10394,sa1,1
350,N10476 /1 undetected,output,,N10476,N10476,1,undetected,N10476,N10476,N10476,sa1,1
351,N46402 /1 undetected,output,,N46402,N46402,1,undetected,N46402,N46402,N46402,sa1,1
352,N10475 /1 undetected,output,,N10475,N10475,1,undetected,N10475,N10475,N10475,sa1,1
353,N10327 /1 undetected,output,,N10327,N10327,1,undetected,N10327,N10327,N10327,sa1,1
354,N10479 /1 undetected,output,,N10479,N10479,1,undetected,N10479,N10479,N10479,sa1,1
355,N56415 /1 undetected,output,,N56415,N56415,1,undetected,N56415,N56415,N56415,sa1,1
356,N10396 /1 undetected,output,,N10396,N10396,1,undetected,N10396,N10396,N10396,sa1,1
357,N43798 /1 undetected,output,,N43798,N43798,1,undetected,N43798,N43798,N43798,sa1,1
358,N10325 /1 undetected,output,,N10325,N10325,1,undetected,N10325,N10325,N10325,sa1,1
359,N10478 /1 undetected,output,,N10478,N10478,1,undetected,N10478,N10478,N10478,sa1,1
360,N10395 /1 undetected,output,,N10395,N10395,1,undetected,N10395,N10395,N10395,sa1,1
361,N43995 /1 undetected,output,,N43995,N43995,1,undetected,N43995,N43995,N43995,sa1,1
362,N10359 /1 undetected,output,,N10359,N10359,1,undetected,N10359,N10359,N10359,sa1,1
363,N10398 /1 undetected,output,,N10398,N10398,1,undetected,N10398,N10398,N10398,sa1,1
364,N10482 /1 undetected,output,,N10482,N10482,1,undetected,N10482,N10482,N10482,sa1,1
365,N44363 /1 undetected,output,,N44363,N44363,1,undetected,N44363,N44363,N44363,sa1,1
366,N10481 /1 undetected,output,,N10481,N10481,1,undetected,N10481,N10481,N10481,sa1,1
367,N44412 /1 undetected,output,,N44412,N44412,1,undetected,N44412,N44412,N44412,sa1,1
368,N10326 /1 undetected,output,,N10326,N10326,1,undetected,N10326,N10326,N10326,sa1,1
369,N10399 /1 undetected,output,,N10399,N10399,1,undetected,N10399,N10399,N10399,sa1,1
370,N56442 /1 undetected,output,,N56442,N56442,1,undetected,N56442,N56442,N56442,sa1,1
371,N10424 /1 undetected,output,,N10424,N10424,1,undetected,N10424,N10424,N10424,sa1,1
372,N10415 /1 undetected,output,,N10415,N10415,1,undetected,N10415,N10415,N10415,sa1,1
373,N10486 /1 undetected,output,,N10486,N10486,1,undetected,N10486,N10486,N10486,sa1,1
374,N56443 /1 undetected,output,,N56443,N56443,1,undetected,N56443,N56443,N56443,sa1,1
375,N47696 /1 undetected,output,,N47696,N47696,1,undetected,N47696,N47696,N47696,sa1,1
376,N10320 /1 undetected,output,,N10320,N10320,1,undetected,N10320,N10320,N10320,sa1,1
377,test_en->__tpi_cp_172_N11321 /0 undetected,input_edge,test_en,__tpi_cp_172_N11321,__tpi_cp_172_N11321,0,undetected,__tpi_cp_172_N11321,__tpi_cp_172_N11321,__tpi_cp_172_N11321,sa0,1
378,test_en->__tpi_cp_109_N31525 /0 undetected,input_edge,test_en,__tpi_cp_109_N31525,__tpi_cp_109_N31525,0,undetected,__tpi_cp_109_N31525,__tpi_cp_109_N31525,__tpi_cp_109_N31525,sa0,1
379,test_en->__tpi_cp_136_N57250 /0 undetected,input_edge,test_en,__tpi_cp_136_N57250,__tpi_cp_136_N57250,0,undetected,__tpi_cp_136_N57250,__tpi_cp_136_N57250,__tpi_cp_136_N57250,sa0,1
380,test_en->__tpi_cp_137___buf_split_22784 /0 undetected,input_edge,test_en,__tpi_cp_137___buf_split_22784,__tpi_cp_137___buf_split_22784,0,undetected,__tpi_cp_137___buf_split_22784,__tpi_cp_137___buf_split_22784,__tpi_cp_137___buf_split_22784,sa0,1
381,test_en->__tpi_cp_139_N56928 /0 undetected,input_edge,test_en,__tpi_cp_139_N56928,__tpi_cp_139_N56928,0,undetected,__tpi_cp_139_N56928,__tpi_cp_139_N56928,__tpi_cp_139_N56928,sa0,1
382,test_en->__tpi_cp_169___buf_split_22144 /0 undetected,input_edge,test_en,__tpi_cp_169___buf_split_22144,__tpi_cp_169___buf_split_22144,0,undetected,__tpi_cp_169___buf_split_22144,__tpi_cp_169___buf_split_22144,__tpi_cp_169___buf_split_22144,sa0,1
383,test_en->__tpi_cp_248_N31526 /0 undetected,input_edge,test_en,__tpi_cp_248_N31526,__tpi_cp_248_N31526,0,undetected,__tpi_cp_248_N31526,__tpi_cp_248_N31526,__tpi_cp_248_N31526,sa0,1
384,N3429 /1 undetected,output,,N3429,N3429,1,undetected,N3429,N3429,N3429,sa1,1
385,N43071 /1 undetected,output,,N43071,N43071,1,undetected,N43071,N43071,N43071,sa1,1
386,N56423 /1 undetected,output,,N56423,N56423,1,undetected,N56423,N56423,N56423,sa1,1
387,N56421 /1 undetected,output,,N56421,N56421,1,undetected,N56421,N56421,N56421,sa1,1
388,N12574 /1 undetected,output,,N12574,N12574,1,undetected,N12574,N12574,N12574,sa1,1
389,N50782 /1 undetected,output,,N50782,N50782,1,undetected,N50782,N50782,N50782,sa1,1
390,N15098 /1 undetected,output,,N15098,N15098,1,undetected,N15098,N15098,N15098,sa1,1
391,N34242 /1 undetected,output,,N34242,N34242,1,undetected,N34242,N34242,N34242,sa1,1
392,N50648 /1 undetected,output,,N50648,N50648,1,undetected,N50648,N50648,N50648,sa1,1
393,N1792 /1 undetected,output,,N1792,N1792,1,undetected,N1792,N1792,N1792,sa1,1
394,N1681 /1 undetected,output,,N1681,N1681,1,undetected,N1681,N1681,N1681,sa1,1
395,N3979 /1 undetected,output,,N3979,N3979,1,undetected,N3979,N3979,N3979,sa1,1
396,N3978 /1 undetected,output,,N3978,N3978,1,undetected,N3978,N3978,N3978,sa1,1
397,N45075 /1 undetected,output,,N45075,N45075,1,undetected,N45075,N45075,N45075,sa1,1
398,N2559 /1 undetected,output,,N2559,N2559,1,undetected,N2559,N2559,N2559,sa1,1
399,N3977 /1 undetected,output,,N3977,N3977,1,undetected,N3977,N3977,N3977,sa1,1
400,N47727 /1 undetected,output,,N47727,N47727,1,undetected,N47727,N47727,N47727,sa1,1
401,N43201 /1 undetected,output,,N43201,N43201,1,undetected,N43201,N43201,N43201,sa1,1
402,N1680 /1 undetected,output,,N1680,N1680,1,undetected,N1680,N1680,N1680,sa1,1
403,N21198 /1 undetected,output,,N21198,N21198,1,undetected,N21198,N21198,N21198,sa1,1
404,N21197 /1 undetected,output,,N21197,N21197,1,undetected,N21197,N21197,N21197,sa1,1
405,N21196 /1 undetected,output,,N21196,N21196,1,undetected,N21196,N21196,N21196,sa1,1
406,N3991 /1 undetected,output,,N3991,N3991,1,undetected,N3991,N3991,N3991,sa1,1
407,N3990 /1 undetected,output,,N3990,N3990,1,undetected,N3990,N3990,N3990,sa1,1
408,N46004 /1 undetected,output,,N46004,N46004,1,undetected,N46004,N46004,N46004,sa1,1
409,N43433 /1 undetected,output,,N43433,N43433,1,undetected,N43433,N43433,N43433,sa1,1
410,N3989 /1 undetected,output,,N3989,N3989,1,undetected,N3989,N3989,N3989,sa1,1
411,N3625 /1 undetected,output,,N3625,N3625,1,undetected,N3625,N3625,N3625,sa1,1
412,N2160 /1 undetected,output,,N2160,N2160,1,undetected,N2160,N2160,N2160,sa1,1
413,N3988 /1 undetected,output,,N3988,N3988,1,undetected,N3988,N3988,N3988,sa1,1
414,N3987 /1 undetected,output,,N3987,N3987,1,undetected,N3987,N3987,N3987,sa1,1
415,N45616 /1 undetected,output,,N45616,N45616,1,undetected,N45616,N45616,N45616,sa1,1
416,N43327 /1 undetected,output,,N43327,N43327,1,undetected,N43327,N43327,N43327,sa1,1
417,N3986 /1 undetected,output,,N3986,N3986,1,undetected,N3986,N3986,N3986,sa1,1
418,N3583 /1 undetected,output,,N3583,N3583,1,undetected,N3583,N3583,N3583,sa1,1
419,N2046 /1 undetected,output,,N2046,N2046,1,undetected,N2046,N2046,N2046,sa1,1
420,N3985 /1 undetected,output,,N3985,N3985,1,undetected,N3985,N3985,N3985,sa1,1
421,N3984 /1 undetected,output,,N3984,N3984,1,undetected,N3984,N3984,N3984,sa1,1
422,N46066 /1 undetected,output,,N46066,N46066,1,undetected,N46066,N46066,N46066,sa1,1
423,N43492 /1 undetected,output,,N43492,N43492,1,undetected,N43492,N43492,N43492,sa1,1
424,N3983 /1 undetected,output,,N3983,N3983,1,undetected,N3983,N3983,N3983,sa1,1
425,N3632 /1 undetected,output,,N3632,N3632,1,undetected,N3632,N3632,N3632,sa1,1
426,N2179 /1 undetected,output,,N2179,N2179,1,undetected,N2179,N2179,N2179,sa1,1
427,N3982 /1 undetected,output,,N3982,N3982,1,undetected,N3982,N3982,N3982,sa1,1
428,N3981 /1 undetected,output,,N3981,N3981,1,undetected,N3981,N3981,N3981,sa1,1
429,N46564 /1 undetected,output,,N46564,N46564,1,undetected,N46564,N46564,N46564,sa1,1
430,N44350 /1 undetected,output,,N44350,N44350,1,undetected,N44350,N44350,N44350,sa1,1
431,N3980 /1 undetected,output,,N3980,N3980,1,undetected,N3980,N3980,N3980,sa1,1
432,N3686 /1 undetected,output,,N3686,N3686,1,undetected,N3686,N3686,N3686,sa1,1
433,N2331 /1 undetected,output,,N2331,N2331,1,undetected,N2331,N2331,N2331,sa1,1
434,N3994 /1 undetected,output,,N3994,N3994,1,undetected,N3994,N3994,N3994,sa1,1
435,N3993 /1 undetected,output,,N3993,N3993,1,undetected,N3993,N3993,N3993,sa1,1
436,N45033 /1 undetected,output,,N45033,N45033,1,undetected,N45033,N45033,N45033,sa1,1
437,N2350 /1 undetected,output,,N2350,N2350,1,undetected,N2350,N2350,N2350,sa1,1
438,N3992 /1 undetected,output,,N3992,N3992,1,undetected,N3992,N3992,N3992,sa1,1
439,N47684 /1 undetected,output,,N47684,N47684,1,undetected,N47684,N47684,N47684,sa1,1
440,N44139 /1 undetected,output,,N44139,N44139,1,undetected,N44139,N44139,N44139,sa1,1
441,N1678 /1 undetected,output,,N1678,N1678,1,undetected,N1678,N1678,N1678,sa1,1
442,N21195 /1 undetected,output,,N21195,N21195,1,undetected,N21195,N21195,N21195,sa1,1
443,N21194 /1 undetected,output,,N21194,N21194,1,undetected,N21194,N21194,N21194,sa1,1
444,N1677 /1 undetected,output,,N1677,N1677,1,undetected,N1677,N1677,N1677,sa1,1
445,N21193 /1 undetected,output,,N21193,N21193,1,undetected,N21193,N21193,N21193,sa1,1
446,N1676 /1 undetected,output,,N1676,N1676,1,undetected,N1676,N1676,N1676,sa1,1
447,N21192 /1 undetected,output,,N21192,N21192,1,undetected,N21192,N21192,N21192,sa1,1
448,N3970 /1 undetected,output,,N3970,N3970,1,undetected,N3970,N3970,N3970,sa1,1
449,N3969 /1 undetected,output,,N3969,N3969,1,undetected,N3969,N3969,N3969,sa1,1
450,N45546 /1 undetected,output,,N45546,N45546,1,undetected,N45546,N45546,N45546,sa1,1
451,N43535 /1 undetected,output,,N43535,N43535,1,undetected,N43535,N43535,N43535,sa1,1
452,N3968 /1 undetected,output,,N3968,N3968,1,undetected,N3968,N3968,N3968,sa1,1
453,N3576 /1 undetected,output,,N3576,N3576,1,undetected,N3576,N3576,N3576,sa1,1
454,N2027 /1 undetected,output,,N2027,N2027,1,undetected,N2027,N2027,N2027,sa1,1
455,N3967 /1 undetected,output,,N3967,N3967,1,undetected,N3967,N3967,N3967,sa1,1
456,N3966 /1 undetected,output,,N3966,N3966,1,undetected,N3966,N3966,N3966,sa1,1
457,N45480 /1 undetected,output,,N45480,N45480,1,undetected,N45480,N45480,N45480,sa1,1
458,N43735 /1 undetected,output,,N43735,N43735,1,undetected,N43735,N43735,N43735,sa1,1
459,N3965 /1 undetected,output,,N3965,N3965,1,undetected,N3965,N3965,N3965,sa1,1
460,N3569 /1 undetected,output,,N3569,N3569,1,undetected,N3569,N3569,N3569,sa1,1
461,N2003 /1 undetected,output,,N2003,N2003,1,undetected,N2003,N2003,N2003,sa1,1
462,N3973 /1 undetected,output,,N3973,N3973,1,undetected,N3973,N3973,N3973,sa1,1
463,N3972 /1 undetected,output,,N3972,N3972,1,undetected,N3972,N3972,N3972,sa1,1
464,N45680 /1 undetected,output,,N45680,N45680,1,undetected,N45680,N45680,N45680,sa1,1
465,N43680 /1 undetected,output,,N43680,N43680,1,undetected,N43680,N43680,N43680,sa1,1
466,N3971 /1 undetected,output,,N3971,N3971,1,undetected,N3971,N3971,N3971,sa1,1
467,N3590 /1 undetected,output,,N3590,N3590,1,undetected,N3590,N3590,N3590,sa1,1
468,N2065 /1 undetected,output,,N2065,N2065,1,undetected,N2065,N2065,N2065,sa1,1
469,N1675 /1 undetected,output,,N1675,N1675,1,undetected,N1675,N1675,N1675,sa1,1
470,N21191 /1 undetected,output,,N21191,N21191,1,undetected,N21191,N21191,N21191,sa1,1
471,N3961 /1 undetected,output,,N3961,N3961,1,undetected,N3961,N3961,N3961,sa1,1
472,N3960 /1 undetected,output,,N3960,N3960,1,undetected,N3960,N3960,N3960,sa1,1
473,N45816 /1 undetected,output,,N45816,N45816,1,undetected,N45816,N45816,N45816,sa1,1
474,N43833 /1 undetected,output,,N43833,N43833,1,undetected,N43833,N43833,N43833,sa1,1
475,N3959 /1 undetected,output,,N3959,N3959,1,undetected,N3959,N3959,N3959,sa1,1
476,N3604 /1 undetected,output,,N3604,N3604,1,undetected,N3604,N3604,N3604,sa1,1
477,N2103 /1 undetected,output,,N2103,N2103,1,undetected,N2103,N2103,N2103,sa1,1
478,N3958 /1 undetected,output,,N3958,N3958,1,undetected,N3958,N3958,N3958,sa1,1
479,N3957 /1 undetected,output,,N3957,N3957,1,undetected,N3957,N3957,N3957,sa1,1
480,N45743 /1 undetected,output,,N45743,N45743,1,undetected,N45743,N45743,N45743,sa1,1
481,N43880 /1 undetected,output,,N43880,N43880,1,undetected,N43880,N43880,N43880,sa1,1
482,N3956 /1 undetected,output,,N3956,N3956,1,undetected,N3956,N3956,N3956,sa1,1
483,N3597 /1 undetected,output,,N3597,N3597,1,undetected,N3597,N3597,N3597,sa1,1
484,N2084 /1 undetected,output,,N2084,N2084,1,undetected,N2084,N2084,N2084,sa1,1
485,N3964 /1 undetected,output,,N3964,N3964,1,undetected,N3964,N3964,N3964,sa1,1
486,N3963 /1 undetected,output,,N3963,N3963,1,undetected,N3963,N3963,N3963,sa1,1
487,N46132 /1 undetected,output,,N46132,N46132,1,undetected,N46132,N46132,N46132,sa1,1
488,N43931 /1 undetected,output,,N43931,N43931,1,undetected,N43931,N43931,N43931,sa1,1
489,N3962 /1 undetected,output,,N3962,N3962,1,undetected,N3962,N3962,N3962,sa1,1
490,N3639 /1 undetected,output,,N3639,N3639,1,undetected,N3639,N3639,N3639,sa1,1
491,N2198 /1 undetected,output,,N2198,N2198,1,undetected,N2198,N2198,N2198,sa1,1
492,N3955 /1 undetected,output,,N3955,N3955,1,undetected,N3955,N3955,N3955,sa1,1
493,N3954 /1 undetected,output,,N3954,N3954,1,undetected,N3954,N3954,N3954,sa1,1
494,N46387 /1 undetected,output,,N46387,N46387,1,undetected,N46387,N46387,N46387,sa1,1
495,N43982 /1 undetected,output,,N43982,N43982,1,undetected,N43982,N43982,N43982,sa1,1
496,N3953 /1 undetected,output,,N3953,N3953,1,undetected,N3953,N3953,N3953,sa1,1
497,N3667 /1 undetected,output,,N3667,N3667,1,undetected,N3667,N3667,N3667,sa1,1
498,N2274 /1 undetected,output,,N2274,N2274,1,undetected,N2274,N2274,N2274,sa1,1
499,N1673 /1 undetected,output,,N1673,N1673,1,undetected,N1673,N1673,N1673,sa1,1
500,N21189 /1 undetected,output,,N21189,N21189,1,undetected,N21189,N21189,N21189,sa1,1
501,N1674 /1 undetected,output,,N1674,N1674,1,undetected,N1674,N1674,N1674,sa1,1
502,N21190 /1 undetected,output,,N21190,N21190,1,undetected,N21190,N21190,N21190,sa1,1
503,N3949 /1 undetected,output,,N3949,N3949,1,undetected,N3949,N3949,N3949,sa1,1
504,N3948 /1 undetected,output,,N3948,N3948,1,undetected,N3948,N3948,N3948,sa1,1
505,N45428 /1 undetected,output,,N45428,N45428,1,undetected,N45428,N45428,N45428,sa1,1
506,N44214 /1 undetected,output,,N44214,N44214,1,undetected,N44214,N44214,N44214,sa1,1
507,N3947 /1 undetected,output,,N3947,N3947,1,undetected,N3947,N3947,N3947,sa1,1
508,N3562 /1 undetected,output,,N3562,N3562,1,undetected,N3562,N3562,N3562,sa1,1
509,N1984 /1 undetected,output,,N1984,N1984,1,undetected,N1984,N1984,N1984,sa1,1
510,N3946 /1 undetected,output,,N3946,N3946,1,undetected,N3946,N3946,N3946,sa1,1
511,N3945 /1 undetected,output,,N3945,N3945,1,undetected,N3945,N3945,N3945,sa1,1
512,N45377 /1 undetected,output,,N45377,N45377,1,undetected,N45377,N45377,N45377,sa1,1
513,N44179 /1 undetected,output,,N44179,N44179,1,undetected,N44179,N44179,N44179,sa1,1
514,N3944 /1 undetected,output,,N3944,N3944,1,undetected,N3944,N3944,N3944,sa1,1
515,N3547 /1 undetected,output,,N3547,N3547,1,undetected,N3547,N3547,N3547,sa1,1
516,N2008 /1 undetected,output,,N2008,N2008,1,undetected,N2008,N2008,N2008,sa1,1
517,N3943 /1 undetected,output,,N3943,N3943,1,undetected,N3943,N3943,N3943,sa1,1
518,N3942 /1 undetected,output,,N3942,N3942,1,undetected,N3942,N3942,N3942,sa1,1
519,N46265 /1 undetected,output,,N46265,N46265,1,undetected,N46265,N46265,N46265,sa1,1
520,N44252 /1 undetected,output,,N44252,N44252,1,undetected,N44252,N44252,N44252,sa1,1
521,N3941 /1 undetected,output,,N3941,N3941,1,undetected,N3941,N3941,N3941,sa1,1
522,N3653 /1 undetected,output,,N3653,N3653,1,undetected,N3653,N3653,N3653,sa1,1
523,N2236 /1 undetected,output,,N2236,N2236,1,undetected,N2236,N2236,N2236,sa1,1
524,N1672 /1 undetected,output,,N1672,N1672,1,undetected,N1672,N1672,N1672,sa1,1
525,N21188 /1 undetected,output,,N21188,N21188,1,undetected,N21188,N21188,N21188,sa1,1
526,N3937 /1 undetected,output,,N3937,N3937,1,undetected,N3937,N3937,N3937,sa1,1
527,N3936 /1 undetected,output,,N3936,N3936,1,undetected,N3936,N3936,N3936,sa1,1
528,N45937 /1 undetected,output,,N45937,N45937,1,undetected,N45937,N45937,N45937,sa1,1
529,N44444 /1 undetected,output,,N44444,N44444,1,undetected,N44444,N44444,N44444,sa1,1
530,N3935 /1 undetected,output,,N3935,N3935,1,undetected,N3935,N3935,N3935,sa1,1
531,N3618 /1 undetected,output,,N3618,N3618,1,undetected,N3618,N3618,N3618,sa1,1
532,N2141 /1 undetected,output,,N2141,N2141,1,undetected,N2141,N2141,N2141,sa1,1
533,N3934 /1 undetected,output,,N3934,N3934,1,undetected,N3934,N3934,N3934,sa1,1
534,N3933 /1 undetected,output,,N3933,N3933,1,undetected,N3933,N3933,N3933,sa1,1
535,N45875 /1 undetected,output,,N45875,N45875,1,undetected,N45875,N45875,N45875,sa1,1
536,N44495 /1 undetected,output,,N44495,N44495,1,undetected,N44495,N44495,N44495,sa1,1
537,N3932 /1 undetected,output,,N3932,N3932,1,undetected,N3932,N3932,N3932,sa1,1
538,N3611 /1 undetected,output,,N3611,N3611,1,undetected,N3611,N3611,N3611,sa1,1
539,N2122 /1 undetected,output,,N2122,N2122,1,undetected,N2122,N2122,N2122,sa1,1
540,N3940 /1 undetected,output,,N3940,N3940,1,undetected,N3940,N3940,N3940,sa1,1
541,N3939 /1 undetected,output,,N3939,N3939,1,undetected,N3939,N3939,N3939,sa1,1
542,N46199 /1 undetected,output,,N46199,N46199,1,undetected,N46199,N46199,N46199,sa1,1
543,N44299 /1 undetected,output,,N44299,N44299,1,undetected,N44299,N44299,N44299,sa1,1
544,N3938 /1 undetected,output,,N3938,N3938,1,undetected,N3938,N3938,N3938,sa1,1
545,N3646 /1 undetected,output,,N3646,N3646,1,undetected,N3646,N3646,N3646,sa1,1
546,N2217 /1 undetected,output,,N2217,N2217,1,undetected,N2217,N2217,N2217,sa1,1
547,N3952 /1 undetected,output,,N3952,N3952,1,undetected,N3952,N3952,N3952,sa1,1
548,N3951 /1 undetected,output,,N3951,N3951,1,undetected,N3951,N3951,N3951,sa1,1
549,N46325 /1 undetected,output,,N46325,N46325,1,undetected,N46325,N46325,N46325,sa1,1
550,N44033 /1 undetected,output,,N44033,N44033,1,undetected,N44033,N44033,N44033,sa1,1
551,N3950 /1 undetected,output,,N3950,N3950,1,undetected,N3950,N3950,N3950,sa1,1
552,N3660 /1 undetected,output,,N3660,N3660,1,undetected,N3660,N3660,N3660,sa1,1
553,N2255 /1 undetected,output,,N2255,N2255,1,undetected,N2255,N2255,N2255,sa1,1
554,N3931 /1 undetected,output,,N3931,N3931,1,undetected,N3931,N3931,N3931,sa1,1
555,N3930 /1 undetected,output,,N3930,N3930,1,undetected,N3930,N3930,N3930,sa1,1
556,N46459 /1 undetected,output,,N46459,N46459,1,undetected,N46459,N46459,N46459,sa1,1
557,N43786 /1 undetected,output,,N43786,N43786,1,undetected,N43786,N43786,N43786,sa1,1
558,N3929 /1 undetected,output,,N3929,N3929,1,undetected,N3929,N3929,N3929,sa1,1
559,N3674 /1 undetected,output,,N3674,N3674,1,undetected,N3674,N3674,N3674,sa1,1
560,N2293 /1 undetected,output,,N2293,N2293,1,undetected,N2293,N2293,N2293,sa1,1
561,N3976 /1 undetected,output,,N3976,N3976,1,undetected,N3976,N3976,N3976,sa1,1
562,N3975 /1 undetected,output,,N3975,N3975,1,undetected,N3975,N3975,N3975,sa1,1
563,N46524 /1 undetected,output,,N46524,N46524,1,undetected,N46524,N46524,N46524,sa1,1
564,N44401 /1 undetected,output,,N44401,N44401,1,undetected,N44401,N44401,N44401,sa1,1
565,N3974 /1 undetected,output,,N3974,N3974,1,undetected,N3974,N3974,N3974,sa1,1
566,N3681 /1 undetected,output,,N3681,N3681,1,undetected,N3681,N3681,N3681,sa1,1
567,N2312 /1 undetected,output,,N2312,N2312,1,undetected,N2312,N2312,N2312,sa1,1
568,N1679 /1 undetected,output,,N1679,N1679,1,undetected,N1679,N1679,N1679,sa1,1
569,N4000 /1 undetected,output,,N4000,N4000,1,undetected,N4000,N4000,N4000,sa1,1
570,N3999 /1 undetected,output,,N3999,N3999,1,undetected,N3999,N3999,N3999,sa1,1
571,N45073 /1 undetected,output,,N45073,N45073,1,undetected,N45073,N45073,N45073,sa1,1
572,N2539 /1 undetected,output,,N2539,N2539,1,undetected,N2539,N2539,N2539,sa1,1
573,N3998 /1 undetected,output,,N3998,N3998,1,undetected,N3998,N3998,N3998,sa1,1
574,N47738 /1 undetected,output,,N47738,N47738,1,undetected,N47738,N47738,N47738,sa1,1
575,N43309 /1 undetected,output,,N43309,N43309,1,undetected,N43309,N43309,N43309,sa1,1
576,N3997 /1 undetected,output,,N3997,N3997,1,undetected,N3997,N3997,N3997,sa1,1
577,N3996 /1 undetected,output,,N3996,N3996,1,undetected,N3996,N3996,N3996,sa1,1
578,N45069 /1 undetected,output,,N45069,N45069,1,undetected,N45069,N45069,N45069,sa1,1
579,N2521 /1 undetected,output,,N2521,N2521,1,undetected,N2521,N2521,N2521,sa1,1
580,N3995 /1 undetected,output,,N3995,N3995,1,undetected,N3995,N3995,N3995,sa1,1
581,N47750 /1 undetected,output,,N47750,N47750,1,undetected,N47750,N47750,N47750,sa1,1
582,N43169 /1 undetected,output,,N43169,N43169,1,undetected,N43169,N43169,N43169,sa1,1
583,N1684 /1 undetected,output,,N1684,N1684,1,undetected,N1684,N1684,N1684,sa1,1
584,N21202 /1 undetected,output,,N21202,N21202,1,undetected,N21202,N21202,N21202,sa1,1
585,N21201 /1 undetected,output,,N21201,N21201,1,undetected,N21201,N21201,N21201,sa1,1
586,N1683 /1 undetected,output,,N1683,N1683,1,undetected,N1683,N1683,N1683,sa1,1
587,N3928 /1 undetected,output,,N3928,N3928,1,undetected,N3928,N3928,N3928,sa1,1
588,N3927 /1 undetected,output,,N3927,N3927,1,undetected,N3927,N3927,N3927,sa1,1
589,N45057 /1 undetected,output,,N45057,N45057,1,undetected,N45057,N45057,N45057,sa1,1
590,N2464 /1 undetected,output,,N2464,N2464,1,undetected,N2464,N2464,N2464,sa1,1
591,N3926 /1 undetected,output,,N3926,N3926,1,undetected,N3926,N3926,N3926,sa1,1
592,N47395 /1 undetected,output,,N47395,N47395,1,undetected,N47395,N47395,N47395,sa1,1
593,N43218 /1 undetected,output,,N43218,N43218,1,undetected,N43218,N43218,N43218,sa1,1
594,N3925 /1 undetected,output,,N3925,N3925,1,undetected,N3925,N3925,N3925,sa1,1
595,N3924 /1 undetected,output,,N3924,N3924,1,undetected,N3924,N3924,N3924,sa1,1
596,N45053 /1 undetected,output,,N45053,N45053,1,undetected,N45053,N45053,N45053,sa1,1
597,N2445 /1 undetected,output,,N2445,N2445,1,undetected,N2445,N2445,N2445,sa1,1
598,N3923 /1 undetected,output,,N3923,N3923,1,undetected,N3923,N3923,N3923,sa1,1
599,N47441 /1 undetected,output,,N47441,N47441,1,undetected,N47441,N47441,N47441,sa1,1
600,N43265 /1 undetected,output,,N43265,N43265,1,undetected,N43265,N43265,N43265,sa1,1
601,N1682 /1 undetected,output,,N1682,N1682,1,undetected,N1682,N1682,N1682,sa1,1
602,N21200 /1 undetected,output,,N21200,N21200,1,undetected,N21200,N21200,N21200,sa1,1
603,N21199 /1 undetected,output,,N21199,N21199,1,undetected,N21199,N21199,N21199,sa1,1
604,N3922 /1 undetected,output,,N3922,N3922,1,undetected,N3922,N3922,N3922,sa1,1
605,N3921 /1 undetected,output,,N3921,N3921,1,undetected,N3921,N3921,N3921,sa1,1
606,N45041 /1 undetected,output,,N45041,N45041,1,undetected,N45041,N45041,N45041,sa1,1
607,N2388 /1 undetected,output,,N2388,N2388,1,undetected,N2388,N2388,N2388,sa1,1
608,N3920 /1 undetected,output,,N3920,N3920,1,undetected,N3920,N3920,N3920,sa1,1
609,N47588 /1 undetected,output,,N47588,N47588,1,undetected,N47588,N47588,N47588,sa1,1
610,N43378 /1 undetected,output,,N43378,N43378,1,undetected,N43378,N43378,N43378,sa1,1
611,N3919 /1 undetected,output,,N3919,N3919,1,undetected,N3919,N3919,N3919,sa1,1
612,N3918 /1 undetected,output,,N3918,N3918,1,undetected,N3918,N3918,N3918,sa1,1
613,N45037 /1 undetected,output,,N45037,N45037,1,undetected,N45037,N45037,N45037,sa1,1
614,N2369 /1 undetected,output,,N2369,N2369,1,undetected,N2369,N2369,N2369,sa1,1
615,N3917 /1 undetected,output,,N3917,N3917,1,undetected,N3917,N3917,N3917,sa1,1
616,N47634 /1 undetected,output,,N47634,N47634,1,undetected,N47634,N47634,N47634,sa1,1
617,N44088 /1 undetected,output,,N44088,N44088,1,undetected,N44088,N44088,N44088,sa1,1
618,N3916 /1 undetected,output,,N3916,N3916,1,undetected,N3916,N3916,N3916,sa1,1
619,N3915 /1 undetected,output,,N3915,N3915,1,undetected,N3915,N3915,N3915,sa1,1
620,N45045 /1 undetected,output,,N45045,N45045,1,undetected,N45045,N45045,N45045,sa1,1
621,N2407 /1 undetected,output,,N2407,N2407,1,undetected,N2407,N2407,N2407,sa1,1
622,N3914 /1 undetected,output,,N3914,N3914,1,undetected,N3914,N3914,N3914,sa1,1
623,N47534 /1 undetected,output,,N47534,N47534,1,undetected,N47534,N47534,N47534,sa1,1
624,N43633 /1 undetected,output,,N43633,N43633,1,undetected,N43633,N43633,N43633,sa1,1
625,N3913 /1 undetected,output,,N3913,N3913,1,undetected,N3913,N3913,N3913,sa1,1
626,N3912 /1 undetected,output,,N3912,N3912,1,undetected,N3912,N3912,N3912,sa1,1
627,N45049 /1 undetected,output,,N45049,N45049,1,undetected,N45049,N45049,N45049,sa1,1
628,N2426 /1 undetected,output,,N2426,N2426,1,undetected,N2426,N2426,N2426,sa1,1
629,N3911 /1 undetected,output,,N3911,N3911,1,undetected,N3911,N3911,N3911,sa1,1
630,N47492 /1 undetected,output,,N47492,N47492,1,undetected,N47492,N47492,N47492,sa1,1
631,N43590 /1 undetected,output,,N43590,N43590,1,undetected,N43590,N43590,N43590,sa1,1
632,N3910 /1 undetected,output,,N3910,N3910,1,undetected,N3910,N3910,N3910,sa1,1
633,N3909 /1 undetected,output,,N3909,N3909,1,undetected,N3909,N3909,N3909,sa1,1
634,N45061 /1 undetected,output,,N45061,N45061,1,undetected,N45061,N45061,N45061,sa1,1
635,N2483 /1 undetected,output,,N2483,N2483,1,undetected,N2483,N2483,N2483,sa1,1
636,N3908 /1 undetected,output,,N3908,N3908,1,undetected,N3908,N3908,N3908,sa1,1
637,N47344 /1 undetected,output,,N47344,N47344,1,undetected,N47344,N47344,N47344,sa1,1
638,N43073 /1 undetected,output,,N43073,N43073,1,undetected,N43073,N43073,N43073,sa1,1
639,N3907 /1 undetected,output,,N3907,N3907,1,undetected,N3907,N3907,N3907,sa1,1
640,N3906 /1 undetected,output,,N3906,N3906,1,undetected,N3906,N3906,N3906,sa1,1
641,N45065 /1 undetected,output,,N45065,N45065,1,undetected,N45065,N45065,N45065,sa1,1
642,N2502 /1 undetected,output,,N2502,N2502,1,undetected,N2502,N2502,N2502,sa1,1
643,N3905 /1 undetected,output,,N3905,N3905,1,undetected,N3905,N3905,N3905,sa1,1
644,N47294 /1 undetected,output,,N47294,N47294,1,undetected,N47294,N47294,N47294,sa1,1
645,N43123 /1 undetected,output,,N43123,N43123,1,undetected,N43123,N43123,N43123,sa1,1
646,test_en->__tpi_cp_150_N57045 /0 undetected,input_edge,test_en,__tpi_cp_150_N57045,__tpi_cp_150_N57045,0,undetected,__tpi_cp_150_N57045,__tpi_cp_150_N57045,__tpi_cp_150_N57045,sa0,1
647,test_en->__tpi_cp_161___buf_split_22612 /0 undetected,input_edge,test_en,__tpi_cp_161___buf_split_22612,__tpi_cp_161___buf_split_22612,0,undetected,__tpi_cp_161___buf_split_22612,__tpi_cp_161___buf_split_22612,__tpi_cp_161___buf_split_22612,sa0,1
648,N56420 /1 undetected,output,,N56420,N56420,1,undetected,N56420,N56420,N56420,sa1,1
649,test_en->__tpi_cp_211_N31362 /0 undetected,input_edge,test_en,__tpi_cp_211_N31362,__tpi_cp_211_N31362,0,undetected,__tpi_cp_211_N31362,__tpi_cp_211_N31362,__tpi_cp_211_N31362,sa0,1
650,N15070 /1 undetected,output,,N15070,N15070,1,undetected,N15070,N15070,N15070,sa1,1
651,N15069 /1 undetected,output,,N15069,N15069,1,undetected,N15069,N15069,N15069,sa1,1
652,N50748 /1 undetected,output,,N50748,N50748,1,undetected,N50748,N50748,N50748,sa1,1
653,N14940 /1 undetected,output,,N14940,N14940,1,undetected,N14940,N14940,N14940,sa1,1
654,N15067 /1 undetected,output,,N15067,N15067,1,undetected,N15067,N15067,N15067,sa1,1
655,N50750 /1 undetected,output,,N50750,N50750,1,undetected,N50750,N50750,N50750,sa1,1
656,N14964 /1 undetected,output,,N14964,N14964,1,undetected,N14964,N14964,N14964,sa1,1
657,N15059 /1 undetected,output,,N15059,N15059,1,undetected,N15059,N15059,N15059,sa1,1
658,N23247 /1 undetected,output,,N23247,N23247,1,undetected,N23247,N23247,N23247,sa1,1
659,N23246 /1 undetected,output,,N23246,N23246,1,undetected,N23246,N23246,N23246,sa1,1
660,N15055 /1 undetected,output,,N15055,N15055,1,undetected,N15055,N15055,N15055,sa1,1
661,N59316 /1 undetected,output,,N59316,N59316,1,undetected,N59316,N59316,N59316,sa1,1
662,N14995 /1 undetected,output,,N14995,N14995,1,undetected,N14995,N14995,N14995,sa1,1
663,N50776 /1 undetected,output,,N50776,N50776,1,undetected,N50776,N50776,N50776,sa1,1
664,N14951 /1 undetected,output,,N14951,N14951,1,undetected,N14951,N14951,N14951,sa1,1
665,N15054 /1 undetected,output,,N15054,N15054,1,undetected,N15054,N15054,N15054,sa1,1
666,N59310 /1 undetected,output,,N59310,N59310,1,undetected,N59310,N59310,N59310,sa1,1
667,N14994 /1 undetected,output,,N14994,N14994,1,undetected,N14994,N14994,N14994,sa1,1
668,N50763 /1 undetected,output,,N50763,N50763,1,undetected,N50763,N50763,N50763,sa1,1
669,N14948 /1 undetected,output,,N14948,N14948,1,undetected,N14948,N14948,N14948,sa1,1
670,N15053 /1 undetected,output,,N15053,N15053,1,undetected,N15053,N15053,N15053,sa1,1
671,N59361 /1 undetected,output,,N59361,N59361,1,undetected,N59361,N59361,N59361,sa1,1
672,N14993 /1 undetected,output,,N14993,N14993,1,undetected,N14993,N14993,N14993,sa1,1
673,N50761 /1 undetected,output,,N50761,N50761,1,undetected,N50761,N50761,N50761,sa1,1
674,N14943 /1 undetected,output,,N14943,N14943,1,undetected,N14943,N14943,N14943,sa1,1
675,N59315 /1 undetected,output,,N59315,N59315,1,undetected,N59315,N59315,N59315,sa1,1
676,N14992 /1 undetected,output,,N14992,N14992,1,undetected,N14992,N14992,N14992,sa1,1
677,N23231 /1 undetected,output,,N23231,N23231,1,undetected,N23231,N23231,N23231,sa1,1
678,N15045 /1 undetected,output,,N15045,N15045,1,undetected,N15045,N15045,N15045,sa1,1
679,N50709 /1 undetected,output,,N50709,N50709,1,undetected,N50709,N50709,N50709,sa1,1
680,N15044 /1 undetected,output,,N15044,N15044,1,undetected,N15044,N15044,N15044,sa1,1
681,N34192 /1 undetected,output,,N34192,N34192,1,undetected,N34192,N34192,N34192,sa1,1
682,N34191 /1 undetected,output,,N34191,N34191,1,undetected,N34191,N34191,N34191,sa1,1
683,N15043 /1 undetected,output,,N15043,N15043,1,undetected,N15043,N15043,N15043,sa1,1
684,N50779 /1 undetected,output,,N50779,N50779,1,undetected,N50779,N50779,N50779,sa1,1
685,N50777 /1 undetected,output,,N50777,N50777,1,undetected,N50777,N50777,N50777,sa1,1
686,N4179 /1 undetected,output,,N4179,N4179,1,undetected,N4179,N4179,N4179,sa1,1
687,N6732 /1 undetected,output,,N6732,N6732,1,undetected,N6732,N6732,N6732,sa1,1
688,N53099 /1 undetected,output,,N53099,N53099,1,undetected,N53099,N53099,N53099,sa1,1
689,N50285 /1 undetected,output,,N50285,N50285,1,undetected,N50285,N50285,N50285,sa1,1
690,N6731 /1 undetected,output,,N6731,N6731,1,undetected,N6731,N6731,N6731,sa1,1
691,N54202 /1 undetected,output,,N54202,N54202,1,undetected,N54202,N54202,N54202,sa1,1
692,N51482 /1 undetected,output,,N51482,N51482,1,undetected,N51482,N51482,N51482,sa1,1
693,N14999 /1 undetected,output,,N14999,N14999,1,undetected,N14999,N14999,N14999,sa1,1
694,N15056 /1 undetected,output,,N15056,N15056,1,undetected,N15056,N15056,N15056,sa1,1
695,N59314 /1 undetected,output,,N59314,N59314,1,undetected,N59314,N59314,N59314,sa1,1
696,N15050 /1 undetected,output,,N15050,N15050,1,undetected,N15050,N15050,N15050,sa1,1
697,N23244 /1 undetected,output,,N23244,N23244,1,undetected,N23244,N23244,N23244,sa1,1
698,N23243 /1 undetected,output,,N23243,N23243,1,undetected,N23243,N23243,N23243,sa1,1
699,N59312 /1 undetected,output,,N59312,N59312,1,undetected,N59312,N59312,N59312,sa1,1
700,N15049 /1 undetected,output,,N15049,N15049,1,undetected,N15049,N15049,N15049,sa1,1
701,N50772 /1 undetected,output,,N50772,N50772,1,undetected,N50772,N50772,N50772,sa1,1
702,N14949 /1 undetected,output,,N14949,N14949,1,undetected,N14949,N14949,N14949,sa1,1
703,N15048 /1 undetected,output,,N15048,N15048,1,undetected,N15048,N15048,N15048,sa1,1
704,N50770 /1 undetected,output,,N50770,N50770,1,undetected,N50770,N50770,N50770,sa1,1
705,N14946 /1 undetected,output,,N14946,N14946,1,undetected,N14946,N14946,N14946,sa1,1
706,N15047 /1 undetected,output,,N15047,N15047,1,undetected,N15047,N15047,N15047,sa1,1
707,N59363 /1 undetected,output,,N59363,N59363,1,undetected,N59363,N59363,N59363,sa1,1
708,N14996 /1 undetected,output,,N14996,N14996,1,undetected,N14996,N14996,N14996,sa1,1
709,N50774 /1 undetected,output,,N50774,N50774,1,undetected,N50774,N50774,N50774,sa1,1
710,N14950 /1 undetected,output,,N14950,N14950,1,undetected,N14950,N14950,N14950,sa1,1
711,N14997 /1 undetected,output,,N14997,N14997,1,undetected,N14997,N14997,N14997,sa1,1
712,N59317 /1 undetected,output,,N59317,N59317,1,undetected,N59317,N59317,N59317,sa1,1
713,N14998 /1 undetected,output,,N14998,N14998,1,undetected,N14998,N14998,N14998,sa1,1
714,N15058 /1 undetected,output,,N15058,N15058,1,undetected,N15058,N15058,N15058,sa1,1
715,N50757 /1 undetected,output,,N50757,N50757,1,undetected,N50757,N50757,N50757,sa1,1
716,N14963 /1 undetected,output,,N14963,N14963,1,undetected,N14963,N14963,N14963,sa1,1
717,N15057 /1 undetected,output,,N15057,N15057,1,undetected,N15057,N15057,N15057,sa1,1
718,N50759 /1 undetected,output,,N50759,N50759,1,undetected,N50759,N50759,N50759,sa1,1
719,N14944 /1 undetected,output,,N14944,N14944,1,undetected,N14944,N14944,N14944,sa1,1
720,N15003 /1 undetected,output,,N15003,N15003,1,undetected,N15003,N15003,N15003,sa1,1
721,N15062 /1 undetected,output,,N15062,N15062,1,undetected,N15062,N15062,N15062,sa1,1
722,N59318 /1 undetected,output,,N59318,N59318,1,undetected,N59318,N59318,N59318,sa1,1
723,N50691 /1 undetected,output,,N50691,N50691,1,undetected,N50691,N50691,N50691,sa1,1
724,N15002 /1 undetected,output,,N15002,N15002,1,undetected,N15002,N15002,N15002,sa1,1
725,N15061 /1 undetected,output,,N15061,N15061,1,undetected,N15061,N15061,N15061,sa1,1
726,N15060 /1 undetected,output,,N15060,N15060,1,undetected,N15060,N15060,N15060,sa1,1
727,N59335 /1 undetected,output,,N59335,N59335,1,undetected,N59335,N59335,N59335,sa1,1
728,N50753 /1 undetected,output,,N50753,N50753,1,undetected,N50753,N50753,N50753,sa1,1
729,N50689 /1 undetected,output,,N50689,N50689,1,undetected,N50689,N50689,N50689,sa1,1
730,N15004 /1 undetected,output,,N15004,N15004,1,undetected,N15004,N15004,N15004,sa1,1
731,N15064 /1 undetected,output,,N15064,N15064,1,undetected,N15064,N15064,N15064,sa1,1
732,N50687 /1 undetected,output,,N50687,N50687,1,undetected,N50687,N50687,N50687,sa1,1
733,N15063 /1 undetected,output,,N15063,N15063,1,undetected,N15063,N15063,N15063,sa1,1
734,N50685 /1 undetected,output,,N50685,N50685,1,undetected,N50685,N50685,N50685,sa1,1
735,N15030 /1 undetected,output,,N15030,N15030,1,undetected,N15030,N15030,N15030,sa1,1
736,N50683 /1 undetected,output,,N50683,N50683,1,undetected,N50683,N50683,N50683,sa1,1
737,N50746 /1 undetected,output,,N50746,N50746,1,undetected,N50746,N50746,N50746,sa1,1
738,N14939 /1 undetected,output,,N14939,N14939,1,undetected,N14939,N14939,N14939,sa1,1
739,N14934 /1 undetected,output,,N14934,N14934,1,undetected,N14934,N14934,N14934,sa1,1
740,N3432 /1 undetected,output,,N3432,N3432,1,undetected,N3432,N3432,N3432,sa1,1
741,N43216 /1 undetected,output,,N43216,N43216,1,undetected,N43216,N43216,N43216,sa1,1
742,N10497 /1 undetected,output,,N10497,N10497,1,undetected,N10497,N10497,N10497,sa1,1
743,N56418 /1 undetected,output,,N56418,N56418,1,undetected,N56418,N56418,N56418,sa1,1
744,N46917 /1 undetected,output,,N46917,N46917,1,undetected,N46917,N46917,N46917,sa1,1
745,N56466 /1 undetected,output,,N56466,N56466,1,undetected,N56466,N56466,N56466,sa1,1
746,N3426 /1 undetected,output,,N3426,N3426,1,undetected,N3426,N3426,N3426,sa1,1
747,N43121 /1 undetected,output,,N43121,N43121,1,undetected,N43121,N43121,N43121,sa1,1
748,test_en->__tpi_cp_76_N34160 /0 undetected,input_edge,test_en,__tpi_cp_76_N34160,__tpi_cp_76_N34160,0,undetected,__tpi_cp_76_N34160,__tpi_cp_76_N34160,__tpi_cp_76_N34160,sa0,1
749,test_en->__tpi_cp_240_N15088 /0 undetected,input_edge,test_en,__tpi_cp_240_N15088,__tpi_cp_240_N15088,0,undetected,__tpi_cp_240_N15088,__tpi_cp_240_N15088,__tpi_cp_240_N15088,sa0,1
750,test_en->__tpi_cp_146_N15087 /0 undetected,input_edge,test_en,__tpi_cp_146_N15087,__tpi_cp_146_N15087,0,undetected,__tpi_cp_146_N15087,__tpi_cp_146_N15087,__tpi_cp_146_N15087,sa0,1
751,test_en->__tpi_cp_140_N31379 /0 undetected,input_edge,test_en,__tpi_cp_140_N31379,__tpi_cp_140_N31379,0,undetected,__tpi_cp_140_N31379,__tpi_cp_140_N31379,__tpi_cp_140_N31379,sa0,1
752,test_en->__tpi_cp_142_N11035 /0 undetected,input_edge,test_en,__tpi_cp_142_N11035,__tpi_cp_142_N11035,0,undetected,__tpi_cp_142_N11035,__tpi_cp_142_N11035,__tpi_cp_142_N11035,sa0,1
753,test_en->__tpi_cp_249_N31378 /0 undetected,input_edge,test_en,__tpi_cp_249_N31378,__tpi_cp_249_N31378,0,undetected,__tpi_cp_249_N31378,__tpi_cp_249_N31378,__tpi_cp_249_N31378,sa0,1
754,test_en->__tpi_cp_223_N31644 /0 undetected,input_edge,test_en,__tpi_cp_223_N31644,__tpi_cp_223_N31644,0,undetected,__tpi_cp_223_N31644,__tpi_cp_223_N31644,__tpi_cp_223_N31644,sa0,1
755,test_en->__tpi_cp_228_N31643 /0 undetected,input_edge,test_en,__tpi_cp_228_N31643,__tpi_cp_228_N31643,0,undetected,__tpi_cp_228_N31643,__tpi_cp_228_N31643,__tpi_cp_228_N31643,sa0,1
756,N62134 /1 undetected,output,,N62134,N62134,1,undetected,N62134,N62134,N62134,sa1,1
757,test_en->__tpi_cp_167_N44760 /0 undetected,input_edge,test_en,__tpi_cp_167_N44760,__tpi_cp_167_N44760,0,undetected,__tpi_cp_167_N44760,__tpi_cp_167_N44760,__tpi_cp_167_N44760,sa0,1
758,test_en->__tpi_cp_209___buf_split_21991 /0 undetected,input_edge,test_en,__tpi_cp_209___buf_split_21991,__tpi_cp_209___buf_split_21991,0,undetected,__tpi_cp_209___buf_split_21991,__tpi_cp_209___buf_split_21991,__tpi_cp_209___buf_split_21991,sa0,1
759,N46918 /1 undetected,output,,N46918,N46918,1,undetected,N46918,N46918,N46918,sa1,1
760,N56467 /1 undetected,output,,N56467,N56467,1,undetected,N56467,N56467,N56467,sa1,1
761,N3435 /1 undetected,output,,N3435,N3435,1,undetected,N3435,N3435,N3435,sa1,1
762,N43263 /1 undetected,output,,N43263,N43263,1,undetected,N43263,N43263,N43263,sa1,1
763,N9003 /1 undetected,output,,N9003,N9003,1,undetected,N9003,N9003,N9003,sa1,1
764,N8928 /1 undetected,output,,N8928,N8928,1,undetected,N8928,N8928,N8928,sa1,1
765,N55547 /1 undetected,output,,N55547,N55547,1,undetected,N55547,N55547,N55547,sa1,1
766,test_en->__tpi_cp_116_N34231 /0 undetected,input_edge,test_en,__tpi_cp_116_N34231,__tpi_cp_116_N34231,0,undetected,__tpi_cp_116_N34231,__tpi_cp_116_N34231,__tpi_cp_116_N34231,sa0,1
767,N46916 /1 undetected,output,,N46916,N46916,1,undetected,N46916,N46916,N46916,sa1,1
768,N56465 /1 undetected,output,,N56465,N56465,1,undetected,N56465,N56465,N56465,sa1,1
769,N3361 /1 undetected,output,,N3361,N3361,1,undetected,N3361,N3361,N3361,sa1,1
770,N48170 /1 undetected,output,,N48170,N48170,1,undetected,N48170,N48170,N48170,sa1,1
771,N45271 /1 undetected,output,,N45271,N45271,1,undetected,N45271,N45271,N45271,sa1,1
772,N46954 /1 undetected,output,,N46954,N46954,1,undetected,N46954,N46954,N46954,sa1,1
773,N3437 /1 undetected,output,,N3437,N3437,1,undetected,N3437,N3437,N3437,sa1,1
774,N46986 /1 undetected,output,,N46986,N46986,1,undetected,N46986,N46986,N46986,sa1,1
775,N3438 /1 undetected,output,,N3438,N3438,1,undetected,N3438,N3438,N3438,sa1,1
776,N43588 /1 undetected,output,,N43588,N43588,1,undetected,N43588,N43588,N43588,sa1,1
777,test_en->__tpi_cp_90_N31426 /0 undetected,input_edge,test_en,__tpi_cp_90_N31426,__tpi_cp_90_N31426,0,undetected,__tpi_cp_90_N31426,__tpi_cp_90_N31426,__tpi_cp_90_N31426,sa0,1
778,N15850 /1 undetected,output,,N15850,N15850,1,undetected,N15850,N15850,N15850,sa1,1
779,N15775 /1 undetected,output,,N15775,N15775,1,undetected,N15775,N15775,N15775,sa1,1
780,N59882 /1 undetected,output,,N59882,N59882,1,undetected,N59882,N59882,N59882,sa1,1
781,N12901 /1 undetected,output,,N12901,N12901,1,undetected,N12901,N12901,N12901,sa1,1
782,test_en->__tpi_cp_141_N50715 /0 undetected,input_edge,test_en,__tpi_cp_141_N50715,__tpi_cp_141_N50715,0,undetected,__tpi_cp_141_N50715,__tpi_cp_141_N50715,__tpi_cp_141_N50715,sa0,1
783,test_en->__tpi_cp_242_N31527 /0 undetected,input_edge,test_en,__tpi_cp_242_N31527,__tpi_cp_242_N31527,0,undetected,__tpi_cp_242_N31527,__tpi_cp_242_N31527,__tpi_cp_242_N31527,sa0,1
784,test_en->__tpi_cp_199_N23973 /0 undetected,input_edge,test_en,__tpi_cp_199_N23973,__tpi_cp_199_N23973,0,undetected,__tpi_cp_199_N23973,__tpi_cp_199_N23973,__tpi_cp_199_N23973,sa0,1
785,test_en->__tpi_cp_164_N964 /0 undetected,input_edge,test_en,__tpi_cp_164_N964,__tpi_cp_164_N964,0,undetected,__tpi_cp_164_N964,__tpi_cp_164_N964,__tpi_cp_164_N964,sa0,1
786,test_en->__tpi_cp_251_N23974 /0 undetected,input_edge,test_en,__tpi_cp_251_N23974,__tpi_cp_251_N23974,0,undetected,__tpi_cp_251_N23974,__tpi_cp_251_N23974,__tpi_cp_251_N23974,sa0,1
787,test_en->__tpi_cp_148_N25600 /0 undetected,input_edge,test_en,__tpi_cp_148_N25600,__tpi_cp_148_N25600,0,undetected,__tpi_cp_148_N25600,__tpi_cp_148_N25600,__tpi_cp_148_N25600,sa0,1
788,test_en->__tpi_cp_221_N25599 /0 undetected,input_edge,test_en,__tpi_cp_221_N25599,__tpi_cp_221_N25599,0,undetected,__tpi_cp_221_N25599,__tpi_cp_221_N25599,__tpi_cp_221_N25599,sa0,1
789,N55545 /1 undetected,output,,N55545,N55545,1,undetected,N55545,N55545,N55545,sa1,1
790,N8974 /1 undetected,output,,N8974,N8974,1,undetected,N8974,N8974,N8974,sa1,1
791,N55550 /1 undetected,output,,N55550,N55550,1,undetected,N55550,N55550,N55550,sa1,1
792,N5010 /1 undetected,output,,N5010,N5010,1,undetected,N5010,N5010,N5010,sa1,1
793,N7199 /1 undetected,output,,N7199,N7199,1,undetected,N7199,N7199,N7199,sa1,1
794,N7198 /1 undetected,output,,N7198,N7198,1,undetected,N7198,N7198,N7198,sa1,1
795,N51181 /1 undetected,output,,N51181,N51181,1,undetected,N51181,N51181,N51181,sa1,1
796,N5765 /1 undetected,output,,N5765,N5765,1,undetected,N5765,N5765,N5765,sa1,1
797,N7197 /1 undetected,output,,N7197,N7197,1,undetected,N7197,N7197,N7197,sa1,1
798,N53713 /1 undetected,output,,N53713,N53713,1,undetected,N53713,N53713,N53713,sa1,1
799,N49309 /1 undetected,output,,N49309,N49309,1,undetected,N49309,N49309,N49309,sa1,1
800,N22094 /1 undetected,output,,N22094,N22094,1,undetected,N22094,N22094,N22094,sa1,1
801,N22093 /1 undetected,output,,N22093,N22093,1,undetected,N22093,N22093,N22093,sa1,1
802,N22092 /1 undetected,output,,N22092,N22092,1,undetected,N22092,N22092,N22092,sa1,1
803,N4941 /1 undetected,output,,N4941,N4941,1,undetected,N4941,N4941,N4941,sa1,1
804,N22085 /1 undetected,output,,N22085,N22085,1,undetected,N22085,N22085,N22085,sa1,1
805,N4940 /1 undetected,output,,N4940,N4940,1,undetected,N4940,N4940,N4940,sa1,1
806,N22084 /1 undetected,output,,N22084,N22084,1,undetected,N22084,N22084,N22084,sa1,1
807,N7241 /1 undetected,output,,N7241,N7241,1,undetected,N7241,N7241,N7241,sa1,1
808,N7240 /1 undetected,output,,N7240,N7240,1,undetected,N7240,N7240,N7240,sa1,1
809,N51656 /1 undetected,output,,N51656,N51656,1,undetected,N51656,N51656,N51656,sa1,1
810,N49643 /1 undetected,output,,N49643,N49643,1,undetected,N49643,N49643,N49643,sa1,1
811,N7239 /1 undetected,output,,N7239,N7239,1,undetected,N7239,N7239,N7239,sa1,1
812,N6832 /1 undetected,output,,N6832,N6832,1,undetected,N6832,N6832,N6832,sa1,1
813,N5233 /1 undetected,output,,N5233,N5233,1,undetected,N5233,N5233,N5233,sa1,1
814,N7238 /1 undetected,output,,N7238,N7238,1,undetected,N7238,N7238,N7238,sa1,1
815,N7237 /1 undetected,output,,N7237,N7237,1,undetected,N7237,N7237,N7237,sa1,1
816,N51792 /1 undetected,output,,N51792,N51792,1,undetected,N51792,N51792,N51792,sa1,1
817,N49788 /1 undetected,output,,N49788,N49788,1,undetected,N49788,N49788,N49788,sa1,1
818,N7236 /1 undetected,output,,N7236,N7236,1,undetected,N7236,N7236,N7236,sa1,1
819,N6846 /1 undetected,output,,N6846,N6846,1,undetected,N6846,N6846,N6846,sa1,1
820,N5271 /1 undetected,output,,N5271,N5271,1,undetected,N5271,N5271,N5271,sa1,1
821,N7244 /1 undetected,output,,N7244,N7244,1,undetected,N7244,N7244,N7244,sa1,1
822,N7243 /1 undetected,output,,N7243,N7243,1,undetected,N7243,N7243,N7243,sa1,1
823,N51589 /1 undetected,output,,N51589,N51589,1,undetected,N51589,N51589,N51589,sa1,1
824,N49843 /1 undetected,output,,N49843,N49843,1,undetected,N49843,N49843,N49843,sa1,1
825,N7242 /1 undetected,output,,N7242,N7242,1,undetected,N7242,N7242,N7242,sa1,1
826,N6825 /1 undetected,output,,N6825,N6825,1,undetected,N6825,N6825,N6825,sa1,1
827,N5211 /1 undetected,output,,N5211,N5211,1,undetected,N5211,N5211,N5211,sa1,1
828,N4939 /1 undetected,output,,N4939,N4939,1,undetected,N4939,N4939,N4939,sa1,1
829,N22083 /1 undetected,output,,N22083,N22083,1,undetected,N22083,N22083,N22083,sa1,1
830,N7232 /1 undetected,output,,N7232,N7232,1,undetected,N7232,N7232,N7232,sa1,1
831,N7231 /1 undetected,output,,N7231,N7231,1,undetected,N7231,N7231,N7231,sa1,1
832,N51929 /1 undetected,output,,N51929,N51929,1,undetected,N51929,N51929,N51929,sa1,1
833,N49941 /1 undetected,output,,N49941,N49941,1,undetected,N49941,N49941,N49941,sa1,1
834,N7230 /1 undetected,output,,N7230,N7230,1,undetected,N7230,N7230,N7230,sa1,1
835,N6860 /1 undetected,output,,N6860,N6860,1,undetected,N6860,N6860,N6860,sa1,1
836,N5309 /1 undetected,output,,N5309,N5309,1,undetected,N5309,N5309,N5309,sa1,1
837,N7229 /1 undetected,output,,N7229,N7229,1,undetected,N7229,N7229,N7229,sa1,1
838,N7228 /1 undetected,output,,N7228,N7228,1,undetected,N7228,N7228,N7228,sa1,1
839,N51856 /1 undetected,output,,N51856,N51856,1,undetected,N51856,N51856,N51856,sa1,1
840,N49988 /1 undetected,output,,N49988,N49988,1,undetected,N49988,N49988,N49988,sa1,1
841,N7227 /1 undetected,output,,N7227,N7227,1,undetected,N7227,N7227,N7227,sa1,1
842,N6853 /1 undetected,output,,N6853,N6853,1,undetected,N6853,N6853,N6853,sa1,1
843,N5290 /1 undetected,output,,N5290,N5290,1,undetected,N5290,N5290,N5290,sa1,1
844,N7235 /1 undetected,output,,N7235,N7235,1,undetected,N7235,N7235,N7235,sa1,1
845,N7234 /1 undetected,output,,N7234,N7234,1,undetected,N7234,N7234,N7234,sa1,1
846,N52249 /1 undetected,output,,N52249,N52249,1,undetected,N52249,N52249,N52249,sa1,1
847,N50039 /1 undetected,output,,N50039,N50039,1,undetected,N50039,N50039,N50039,sa1,1
848,N7233 /1 undetected,output,,N7233,N7233,1,undetected,N7233,N7233,N7233,sa1,1
849,N6895 /1 undetected,output,,N6895,N6895,1,undetected,N6895,N6895,N6895,sa1,1
850,N5404 /1 undetected,output,,N5404,N5404,1,undetected,N5404,N5404,N5404,sa1,1
851,N7226 /1 undetected,output,,N7226,N7226,1,undetected,N7226,N7226,N7226,sa1,1
852,N7225 /1 undetected,output,,N7225,N7225,1,undetected,N7225,N7225,N7225,sa1,1
853,N52506 /1 undetected,output,,N52506,N52506,1,undetected,N52506,N52506,N52506,sa1,1
854,N50090 /1 undetected,output,,N50090,N50090,1,undetected,N50090,N50090,N50090,sa1,1
855,N7224 /1 undetected,output,,N7224,N7224,1,undetected,N7224,N7224,N7224,sa1,1
856,N6923 /1 undetected,output,,N6923,N6923,1,undetected,N6923,N6923,N6923,sa1,1
857,N5480 /1 undetected,output,,N5480,N5480,1,undetected,N5480,N5480,N5480,sa1,1
858,N4937 /1 undetected,output,,N4937,N4937,1,undetected,N4937,N4937,N4937,sa1,1
859,N4938 /1 undetected,output,,N4938,N4938,1,undetected,N4938,N4938,N4938,sa1,1
860,N22082 /1 undetected,output,,N22082,N22082,1,undetected,N22082,N22082,N22082,sa1,1
861,N22081 /1 undetected,output,,N22081,N22081,1,undetected,N22081,N22081,N22081,sa1,1
862,N7214 /1 undetected,output,,N7214,N7214,1,undetected,N7214,N7214,N7214,sa1,1
863,N7213 /1 undetected,output,,N7213,N7213,1,undetected,N7213,N7213,N7213,sa1,1
864,N52443 /1 undetected,output,,N52443,N52443,1,undetected,N52443,N52443,N52443,sa1,1
865,N50141 /1 undetected,output,,N50141,N50141,1,undetected,N50141,N50141,N50141,sa1,1
866,N7212 /1 undetected,output,,N7212,N7212,1,undetected,N7212,N7212,N7212,sa1,1
867,N6916 /1 undetected,output,,N6916,N6916,1,undetected,N6916,N6916,N6916,sa1,1
868,N5461 /1 undetected,output,,N5461,N5461,1,undetected,N5461,N5461,N5461,sa1,1
869,N7211 /1 undetected,output,,N7211,N7211,1,undetected,N7211,N7211,N7211,sa1,1
870,N7210 /1 undetected,output,,N7210,N7210,1,undetected,N7210,N7210,N7210,sa1,1
871,N51484 /1 undetected,output,,N51484,N51484,1,undetected,N51484,N51484,N51484,sa1,1
872,N50287 /1 undetected,output,,N50287,N50287,1,undetected,N50287,N50287,N50287,sa1,1
873,N7209 /1 undetected,output,,N7209,N7209,1,undetected,N7209,N7209,N7209,sa1,1
874,N6799 /1 undetected,output,,N6799,N6799,1,undetected,N6799,N6799,N6799,sa1,1
875,N5214 /1 undetected,output,,N5214,N5214,1,undetected,N5214,N5214,N5214,sa1,1
876,N7208 /1 undetected,output,,N7208,N7208,1,undetected,N7208,N7208,N7208,sa1,1
877,N7207 /1 undetected,output,,N7207,N7207,1,undetected,N7207,N7207,N7207,sa1,1
878,N51536 /1 undetected,output,,N51536,N51536,1,undetected,N51536,N51536,N51536,sa1,1
879,N50322 /1 undetected,output,,N50322,N50322,1,undetected,N50322,N50322,N50322,sa1,1
880,N7206 /1 undetected,output,,N7206,N7206,1,undetected,N7206,N7206,N7206,sa1,1
881,N6816 /1 undetected,output,,N6816,N6816,1,undetected,N6816,N6816,N6816,sa1,1
882,N5193 /1 undetected,output,,N5193,N5193,1,undetected,N5193,N5193,N5193,sa1,1
883,N7205 /1 undetected,output,,N7205,N7205,1,undetected,N7205,N7205,N7205,sa1,1
884,N7204 /1 undetected,output,,N7204,N7204,1,undetected,N7204,N7204,N7204,sa1,1
885,N52382 /1 undetected,output,,N52382,N52382,1,undetected,N52382,N52382,N52382,sa1,1
886,N50365 /1 undetected,output,,N50365,N50365,1,undetected,N50365,N50365,N50365,sa1,1
887,N7203 /1 undetected,output,,N7203,N7203,1,undetected,N7203,N7203,N7203,sa1,1
888,N6909 /1 undetected,output,,N6909,N6909,1,undetected,N6909,N6909,N6909,sa1,1
889,N5442 /1 undetected,output,,N5442,N5442,1,undetected,N5442,N5442,N5442,sa1,1
890,N4936 /1 undetected,output,,N4936,N4936,1,undetected,N4936,N4936,N4936,sa1,1
891,N22080 /1 undetected,output,,N22080,N22080,1,undetected,N22080,N22080,N22080,sa1,1
892,N7220 /1 undetected,output,,N7220,N7220,1,undetected,N7220,N7220,N7220,sa1,1
893,N7219 /1 undetected,output,,N7219,N7219,1,undetected,N7219,N7219,N7219,sa1,1
894,N52051 /1 undetected,output,,N52051,N52051,1,undetected,N52051,N52051,N52051,sa1,1
895,N50561 /1 undetected,output,,N50561,N50561,1,undetected,N50561,N50561,N50561,sa1,1
896,N7218 /1 undetected,output,,N7218,N7218,1,undetected,N7218,N7218,N7218,sa1,1
897,N6874 /1 undetected,output,,N6874,N6874,1,undetected,N6874,N6874,N6874,sa1,1
898,N5347 /1 undetected,output,,N5347,N5347,1,undetected,N5347,N5347,N5347,sa1,1
899,N7217 /1 undetected,output,,N7217,N7217,1,undetected,N7217,N7217,N7217,sa1,1
900,N7216 /1 undetected,output,,N7216,N7216,1,undetected,N7216,N7216,N7216,sa1,1
901,N51988 /1 undetected,output,,N51988,N51988,1,undetected,N51988,N51988,N51988,sa1,1
902,N50612 /1 undetected,output,,N50612,N50612,1,undetected,N50612,N50612,N50612,sa1,1
903,N7215 /1 undetected,output,,N7215,N7215,1,undetected,N7215,N7215,N7215,sa1,1
904,N6867 /1 undetected,output,,N6867,N6867,1,undetected,N6867,N6867,N6867,sa1,1
905,N5328 /1 undetected,output,,N5328,N5328,1,undetected,N5328,N5328,N5328,sa1,1
906,N7223 /1 undetected,output,,N7223,N7223,1,undetected,N7223,N7223,N7223,sa1,1
907,N7222 /1 undetected,output,,N7222,N7222,1,undetected,N7222,N7222,N7222,sa1,1
908,N52316 /1 undetected,output,,N52316,N52316,1,undetected,N52316,N52316,N52316,sa1,1
909,N50412 /1 undetected,output,,N50412,N50412,1,undetected,N50412,N50412,N50412,sa1,1
910,N7221 /1 undetected,output,,N7221,N7221,1,undetected,N7221,N7221,N7221,sa1,1
911,N6902 /1 undetected,output,,N6902,N6902,1,undetected,N6902,N6902,N6902,sa1,1
912,N5423 /1 undetected,output,,N5423,N5423,1,undetected,N5423,N5423,N5423,sa1,1
913,N7202 /1 undetected,output,,N7202,N7202,1,undetected,N7202,N7202,N7202,sa1,1
914,N7201 /1 undetected,output,,N7201,N7201,1,undetected,N7201,N7201,N7201,sa1,1
915,N52579 /1 undetected,output,,N52579,N52579,1,undetected,N52579,N52579,N52579,sa1,1
916,N49894 /1 undetected,output,,N49894,N49894,1,undetected,N49894,N49894,N49894,sa1,1
917,N7200 /1 undetected,output,,N7200,N7200,1,undetected,N7200,N7200,N7200,sa1,1
918,N6930 /1 undetected,output,,N6930,N6930,1,undetected,N6930,N6930,N6930,sa1,1
919,N5499 /1 undetected,output,,N5499,N5499,1,undetected,N5499,N5499,N5499,sa1,1
920,N7247 /1 undetected,output,,N7247,N7247,1,undetected,N7247,N7247,N7247,sa1,1
921,N7246 /1 undetected,output,,N7246,N7246,1,undetected,N7246,N7246,N7246,sa1,1
922,N52645 /1 undetected,output,,N52645,N52645,1,undetected,N52645,N52645,N52645,sa1,1
923,N50514 /1 undetected,output,,N50514,N50514,1,undetected,N50514,N50514,N50514,sa1,1
924,N7245 /1 undetected,output,,N7245,N7245,1,undetected,N7245,N7245,N7245,sa1,1
925,N6937 /1 undetected,output,,N6937,N6937,1,undetected,N6937,N6937,N6937,sa1,1
926,N5518 /1 undetected,output,,N5518,N5518,1,undetected,N5518,N5518,N5518,sa1,1
927,N4943 /1 undetected,output,,N4943,N4943,1,undetected,N4943,N4943,N4943,sa1,1
928,N22091 /1 undetected,output,,N22091,N22091,1,undetected,N22091,N22091,N22091,sa1,1
929,N22090 /1 undetected,output,,N22090,N22090,1,undetected,N22090,N22090,N22090,sa1,1
930,N22089 /1 undetected,output,,N22089,N22089,1,undetected,N22089,N22089,N22089,sa1,1
931,N7259 /1 undetected,output,,N7259,N7259,1,undetected,N7259,N7259,N7259,sa1,1
932,N7258 /1 undetected,output,,N7258,N7258,1,undetected,N7258,N7258,N7258,sa1,1
933,N52119 /1 undetected,output,,N52119,N52119,1,undetected,N52119,N52119,N52119,sa1,1
934,N49541 /1 undetected,output,,N49541,N49541,1,undetected,N49541,N49541,N49541,sa1,1
935,N7257 /1 undetected,output,,N7257,N7257,1,undetected,N7257,N7257,N7257,sa1,1
936,N6881 /1 undetected,output,,N6881,N6881,1,undetected,N6881,N6881,N6881,sa1,1
937,N5366 /1 undetected,output,,N5366,N5366,1,undetected,N5366,N5366,N5366,sa1,1
938,N7256 /1 undetected,output,,N7256,N7256,1,undetected,N7256,N7256,N7256,sa1,1
939,N7255 /1 undetected,output,,N7255,N7255,1,undetected,N7255,N7255,N7255,sa1,1
940,N52182 /1 undetected,output,,N52182,N52182,1,undetected,N52182,N52182,N52182,sa1,1
941,N49600 /1 undetected,output,,N49600,N49600,1,undetected,N49600,N49600,N49600,sa1,1
942,N7254 /1 undetected,output,,N7254,N7254,1,undetected,N7254,N7254,N7254,sa1,1
943,N6888 /1 undetected,output,,N6888,N6888,1,undetected,N6888,N6888,N6888,sa1,1
944,N5385 /1 undetected,output,,N5385,N5385,1,undetected,N5385,N5385,N5385,sa1,1
945,N7253 /1 undetected,output,,N7253,N7253,1,undetected,N7253,N7253,N7253,sa1,1
946,N7252 /1 undetected,output,,N7252,N7252,1,undetected,N7252,N7252,N7252,sa1,1
947,N51727 /1 undetected,output,,N51727,N51727,1,undetected,N51727,N51727,N51727,sa1,1
948,N49435 /1 undetected,output,,N49435,N49435,1,undetected,N49435,N49435,N49435,sa1,1
949,N7251 /1 undetected,output,,N7251,N7251,1,undetected,N7251,N7251,N7251,sa1,1
950,N6839 /1 undetected,output,,N6839,N6839,1,undetected,N6839,N6839,N6839,sa1,1
951,N5252 /1 undetected,output,,N5252,N5252,1,undetected,N5252,N5252,N5252,sa1,1
952,N7250 /1 undetected,output,,N7250,N7250,1,undetected,N7250,N7250,N7250,sa1,1
953,N7249 /1 undetected,output,,N7249,N7249,1,undetected,N7249,N7249,N7249,sa1,1
954,N52684 /1 undetected,output,,N52684,N52684,1,undetected,N52684,N52684,N52684,sa1,1
955,N50463 /1 undetected,output,,N50463,N50463,1,undetected,N50463,N50463,N50463,sa1,1
956,N7248 /1 undetected,output,,N7248,N7248,1,undetected,N7248,N7248,N7248,sa1,1
957,N6942 /1 undetected,output,,N6942,N6942,1,undetected,N6942,N6942,N6942,sa1,1
958,N5537 /1 undetected,output,,N5537,N5537,1,undetected,N5537,N5537,N5537,sa1,1
959,N7262 /1 undetected,output,,N7262,N7262,1,undetected,N7262,N7262,N7262,sa1,1
960,N7261 /1 undetected,output,,N7261,N7261,1,undetected,N7261,N7261,N7261,sa1,1
961,N51138 /1 undetected,output,,N51138,N51138,1,undetected,N51138,N51138,N51138,sa1,1
962,N5556 /1 undetected,output,,N5556,N5556,1,undetected,N5556,N5556,N5556,sa1,1
963,N7260 /1 undetected,output,,N7260,N7260,1,undetected,N7260,N7260,N7260,sa1,1
964,N53668 /1 undetected,output,,N53668,N53668,1,undetected,N53668,N53668,N53668,sa1,1
965,N50247 /1 undetected,output,,N50247,N50247,1,undetected,N50247,N50247,N50247,sa1,1
966,N4945 /1 undetected,output,,N4945,N4945,1,undetected,N4945,N4945,N4945,sa1,1
967,N7196 /1 undetected,output,,N7196,N7196,1,undetected,N7196,N7196,N7196,sa1,1
968,N7195 /1 undetected,output,,N7195,N7195,1,undetected,N7195,N7195,N7195,sa1,1
969,N51179 /1 undetected,output,,N51179,N51179,1,undetected,N51179,N51179,N51179,sa1,1
970,N5745 /1 undetected,output,,N5745,N5745,1,undetected,N5745,N5745,N5745,sa1,1
971,N7194 /1 undetected,output,,N7194,N7194,1,undetected,N7194,N7194,N7194,sa1,1
972,N53723 /1 undetected,output,,N53723,N53723,1,undetected,N53723,N53723,N53723,sa1,1
973,N49418 /1 undetected,output,,N49418,N49418,1,undetected,N49418,N49418,N49418,sa1,1
974,N4942 /1 undetected,output,,N4942,N4942,1,undetected,N4942,N4942,N4942,sa1,1
975,N22088 /1 undetected,output,,N22088,N22088,1,undetected,N22088,N22088,N22088,sa1,1
976,N22087 /1 undetected,output,,N22087,N22087,1,undetected,N22087,N22087,N22087,sa1,1
977,N22086 /1 undetected,output,,N22086,N22086,1,undetected,N22086,N22086,N22086,sa1,1
978,N4947 /1 undetected,output,,N4947,N4947,1,undetected,N4947,N4947,N4947,sa1,1
979,N7193 /1 undetected,output,,N7193,N7193,1,undetected,N7193,N7193,N7193,sa1,1
980,N7192 /1 undetected,output,,N7192,N7192,1,undetected,N7192,N7192,N7192,sa1,1
981,N51162 /1 undetected,output,,N51162,N51162,1,undetected,N51162,N51162,N51162,sa1,1
982,N5670 /1 undetected,output,,N5670,N5670,1,undetected,N5670,N5670,N5670,sa1,1
983,N7191 /1 undetected,output,,N7191,N7191,1,undetected,N7191,N7191,N7191,sa1,1
984,N53380 /1 undetected,output,,N53380,N53380,1,undetected,N53380,N53380,N53380,sa1,1
985,N49326 /1 undetected,output,,N49326,N49326,1,undetected,N49326,N49326,N49326,sa1,1
986,N7190 /1 undetected,output,,N7190,N7190,1,undetected,N7190,N7190,N7190,sa1,1
987,N7189 /1 undetected,output,,N7189,N7189,1,undetected,N7189,N7189,N7189,sa1,1
988,N51158 /1 undetected,output,,N51158,N51158,1,undetected,N51158,N51158,N51158,sa1,1
989,N5651 /1 undetected,output,,N5651,N5651,1,undetected,N5651,N5651,N5651,sa1,1
990,N7188 /1 undetected,output,,N7188,N7188,1,undetected,N7188,N7188,N7188,sa1,1
991,N53426 /1 undetected,output,,N53426,N53426,1,undetected,N53426,N53426,N53426,sa1,1
992,N49373 /1 undetected,output,,N49373,N49373,1,undetected,N49373,N49373,N49373,sa1,1
993,N4946 /1 undetected,output,,N4946,N4946,1,undetected,N4946,N4946,N4946,sa1,1
994,N22096 /1 undetected,output,,N22096,N22096,1,undetected,N22096,N22096,N22096,sa1,1
995,N22095 /1 undetected,output,,N22095,N22095,1,undetected,N22095,N22095,N22095,sa1,1
996,N7187 /1 undetected,output,,N7187,N7187,1,undetected,N7187,N7187,N7187,sa1,1
997,N7186 /1 undetected,output,,N7186,N7186,1,undetected,N7186,N7186,N7186,sa1,1
998,N51146 /1 undetected,output,,N51146,N51146,1,undetected,N51146,N51146,N51146,sa1,1
999,N5594 /1 undetected,output,,N5594,N5594,1,undetected,N5594,N5594,N5594,sa1,1
1000,N7185 /1 undetected,output,,N7185,N7185,1,undetected,N7185,N7185,N7185,sa1,1
1001,N53571 /1 undetected,output,,N53571,N53571,1,undetected,N53571,N53571,N53571,sa1,1
1002,N49486 /1 undetected,output,,N49486,N49486,1,undetected,N49486,N49486,N49486,sa1,1
1003,N7184 /1 undetected,output,,N7184,N7184,1,undetected,N7184,N7184,N7184,sa1,1
1004,N7183 /1 undetected,output,,N7183,N7183,1,undetected,N7183,N7183,N7183,sa1,1
1005,N51142 /1 undetected,output,,N51142,N51142,1,undetected,N51142,N51142,N51142,sa1,1
1006,N5575 /1 undetected,output,,N5575,N5575,1,undetected,N5575,N5575,N5575,sa1,1
1007,N7182 /1 undetected,output,,N7182,N7182,1,undetected,N7182,N7182,N7182,sa1,1
1008,N53617 /1 undetected,output,,N53617,N53617,1,undetected,N53617,N53617,N53617,sa1,1
1009,N50196 /1 undetected,output,,N50196,N50196,1,undetected,N50196,N50196,N50196,sa1,1
1010,N7181 /1 undetected,output,,N7181,N7181,1,undetected,N7181,N7181,N7181,sa1,1
1011,N7180 /1 undetected,output,,N7180,N7180,1,undetected,N7180,N7180,N7180,sa1,1
1012,N51150 /1 undetected,output,,N51150,N51150,1,undetected,N51150,N51150,N51150,sa1,1
1013,N5613 /1 undetected,output,,N5613,N5613,1,undetected,N5613,N5613,N5613,sa1,1
1014,N7179 /1 undetected,output,,N7179,N7179,1,undetected,N7179,N7179,N7179,sa1,1
1015,N53517 /1 undetected,output,,N53517,N53517,1,undetected,N53517,N53517,N53517,sa1,1
1016,N49741 /1 undetected,output,,N49741,N49741,1,undetected,N49741,N49741,N49741,sa1,1
1017,N7178 /1 undetected,output,,N7178,N7178,1,undetected,N7178,N7178,N7178,sa1,1
1018,N7177 /1 undetected,output,,N7177,N7177,1,undetected,N7177,N7177,N7177,sa1,1
1019,N51154 /1 undetected,output,,N51154,N51154,1,undetected,N51154,N51154,N51154,sa1,1
1020,N5632 /1 undetected,output,,N5632,N5632,1,undetected,N5632,N5632,N5632,sa1,1
1021,N7176 /1 undetected,output,,N7176,N7176,1,undetected,N7176,N7176,N7176,sa1,1
1022,N53475 /1 undetected,output,,N53475,N53475,1,undetected,N53475,N53475,N53475,sa1,1
1023,N49698 /1 undetected,output,,N49698,N49698,1,undetected,N49698,N49698,N49698,sa1,1
1024,N7175 /1 undetected,output,,N7175,N7175,1,undetected,N7175,N7175,N7175,sa1,1
1025,N7174 /1 undetected,output,,N7174,N7174,1,undetected,N7174,N7174,N7174,sa1,1
1026,N51166 /1 undetected,output,,N51166,N51166,1,undetected,N51166,N51166,N51166,sa1,1
1027,N5689 /1 undetected,output,,N5689,N5689,1,undetected,N5689,N5689,N5689,sa1,1
1028,N7173 /1 undetected,output,,N7173,N7173,1,undetected,N7173,N7173,N7173,sa1,1
1029,N53330 /1 undetected,output,,N53330,N53330,1,undetected,N53330,N53330,N53330,sa1,1
1030,N49179 /1 undetected,output,,N49179,N49179,1,undetected,N49179,N49179,N49179,sa1,1
1031,N7172 /1 undetected,output,,N7172,N7172,1,undetected,N7172,N7172,N7172,sa1,1
1032,N7171 /1 undetected,output,,N7171,N7171,1,undetected,N7171,N7171,N7171,sa1,1
1033,N51170 /1 undetected,output,,N51170,N51170,1,undetected,N51170,N51170,N51170,sa1,1
1034,N5708 /1 undetected,output,,N5708,N5708,1,undetected,N5708,N5708,N5708,sa1,1
1035,N7170 /1 undetected,output,,N7170,N7170,1,undetected,N7170,N7170,N7170,sa1,1
1036,N53280 /1 undetected,output,,N53280,N53280,1,undetected,N53280,N53280,N53280,sa1,1
1037,N49229 /1 undetected,output,,N49229,N49229,1,undetected,N49229,N49229,N49229,sa1,1
1038,N7169 /1 undetected,output,,N7169,N7169,1,undetected,N7169,N7169,N7169,sa1,1
1039,N7168 /1 undetected,output,,N7168,N7168,1,undetected,N7168,N7168,N7168,sa1,1
1040,N51174 /1 undetected,output,,N51174,N51174,1,undetected,N51174,N51174,N51174,sa1,1
1041,N5727 /1 undetected,output,,N5727,N5727,1,undetected,N5727,N5727,N5727,sa1,1
1042,N7167 /1 undetected,output,,N7167,N7167,1,undetected,N7167,N7167,N7167,sa1,1
1043,N53733 /1 undetected,output,,N53733,N53733,1,undetected,N53733,N53733,N53733,sa1,1
1044,N49276 /1 undetected,output,,N49276,N49276,1,undetected,N49276,N49276,N49276,sa1,1
1045,N59880 /1 undetected,output,,N59880,N59880,1,undetected,N59880,N59880,N59880,sa1,1
1046,N15821 /1 undetected,output,,N15821,N15821,1,undetected,N15821,N15821,N15821,sa1,1
1047,N59885 /1 undetected,output,,N59885,N59885,1,undetected,N59885,N59885,N59885,sa1,1
1048,__tpi_not_test_en->__tpi_cp_253_N34161 /1 undetected,input_edge,__tpi_not_test_en,__tpi_cp_253_N34161,__tpi_cp_253_N34161,1,undetected,__tpi_cp_253_N34161,__tpi_cp_253_N34161,__tpi_cp_253_N34161,sa1,1
1049,test_en->__tpi_cp_121___buf_split_23117 /0 undetected,input_edge,test_en,__tpi_cp_121___buf_split_23117,__tpi_cp_121___buf_split_23117,0,undetected,__tpi_cp_121___buf_split_23117,__tpi_cp_121___buf_split_23117,__tpi_cp_121___buf_split_23117,sa0,1
1050,N46919 /1 undetected,output,,N46919,N46919,1,undetected,N46919,N46919,N46919,sa1,1
1051,N56468 /1 undetected,output,,N56468,N56468,1,undetected,N56468,N56468,N56468,sa1,1
1052,N8275 /1 undetected,output,,N8275,N8275,1,undetected,N8275,N8275,N8275,sa1,1
1053,N8210 /1 undetected,output,,N8210,N8210,1,undetected,N8210,N8210,N8210,sa1,1
1054,N55064 /1 undetected,output,,N55064,N55064,1,undetected,N55064,N55064,N55064,sa1,1
1055,N56422 /1 undetected,output,,N56422,N56422,1,undetected,N56422,N56422,N56422,sa1,1
1056,N8929 /1 undetected,output,,N8929,N8929,1,undetected,N8929,N8929,N8929,sa1,1
1057,N55552 /1 undetected,output,,N55552,N55552,1,undetected,N55552,N55552,N55552,sa1,1
1058,N8909 /1 undetected,output,,N8909,N8909,1,undetected,N8909,N8909,N8909,sa1,1
1059,test_en->__tpi_cp_154___buf_split_23259 /0 undetected,input_edge,test_en,__tpi_cp_154___buf_split_23259,__tpi_cp_154___buf_split_23259,0,undetected,__tpi_cp_154___buf_split_23259,__tpi_cp_154___buf_split_23259,__tpi_cp_154___buf_split_23259,sa0,1
1060,N9005 /1 undetected,output,,N9005,N9005,1,undetected,N9005,N9005,N9005,sa1,1
1061,N55551 /1 undetected,output,,N55551,N55551,1,undetected,N55551,N55551,N55551,sa1,1
1062,N55534 /1 undetected,output,,N55534,N55534,1,undetected,N55534,N55534,N55534,sa1,1
1063,N2517 /1 undetected,output,,N2517,N2517,1,undetected,N2517,N2517,N2517,sa1,1
1064,N42331 /1 undetected,output,,N42331,N42331,1,undetected,N42331,N42331,N42331,sa1,1
1065,N46920 /1 undetected,output,,N46920,N46920,1,undetected,N46920,N46920,N46920,sa1,1
1066,N56469 /1 undetected,output,,N56469,N56469,1,undetected,N56469,N56469,N56469,sa1,1
1067,test_en->__tpi_cp_92_N33248 /0 undetected,input_edge,test_en,__tpi_cp_92_N33248,__tpi_cp_92_N33248,0,undetected,__tpi_cp_92_N33248,__tpi_cp_92_N33248,__tpi_cp_92_N33248,sa0,1
1068,test_en->__tpi_cp_91_N32816 /0 undetected,input_edge,test_en,__tpi_cp_91_N32816,__tpi_cp_91_N32816,0,undetected,__tpi_cp_91_N32816,__tpi_cp_91_N32816,__tpi_cp_91_N32816,sa0,1
1069,test_en->__tpi_cp_88_N30136 /0 undetected,input_edge,test_en,__tpi_cp_88_N30136,__tpi_cp_88_N30136,0,undetected,__tpi_cp_88_N30136,__tpi_cp_88_N30136,__tpi_cp_88_N30136,sa0,1
1070,N15776 /1 undetected,output,,N15776,N15776,1,undetected,N15776,N15776,N15776,sa1,1
1071,N59887 /1 undetected,output,,N59887,N59887,1,undetected,N59887,N59887,N59887,sa1,1
1072,N15756 /1 undetected,output,,N15756,N15756,1,undetected,N15756,N15756,N15756,sa1,1
1073,N15852 /1 undetected,output,,N15852,N15852,1,undetected,N15852,N15852,N15852,sa1,1
1074,N59886 /1 undetected,output,,N59886,N59886,1,undetected,N59886,N59886,N59886,sa1,1
1075,N59869 /1 undetected,output,,N59869,N59869,1,undetected,N59869,N59869,N59869,sa1,1
1076,N14691 /1 undetected,output,,N14691,N14691,1,undetected,N14691,N14691,N14691,sa1,1
1077,N14685 /1 undetected,output,,N14685,N14685,1,undetected,N14685,N14685,N14685,sa1,1
1078,N14682 /1 undetected,output,,N14682,N14682,1,undetected,N14682,N14682,N14682,sa1,1
1079,N14675 /1 undetected,output,,N14675,N14675,1,undetected,N14675,N14675,N14675,sa1,1
1080,N14668 /1 undetected,output,,N14668,N14668,1,undetected,N14668,N14668,N14668,sa1,1
1081,N14661 /1 undetected,output,,N14661,N14661,1,undetected,N14661,N14661,N14661,sa1,1
1082,N14654 /1 undetected,output,,N14654,N14654,1,undetected,N14654,N14654,N14654,sa1,1
1083,N14647 /1 undetected,output,,N14647,N14647,1,undetected,N14647,N14647,N14647,sa1,1
1084,N14612 /1 undetected,output,,N14612,N14612,1,undetected,N14612,N14612,N14612,sa1,1
1085,N23134 /1 undetected,output,,N23134,N23134,1,undetected,N23134,N23134,N23134,sa1,1
1086,N59071 /1 undetected,output,,N59071,N59071,1,undetected,N59071,N59071,N59071,sa1,1
1087,N59068 /1 undetected,output,,N59068,N59068,1,undetected,N59068,N59068,N59068,sa1,1
1088,N14724 /1 undetected,output,,N14724,N14724,1,undetected,N14724,N14724,N14724,sa1,1
1089,N59067 /1 undetected,output,,N59067,N59067,1,undetected,N59067,N59067,N59067,sa1,1
1090,N23171 /1 undetected,output,,N23171,N23171,1,undetected,N23171,N23171,N23171,sa1,1
1091,N51565 /1 undetected,output,,N51565,N51565,1,undetected,N51565,N51565,N51565,sa1,1
1092,N51512 /1 undetected,output,,N51512,N51512,1,undetected,N51512,N51512,N51512,sa1,1
1093,N14611 /1 undetected,output,,N14611,N14611,1,undetected,N14611,N14611,N14611,sa1,1
1094,N23133 /1 undetected,output,,N23133,N23133,1,undetected,N23133,N23133,N23133,sa1,1
1095,N14646 /1 undetected,output,,N14646,N14646,1,undetected,N14646,N14646,N14646,sa1,1
1096,N51591 /1 undetected,output,,N51591,N51591,1,undetected,N51591,N51591,N51591,sa1,1
1097,N14556 /1 undetected,output,,N14556,N14556,1,undetected,N14556,N14556,N14556,sa1,1
1098,N14645 /1 undetected,output,,N14645,N14645,1,undetected,N14645,N14645,N14645,sa1,1
1099,N59064 /1 undetected,output,,N59064,N59064,1,undetected,N59064,N59064,N59064,sa1,1
1100,N51537 /1 undetected,output,,N51537,N51537,1,undetected,N51537,N51537,N51537,sa1,1
1101,N14644 /1 undetected,output,,N14644,N14644,1,undetected,N14644,N14644,N14644,sa1,1
1102,N51511 /1 undetected,output,,N51511,N51511,1,undetected,N51511,N51511,N51511,sa1,1
1103,N23148 /1 undetected,output,,N23148,N23148,1,undetected,N23148,N23148,N23148,sa1,1
1104,N59066 /1 undetected,output,,N59066,N59066,1,undetected,N59066,N59066,N59066,sa1,1
1105,N59065 /1 undetected,output,,N59065,N59065,1,undetected,N59065,N59065,N59065,sa1,1
1106,N14614 /1 undetected,output,,N14614,N14614,1,undetected,N14614,N14614,N14614,sa1,1
1107,N23136 /1 undetected,output,,N23136,N23136,1,undetected,N23136,N23136,N23136,sa1,1
1108,N23135 /1 undetected,output,,N23135,N23135,1,undetected,N23135,N23135,N23135,sa1,1
1109,N14652 /1 undetected,output,,N14652,N14652,1,undetected,N14652,N14652,N14652,sa1,1
1110,N50919 /1 undetected,output,,N50919,N50919,1,undetected,N50919,N50919,N50919,sa1,1
1111,N14555 /1 undetected,output,,N14555,N14555,1,undetected,N14555,N14555,N14555,sa1,1
1112,N14649 /1 undetected,output,,N14649,N14649,1,undetected,N14649,N14649,N14649,sa1,1
1113,N59070 /1 undetected,output,,N59070,N59070,1,undetected,N59070,N59070,N59070,sa1,1
1114,N14613 /1 undetected,output,,N14613,N14613,1,undetected,N14613,N14613,N14613,sa1,1
1115,N50921 /1 undetected,output,,N50921,N50921,1,undetected,N50921,N50921,N50921,sa1,1
1116,N14554 /1 undetected,output,,N14554,N14554,1,undetected,N14554,N14554,N14554,sa1,1
1117,N14648 /1 undetected,output,,N14648,N14648,1,undetected,N14648,N14648,N14648,sa1,1
1118,N23151 /1 undetected,output,,N23151,N23151,1,undetected,N23151,N23151,N23151,sa1,1
1119,N59069 /1 undetected,output,,N59069,N59069,1,undetected,N59069,N59069,N59069,sa1,1
1120,N23150 /1 undetected,output,,N23150,N23150,1,undetected,N23150,N23150,N23150,sa1,1
1121,N59072 /1 undetected,output,,N59072,N59072,1,undetected,N59072,N59072,N59072,sa1,1
1122,N50923 /1 undetected,output,,N50923,N50923,1,undetected,N50923,N50923,N50923,sa1,1
1123,N14553 /1 undetected,output,,N14553,N14553,1,undetected,N14553,N14553,N14553,sa1,1
1124,N14615 /1 undetected,output,,N14615,N14615,1,undetected,N14615,N14615,N14615,sa1,1
1125,N59076 /1 undetected,output,,N59076,N59076,1,undetected,N59076,N59076,N59076,sa1,1
1126,N23137 /1 undetected,output,,N23137,N23137,1,undetected,N23137,N23137,N23137,sa1,1
1127,N59073 /1 undetected,output,,N59073,N59073,1,undetected,N59073,N59073,N59073,sa1,1
1128,N14653 /1 undetected,output,,N14653,N14653,1,undetected,N14653,N14653,N14653,sa1,1
1129,N50917 /1 undetected,output,,N50917,N50917,1,undetected,N50917,N50917,N50917,sa1,1
1130,N14562 /1 undetected,output,,N14562,N14562,1,undetected,N14562,N14562,N14562,sa1,1
1131,N14617 /1 undetected,output,,N14617,N14617,1,undetected,N14617,N14617,N14617,sa1,1
1132,N23139 /1 undetected,output,,N23139,N23139,1,undetected,N23139,N23139,N23139,sa1,1
1133,N23138 /1 undetected,output,,N23138,N23138,1,undetected,N23138,N23138,N23138,sa1,1
1134,N14659 /1 undetected,output,,N14659,N14659,1,undetected,N14659,N14659,N14659,sa1,1
1135,N51931 /1 undetected,output,,N51931,N51931,1,undetected,N51931,N51931,N51931,sa1,1
1136,N14561 /1 undetected,output,,N14561,N14561,1,undetected,N14561,N14561,N14561,sa1,1
1137,N14656 /1 undetected,output,,N14656,N14656,1,undetected,N14656,N14656,N14656,sa1,1
1138,N59075 /1 undetected,output,,N59075,N59075,1,undetected,N59075,N59075,N59075,sa1,1
1139,N14616 /1 undetected,output,,N14616,N14616,1,undetected,N14616,N14616,N14616,sa1,1
1140,N51858 /1 undetected,output,,N51858,N51858,1,undetected,N51858,N51858,N51858,sa1,1
1141,N14560 /1 undetected,output,,N14560,N14560,1,undetected,N14560,N14560,N14560,sa1,1
1142,N14655 /1 undetected,output,,N14655,N14655,1,undetected,N14655,N14655,N14655,sa1,1
1143,N23154 /1 undetected,output,,N23154,N23154,1,undetected,N23154,N23154,N23154,sa1,1
1144,N59074 /1 undetected,output,,N59074,N59074,1,undetected,N59074,N59074,N59074,sa1,1
1145,N23153 /1 undetected,output,,N23153,N23153,1,undetected,N23153,N23153,N23153,sa1,1
1146,N59077 /1 undetected,output,,N59077,N59077,1,undetected,N59077,N59077,N59077,sa1,1
1147,N51833 /1 undetected,output,,N51833,N51833,1,undetected,N51833,N51833,N51833,sa1,1
1148,N14559 /1 undetected,output,,N14559,N14559,1,undetected,N14559,N14559,N14559,sa1,1
1149,N14618 /1 undetected,output,,N14618,N14618,1,undetected,N14618,N14618,N14618,sa1,1
1150,N59081 /1 undetected,output,,N59081,N59081,1,undetected,N59081,N59081,N59081,sa1,1
1151,N23140 /1 undetected,output,,N23140,N23140,1,undetected,N23140,N23140,N23140,sa1,1
1152,N59078 /1 undetected,output,,N59078,N59078,1,undetected,N59078,N59078,N59078,sa1,1
1153,N14660 /1 undetected,output,,N14660,N14660,1,undetected,N14660,N14660,N14660,sa1,1
1154,N51990 /1 undetected,output,,N51990,N51990,1,undetected,N51990,N51990,N51990,sa1,1
1155,N14568 /1 undetected,output,,N14568,N14568,1,undetected,N14568,N14568,N14568,sa1,1
1156,N14620 /1 undetected,output,,N14620,N14620,1,undetected,N14620,N14620,N14620,sa1,1
1157,N23142 /1 undetected,output,,N23142,N23142,1,undetected,N23142,N23142,N23142,sa1,1
1158,N23141 /1 undetected,output,,N23141,N23141,1,undetected,N23141,N23141,N23141,sa1,1
1159,N14666 /1 undetected,output,,N14666,N14666,1,undetected,N14666,N14666,N14666,sa1,1
1160,N50907 /1 undetected,output,,N50907,N50907,1,undetected,N50907,N50907,N50907,sa1,1
1161,N14567 /1 undetected,output,,N14567,N14567,1,undetected,N14567,N14567,N14567,sa1,1
1162,N14663 /1 undetected,output,,N14663,N14663,1,undetected,N14663,N14663,N14663,sa1,1
1163,N59080 /1 undetected,output,,N59080,N59080,1,undetected,N59080,N59080,N59080,sa1,1
1164,N14619 /1 undetected,output,,N14619,N14619,1,undetected,N14619,N14619,N14619,sa1,1
1165,N50909 /1 undetected,output,,N50909,N50909,1,undetected,N50909,N50909,N50909,sa1,1
1166,N14566 /1 undetected,output,,N14566,N14566,1,undetected,N14566,N14566,N14566,sa1,1
1167,N14662 /1 undetected,output,,N14662,N14662,1,undetected,N14662,N14662,N14662,sa1,1
1168,N23157 /1 undetected,output,,N23157,N23157,1,undetected,N23157,N23157,N23157,sa1,1
1169,N59079 /1 undetected,output,,N59079,N59079,1,undetected,N59079,N59079,N59079,sa1,1
1170,N23156 /1 undetected,output,,N23156,N23156,1,undetected,N23156,N23156,N23156,sa1,1
1171,N59082 /1 undetected,output,,N59082,N59082,1,undetected,N59082,N59082,N59082,sa1,1
1172,N50911 /1 undetected,output,,N50911,N50911,1,undetected,N50911,N50911,N50911,sa1,1
1173,N14565 /1 undetected,output,,N14565,N14565,1,undetected,N14565,N14565,N14565,sa1,1
1174,N14621 /1 undetected,output,,N14621,N14621,1,undetected,N14621,N14621,N14621,sa1,1
1175,N59086 /1 undetected,output,,N59086,N59086,1,undetected,N59086,N59086,N59086,sa1,1
1176,N23143 /1 undetected,output,,N23143,N23143,1,undetected,N23143,N23143,N23143,sa1,1
1177,N59083 /1 undetected,output,,N59083,N59083,1,undetected,N59083,N59083,N59083,sa1,1
1178,N14667 /1 undetected,output,,N14667,N14667,1,undetected,N14667,N14667,N14667,sa1,1
1179,N50905 /1 undetected,output,,N50905,N50905,1,undetected,N50905,N50905,N50905,sa1,1
1180,N14574 /1 undetected,output,,N14574,N14574,1,undetected,N14574,N14574,N14574,sa1,1
1181,N14623 /1 undetected,output,,N14623,N14623,1,undetected,N14623,N14623,N14623,sa1,1
1182,N23145 /1 undetected,output,,N23145,N23145,1,undetected,N23145,N23145,N23145,sa1,1
1183,N23144 /1 undetected,output,,N23144,N23144,1,undetected,N23144,N23144,N23144,sa1,1
1184,N14673 /1 undetected,output,,N14673,N14673,1,undetected,N14673,N14673,N14673,sa1,1
1185,N52318 /1 undetected,output,,N52318,N52318,1,undetected,N52318,N52318,N52318,sa1,1
1186,N14573 /1 undetected,output,,N14573,N14573,1,undetected,N14573,N14573,N14573,sa1,1
1187,N14670 /1 undetected,output,,N14670,N14670,1,undetected,N14670,N14670,N14670,sa1,1
1188,N59085 /1 undetected,output,,N59085,N59085,1,undetected,N59085,N59085,N59085,sa1,1
1189,N14622 /1 undetected,output,,N14622,N14622,1,undetected,N14622,N14622,N14622,sa1,1
1190,N52251 /1 undetected,output,,N52251,N52251,1,undetected,N52251,N52251,N52251,sa1,1
1191,N14572 /1 undetected,output,,N14572,N14572,1,undetected,N14572,N14572,N14572,sa1,1
1192,N14669 /1 undetected,output,,N14669,N14669,1,undetected,N14669,N14669,N14669,sa1,1
1193,N23160 /1 undetected,output,,N23160,N23160,1,undetected,N23160,N23160,N23160,sa1,1
1194,N59084 /1 undetected,output,,N59084,N59084,1,undetected,N59084,N59084,N59084,sa1,1
1195,N23159 /1 undetected,output,,N23159,N23159,1,undetected,N23159,N23159,N23159,sa1,1
1196,N59087 /1 undetected,output,,N59087,N59087,1,undetected,N59087,N59087,N59087,sa1,1
1197,N52226 /1 undetected,output,,N52226,N52226,1,undetected,N52226,N52226,N52226,sa1,1
1198,N14571 /1 undetected,output,,N14571,N14571,1,undetected,N14571,N14571,N14571,sa1,1
1199,N14624 /1 undetected,output,,N14624,N14624,1,undetected,N14624,N14624,N14624,sa1,1
1200,N59091 /1 undetected,output,,N59091,N59091,1,undetected,N59091,N59091,N59091,sa1,1
1201,N23146 /1 undetected,output,,N23146,N23146,1,undetected,N23146,N23146,N23146,sa1,1
1202,N59088 /1 undetected,output,,N59088,N59088,1,undetected,N59088,N59088,N59088,sa1,1
1203,N14674 /1 undetected,output,,N14674,N14674,1,undetected,N14674,N14674,N14674,sa1,1
1204,N52384 /1 undetected,output,,N52384,N52384,1,undetected,N52384,N52384,N52384,sa1,1
1205,N14580 /1 undetected,output,,N14580,N14580,1,undetected,N14580,N14580,N14580,sa1,1
1206,N14626 /1 undetected,output,,N14626,N14626,1,undetected,N14626,N14626,N14626,sa1,1
1207,N23147 /1 undetected,output,,N23147,N23147,1,undetected,N23147,N23147,N23147,sa1,1
1208,N14677 /1 undetected,output,,N14677,N14677,1,undetected,N14677,N14677,N14677,sa1,1
1209,N59090 /1 undetected,output,,N59090,N59090,1,undetected,N59090,N59090,N59090,sa1,1
1210,N14625 /1 undetected,output,,N14625,N14625,1,undetected,N14625,N14625,N14625,sa1,1
1211,N50897 /1 undetected,output,,N50897,N50897,1,undetected,N50897,N50897,N50897,sa1,1
1212,N14578 /1 undetected,output,,N14578,N14578,1,undetected,N14578,N14578,N14578,sa1,1
1213,N14627 /1 undetected,output,,N14627,N14627,1,undetected,N14627,N14627,N14627,sa1,1
1214,N14681 /1 undetected,output,,N14681,N14681,1,undetected,N14681,N14681,N14681,sa1,1
1215,N50893 /1 undetected,output,,N50893,N50893,1,undetected,N50893,N50893,N50893,sa1,1
1216,N14584 /1 undetected,output,,N14584,N14584,1,undetected,N14584,N14584,N14584,sa1,1
1217,N14680 /1 undetected,output,,N14680,N14680,1,undetected,N14680,N14680,N14680,sa1,1
1218,N50895 /1 undetected,output,,N50895,N50895,1,undetected,N50895,N50895,N50895,sa1,1
1219,N14579 /1 undetected,output,,N14579,N14579,1,undetected,N14579,N14579,N14579,sa1,1
1220,N14676 /1 undetected,output,,N14676,N14676,1,undetected,N14676,N14676,N14676,sa1,1
1221,N23163 /1 undetected,output,,N23163,N23163,1,undetected,N23163,N23163,N23163,sa1,1
1222,N59089 /1 undetected,output,,N59089,N59089,1,undetected,N59089,N59089,N59089,sa1,1
1223,N23162 /1 undetected,output,,N23162,N23162,1,undetected,N23162,N23162,N23162,sa1,1
1224,N59092 /1 undetected,output,,N59092,N59092,1,undetected,N59092,N59092,N59092,sa1,1
1225,N50899 /1 undetected,output,,N50899,N50899,1,undetected,N50899,N50899,N50899,sa1,1
1226,N14577 /1 undetected,output,,N14577,N14577,1,undetected,N14577,N14577,N14577,sa1,1
1227,N52647 /1 undetected,output,,N52647,N52647,1,undetected,N52647,N52647,N52647,sa1,1
1228,N14586 /1 undetected,output,,N14586,N14586,1,undetected,N14586,N14586,N14586,sa1,1
1229,N14683 /1 undetected,output,,N14683,N14683,1,undetected,N14683,N14683,N14683,sa1,1
1230,N52581 /1 undetected,output,,N52581,N52581,1,undetected,N52581,N52581,N52581,sa1,1
1231,N14583 /1 undetected,output,,N14583,N14583,1,undetected,N14583,N14583,N14583,sa1,1
1232,N14629 /1 undetected,output,,N14629,N14629,1,undetected,N14629,N14629,N14629,sa1,1
1233,N14687 /1 undetected,output,,N14687,N14687,1,undetected,N14687,N14687,N14687,sa1,1
1234,N14588 /1 undetected,output,,N14588,N14588,1,undetected,N14588,N14588,N14588,sa1,1
1235,N14686 /1 undetected,output,,N14686,N14686,1,undetected,N14686,N14686,N14686,sa1,1
1236,N50891 /1 undetected,output,,N50891,N50891,1,undetected,N50891,N50891,N50891,sa1,1
1237,N14585 /1 undetected,output,,N14585,N14585,1,undetected,N14585,N14585,N14585,sa1,1
1238,N14630 /1 undetected,output,,N14630,N14630,1,undetected,N14630,N14630,N14630,sa1,1
1239,N14690 /1 undetected,output,,N14690,N14690,1,undetected,N14690,N14690,N14690,sa1,1
1240,N53670 /1 undetected,output,,N53670,N53670,1,undetected,N53670,N53670,N53670,sa1,1
1241,N14590 /1 undetected,output,,N14590,N14590,1,undetected,N14590,N14590,N14590,sa1,1
1242,N14689 /1 undetected,output,,N14689,N14689,1,undetected,N14689,N14689,N14689,sa1,1
1243,N52686 /1 undetected,output,,N52686,N52686,1,undetected,N52686,N52686,N52686,sa1,1
1244,N14587 /1 undetected,output,,N14587,N14587,1,undetected,N14587,N14587,N14587,sa1,1
1245,N14631 /1 undetected,output,,N14631,N14631,1,undetected,N14631,N14631,N14631,sa1,1
1246,N14693 /1 undetected,output,,N14693,N14693,1,undetected,N14693,N14693,N14693,sa1,1
1247,N14592 /1 undetected,output,,N14592,N14592,1,undetected,N14592,N14592,N14592,sa1,1
1248,N14692 /1 undetected,output,,N14692,N14692,1,undetected,N14692,N14692,N14692,sa1,1
1249,N14589 /1 undetected,output,,N14589,N14589,1,undetected,N14589,N14589,N14589,sa1,1
1250,N14594 /1 undetected,output,,N14594,N14594,1,undetected,N14594,N14594,N14594,sa1,1
1251,N14695 /1 undetected,output,,N14695,N14695,1,undetected,N14695,N14695,N14695,sa1,1
1252,N53619 /1 undetected,output,,N53619,N53619,1,undetected,N53619,N53619,N53619,sa1,1
1253,N14591 /1 undetected,output,,N14591,N14591,1,undetected,N14591,N14591,N14591,sa1,1
1254,N14699 /1 undetected,output,,N14699,N14699,1,undetected,N14699,N14699,N14699,sa1,1
1255,N14596 /1 undetected,output,,N14596,N14596,1,undetected,N14596,N14596,N14596,sa1,1
1256,N14593 /1 undetected,output,,N14593,N14593,1,undetected,N14593,N14593,N14593,sa1,1
1257,N14704 /1 undetected,output,,N14704,N14704,1,undetected,N14704,N14704,N14704,sa1,1
1258,N8277 /1 undetected,output,,N8277,N8277,1,undetected,N8277,N8277,N8277,sa1,1
1259,N8211 /1 undetected,output,,N8211,N8211,1,undetected,N8211,N8211,N8211,sa1,1
1260,N54962 /1 undetected,output,,N54962,N54962,1,undetected,N54962,N54962,N54962,sa1,1
1261,__tpi_not_test_en->__tpi_cp_78_N4150 /1 undetected,input_edge,__tpi_not_test_en,__tpi_cp_78_N4150,__tpi_cp_78_N4150,1,undetected,__tpi_cp_78_N4150,__tpi_cp_78_N4150,__tpi_cp_78_N4150,sa1,1
1262,test_en->__tpi_cp_107_N21443 /0 undetected,input_edge,test_en,__tpi_cp_107_N21443,__tpi_cp_107_N21443,0,undetected,__tpi_cp_107_N21443,__tpi_cp_107_N21443,__tpi_cp_107_N21443,sa0,1
1263,test_en->__tpi_cp_231_N28084 /0 undetected,input_edge,test_en,__tpi_cp_231_N28084,__tpi_cp_231_N28084,0,undetected,__tpi_cp_231_N28084,__tpi_cp_231_N28084,__tpi_cp_231_N28084,sa0,1
1264,test_en->__tpi_cp_230_N28083 /0 undetected,input_edge,test_en,__tpi_cp_230_N28083,__tpi_cp_230_N28083,0,undetected,__tpi_cp_230_N28083,__tpi_cp_230_N28083,__tpi_cp_230_N28083,sa0,1
1265,test_en->__tpi_cp_246_N28082 /0 undetected,input_edge,test_en,__tpi_cp_246_N28082,__tpi_cp_246_N28082,0,undetected,__tpi_cp_246_N28082,__tpi_cp_246_N28082,__tpi_cp_246_N28082,sa0,1
1266,N8972 /0 undetected,output,,N8972,N8972,0,undetected,N8972,N8972,N8972,sa0,1
1267,N55532 /1 undetected,output,,N55532,N55532,1,undetected,N55532,N55532,N55532,sa1,1
1268,N8978 /1 undetected,output,,N8978,N8978,1,undetected,N8978,N8978,N8978,sa1,1
1269,N55555 /1 undetected,output,,N55555,N55555,1,undetected,N55555,N55555,N55555,sa1,1
1270,__tpi_not_test_en->__tpi_cp_68_N20569 /1 undetected,input_edge,__tpi_not_test_en,__tpi_cp_68_N20569,__tpi_cp_68_N20569,1,undetected,__tpi_cp_68_N20569,__tpi_cp_68_N20569,__tpi_cp_68_N20569,sa1,1
1271,__tpi_not_test_en->__tpi_cp_104_N20568 /1 undetected,input_edge,__tpi_not_test_en,__tpi_cp_104_N20568,__tpi_cp_104_N20568,1,undetected,__tpi_cp_104_N20568,__tpi_cp_104_N20568,__tpi_cp_104_N20568,sa1,1
1272,__tpi_not_test_en->__tpi_cp_112_N20567 /1 undetected,input_edge,__tpi_not_test_en,__tpi_cp_112_N20567,__tpi_cp_112_N20567,1,undetected,__tpi_cp_112_N20567,__tpi_cp_112_N20567,__tpi_cp_112_N20567,sa1,1
1273,test_en->__tpi_cp_117_N2443 /0 undetected,input_edge,test_en,__tpi_cp_117_N2443,__tpi_cp_117_N2443,0,undetected,__tpi_cp_117_N2443,__tpi_cp_117_N2443,__tpi_cp_117_N2443,sa0,1
1274,test_en->__tpi_cp_2_N24823 /0 undetected,input_edge,test_en,__tpi_cp_2_N24823,__tpi_cp_2_N24823,0,undetected,__tpi_cp_2_N24823,__tpi_cp_2_N24823,__tpi_cp_2_N24823,sa0,1
1275,test_en->__tpi_cp_118_N2442 /0 undetected,input_edge,test_en,__tpi_cp_118_N2442,__tpi_cp_118_N2442,0,undetected,__tpi_cp_118_N2442,__tpi_cp_118_N2442,__tpi_cp_118_N2442,sa0,1
1276,test_en->__tpi_cp_10_N24822 /0 undetected,input_edge,test_en,__tpi_cp_10_N24822,__tpi_cp_10_N24822,0,undetected,__tpi_cp_10_N24822,__tpi_cp_10_N24822,__tpi_cp_10_N24822,sa0,1
1277,__tpi_not_test_en->__tpi_cp_113_N2441 /1 undetected,input_edge,__tpi_not_test_en,__tpi_cp_113_N2441,__tpi_cp_113_N2441,1,undetected,__tpi_cp_113_N2441,__tpi_cp_113_N2441,__tpi_cp_113_N2441,sa1,1
1278,__tpi_not_test_en->__tpi_cp_201_N24821 /1 undetected,input_edge,__tpi_not_test_en,__tpi_cp_201_N24821,__tpi_cp_201_N24821,1,undetected,__tpi_cp_201_N24821,__tpi_cp_201_N24821,__tpi_cp_201_N24821,sa1,1
1279,__tpi_not_test_en->__tpi_cp_194_N42357 /1 undetected,input_edge,__tpi_not_test_en,__tpi_cp_194_N42357,__tpi_cp_194_N42357,1,undetected,__tpi_cp_194_N42357,__tpi_cp_194_N42357,__tpi_cp_194_N42357,sa1,1
1280,test_en->__tpi_cp_252_N40600 /0 undetected,input_edge,test_en,__tpi_cp_252_N40600,__tpi_cp_252_N40600,0,undetected,__tpi_cp_252_N40600,__tpi_cp_252_N40600,__tpi_cp_252_N40600,sa0,1
1281,__tpi_not_test_en->__tpi_cp_105_N2444 /1 undetected,input_edge,__tpi_not_test_en,__tpi_cp_105_N2444,__tpi_cp_105_N2444,1,undetected,__tpi_cp_105_N2444,__tpi_cp_105_N2444,__tpi_cp_105_N2444,sa1,1
1282,__tpi_not_test_en->__tpi_cp_115_N24824 /1 undetected,input_edge,__tpi_not_test_en,__tpi_cp_115_N24824,__tpi_cp_115_N24824,1,undetected,__tpi_cp_115_N24824,__tpi_cp_115_N24824,__tpi_cp_115_N24824,sa1,1
1283,__tpi_not_test_en->__tpi_cp_186_N54999 /1 undetected,input_edge,__tpi_not_test_en,__tpi_cp_186_N54999,__tpi_cp_186_N54999,1,undetected,__tpi_cp_186_N54999,__tpi_cp_186_N54999,__tpi_cp_186_N54999,sa1,1
1284,__tpi_not_test_en->__tpi_cp_183___buf_split_21100 /1 undetected,input_edge,__tpi_not_test_en,__tpi_cp_183___buf_split_21100,__tpi_cp_183___buf_split_21100,1,undetected,__tpi_cp_183___buf_split_21100,__tpi_cp_183___buf_split_21100,__tpi_cp_183___buf_split_21100,sa1,1
1285,__tpi_not_test_en->__tpi_cp_185_N42327 /1 undetected,input_edge,__tpi_not_test_en,__tpi_cp_185_N42327,__tpi_cp_185_N42327,1,undetected,__tpi_cp_185_N42327,__tpi_cp_185_N42327,__tpi_cp_185_N42327,sa1,1
1286,__tpi_not_test_en->__tpi_cp_200___buf_split_4686 /1 undetected,input_edge,__tpi_not_test_en,__tpi_cp_200___buf_split_4686,__tpi_cp_200___buf_split_4686,1,undetected,__tpi_cp_200___buf_split_4686,__tpi_cp_200___buf_split_4686,__tpi_cp_200___buf_split_4686,sa1,1
1287,test_en->__tpi_cp_233_N28011 /0 undetected,input_edge,test_en,__tpi_cp_233_N28011,__tpi_cp_233_N28011,0,undetected,__tpi_cp_233_N28011,__tpi_cp_233_N28011,__tpi_cp_233_N28011,sa0,1
1288,test_en->__tpi_cp_229_N28012 /0 undetected,input_edge,test_en,__tpi_cp_229_N28012,__tpi_cp_229_N28012,0,undetected,__tpi_cp_229_N28012,__tpi_cp_229_N28012,__tpi_cp_229_N28012,sa0,1
1289,N15819 /0 undetected,output,,N15819,N15819,0,undetected,N15819,N15819,N15819,sa0,1
1290,N59867 /1 undetected,output,,N59867,N59867,1,undetected,N59867,N59867,N59867,sa1,1
1291,N15825 /1 undetected,output,,N15825,N15825,1,undetected,N15825,N15825,N15825,sa1,1
1292,N59890 /1 undetected,output,,N59890,N59890,1,undetected,N59890,N59890,N59890,sa1,1
1293,N8237 /1 undetected,output,,N8237,N8237,1,undetected,N8237,N8237,N8237,sa1,1
1294,N40962 /1 undetected,output,,N40962,N40962,1,undetected,N40962,N40962,N40962,sa1,1
1295,N8163 /0 undetected,output,,N8163,N8163,0,undetected,N8163,N8163,N8163,sa0,1
1296,N40964 /1 undetected,output,,N40964,N40964,1,undetected,N40964,N40964,N40964,sa1,1
1297,N40935 /1 undetected,output,,N40935,N40935,1,undetected,N40935,N40935,N40935,sa1,1
1298,N45272 /1 undetected,output,,N45272,N45272,1,undetected,N45272,N45272,N45272,sa1,1
1299,N3441 /1 undetected,output,,N3441,N3441,1,undetected,N3441,N3441,N3441,sa1,1
1300,N43631 /1 undetected,output,,N43631,N43631,1,undetected,N43631,N43631,N43631,sa1,1
1301,N9007 /1 undetected,output,,N9007,N9007,1,undetected,N9007,N9007,N9007,sa1,1
1302,N55556 /1 undetected,output,,N55556,N55556,1,undetected,N55556,N55556,N55556,sa1,1
1303,N55531 /1 undetected,output,,N55531,N55531,1,undetected,N55531,N55531,N55531,sa1,1
1304,N8908 /1 undetected,output,,N8908,N8908,1,undetected,N8908,N8908,N8908,sa1,1
1305,N55557 /1 undetected,output,,N55557,N55557,1,undetected,N55557,N55557,N55557,sa1,1
1306,N8910 /1 undetected,output,,N8910,N8910,1,undetected,N8910,N8910,N8910,sa1,1
1307,N15854 /1 undetected,output,,N15854,N15854,1,undetected,N15854,N15854,N15854,sa1,1
1308,N59891 /1 undetected,output,,N59891,N59891,1,undetected,N59891,N59891,N59891,sa1,1
1309,N59866 /1 undetected,output,,N59866,N59866,1,undetected,N59866,N59866,N59866,sa1,1
1310,N15755 /1 undetected,output,,N15755,N15755,1,undetected,N15755,N15755,N15755,sa1,1
1311,N59892 /1 undetected,output,,N59892,N59892,1,undetected,N59892,N59892,N59892,sa1,1
1312,N15757 /1 undetected,output,,N15757,N15757,1,undetected,N15757,N15757,N15757,sa1,1
1313,N8260 /0 undetected,output,,N8260,N8260,0,undetected,N8260,N8260,N8260,sa0,1
1314,N15778 /1 undetected,output,,N15778,N15778,1,undetected,N15778,N15778,N15778,sa1,1
1315,N15778 /0 undetected,output,,N15778,N15778,0,undetected,N15778,N15778,N15778,sa0,1
1316,N8279 /1 undetected,output,,N8279,N8279,1,undetected,N8279,N8279,N8279,sa1,1
1317,N8208 /1 undetected,output,,N8208,N8208,1,undetected,N8208,N8208,N8208,sa1,1
1318,N54960 /1 undetected,output,,N54960,N54960,1,undetected,N54960,N54960,N54960,sa1,1
1319,N8931 /1 undetected,output,,N8931,N8931,1,undetected,N8931,N8931,N8931,sa1,1
1320,N8931 /0 undetected,output,,N8931,N8931,0,undetected,N8931,N8931,N8931,sa0,1
1321,N8971 /0 undetected,output,,N8971,N8971,0,undetected,N8971,N8971,N8971,sa0,1
1322,N55529 /1 undetected,output,,N55529,N55529,1,undetected,N55529,N55529,N55529,sa1,1
1323,N8980 /1 undetected,output,,N8980,N8980,1,undetected,N8980,N8980,N8980,sa1,1
1324,N55560 /1 undetected,output,,N55560,N55560,1,undetected,N55560,N55560,N55560,sa1,1
1325,N54326 /1 undetected,output,,N54326,N54326,1,undetected,N54326,N54326,N54326,sa1,1
1326,N51323 /1 undetected,output,,N51323,N51323,1,undetected,N51323,N51323,N51323,sa1,1
1327,N46921 /1 undetected,output,,N46921,N46921,1,undetected,N46921,N46921,N46921,sa1,1
1328,N56470 /1 undetected,output,,N56470,N56470,1,undetected,N56470,N56470,N56470,sa1,1
1329,N8209 /1 undetected,output,,N8209,N8209,1,undetected,N8209,N8209,N8209,sa1,1
1330,N40838 /1 undetected,output,,N40838,N40838,1,undetected,N40838,N40838,N40838,sa1,1
1331,test_en->__tpi_cp_59_N57992 /0 undetected,input_edge,test_en,__tpi_cp_59_N57992,__tpi_cp_59_N57992,0,undetected,__tpi_cp_59_N57992,__tpi_cp_59_N57992,__tpi_cp_59_N57992,sa0,1
1332,test_en->__tpi_cp_60___buf_split_21132 /0 undetected,input_edge,test_en,__tpi_cp_60___buf_split_21132,__tpi_cp_60___buf_split_21132,0,undetected,__tpi_cp_60___buf_split_21132,__tpi_cp_60___buf_split_21132,__tpi_cp_60___buf_split_21132,sa0,1
1333,test_en->__tpi_cp_50_N22957 /0 undetected,input_edge,test_en,__tpi_cp_50_N22957,__tpi_cp_50_N22957,0,undetected,__tpi_cp_50_N22957,__tpi_cp_50_N22957,__tpi_cp_50_N22957,sa0,1
1334,test_en->__tpi_cp_160_N12622 /0 undetected,input_edge,test_en,__tpi_cp_160_N12622,__tpi_cp_160_N12622,0,undetected,__tpi_cp_160_N12622,__tpi_cp_160_N12622,__tpi_cp_160_N12622,sa0,1
1335,test_en->__tpi_cp_81_N32436 /0 undetected,input_edge,test_en,__tpi_cp_81_N32436,__tpi_cp_81_N32436,0,undetected,__tpi_cp_81_N32436,__tpi_cp_81_N32436,__tpi_cp_81_N32436,sa0,1
1336,test_en->__tpi_cp_163_N57989 /0 undetected,input_edge,test_en,__tpi_cp_163_N57989,__tpi_cp_163_N57989,0,undetected,__tpi_cp_163_N57989,__tpi_cp_163_N57989,__tpi_cp_163_N57989,sa0,1
1337,test_en->__tpi_cp_175___buf_split_19654 /0 undetected,input_edge,test_en,__tpi_cp_175___buf_split_19654,__tpi_cp_175___buf_split_19654,0,undetected,__tpi_cp_175___buf_split_19654,__tpi_cp_175___buf_split_19654,__tpi_cp_175___buf_split_19654,sa0,1
1338,test_en->__tpi_cp_82_N12586 /0 undetected,input_edge,test_en,__tpi_cp_82_N12586,__tpi_cp_82_N12586,0,undetected,__tpi_cp_82_N12586,__tpi_cp_82_N12586,__tpi_cp_82_N12586,sa0,1
1339,test_en->__tpi_cp_62_N12587 /0 undetected,input_edge,test_en,__tpi_cp_62_N12587,__tpi_cp_62_N12587,0,undetected,__tpi_cp_62_N12587,__tpi_cp_62_N12587,__tpi_cp_62_N12587,sa0,1
1340,test_en->__tpi_cp_237_N12623 /0 undetected,input_edge,test_en,__tpi_cp_237_N12623,__tpi_cp_237_N12623,0,undetected,__tpi_cp_237_N12623,__tpi_cp_237_N12623,__tpi_cp_237_N12623,sa0,1
1341,test_en->__tpi_cp_236_N32437 /0 undetected,input_edge,test_en,__tpi_cp_236_N32437,__tpi_cp_236_N32437,0,undetected,__tpi_cp_236_N32437,__tpi_cp_236_N32437,__tpi_cp_236_N32437,sa0,1
1342,test_en->__tpi_cp_216_N12621 /0 undetected,input_edge,test_en,__tpi_cp_216_N12621,__tpi_cp_216_N12621,0,undetected,__tpi_cp_216_N12621,__tpi_cp_216_N12621,__tpi_cp_216_N12621,sa0,1
1343,test_en->__tpi_cp_79_N32435 /0 undetected,input_edge,test_en,__tpi_cp_79_N32435,__tpi_cp_79_N32435,0,undetected,__tpi_cp_79_N32435,__tpi_cp_79_N32435,__tpi_cp_79_N32435,sa0,1
1344,test_en->__tpi_cp_89_N12585 /0 undetected,input_edge,test_en,__tpi_cp_89_N12585,__tpi_cp_89_N12585,0,undetected,__tpi_cp_89_N12585,__tpi_cp_89_N12585,__tpi_cp_89_N12585,sa0,1
1345,test_en->__tpi_cp_208_N12624 /0 undetected,input_edge,test_en,__tpi_cp_208_N12624,__tpi_cp_208_N12624,0,undetected,__tpi_cp_208_N12624,__tpi_cp_208_N12624,__tpi_cp_208_N12624,sa0,1
1346,test_en->__tpi_cp_207_N32438 /0 undetected,input_edge,test_en,__tpi_cp_207_N32438,__tpi_cp_207_N32438,0,undetected,__tpi_cp_207_N32438,__tpi_cp_207_N32438,__tpi_cp_207_N32438,sa0,1
1347,N15818 /0 undetected,output,,N15818,N15818,0,undetected,N15818,N15818,N15818,sa0,1
1348,N59864 /1 undetected,output,,N59864,N59864,1,undetected,N59864,N59864,N59864,sa1,1
1349,N15827 /1 undetected,output,,N15827,N15827,1,undetected,N15827,N15827,N15827,sa1,1
1350,N59895 /1 undetected,output,,N59895,N59895,1,undetected,N59895,N59895,N59895,sa1,1
1351,N1714 /1 undetected,output,,N1714,N1714,1,undetected,N1714,N1714,N1714,sa1,1
1352,N45273 /1 undetected,output,,N45273,N45273,1,undetected,N45273,N45273,N45273,sa1,1
1353,N3366 /1 undetected,output,,N3366,N3366,1,undetected,N3366,N3366,N3366,sa1,1
1354,N46956 /1 undetected,output,,N46956,N46956,1,undetected,N46956,N46956,N46956,sa1,1
1355,N3444 /1 undetected,output,,N3444,N3444,1,undetected,N3444,N3444,N3444,sa1,1
1356,N43376 /1 undetected,output,,N43376,N43376,1,undetected,N43376,N43376,N43376,sa1,1
1357,N48204 /1 undetected,output,,N48204,N48204,1,undetected,N48204,N48204,N48204,sa1,1
1358,N9009 /1 undetected,output,,N9009,N9009,1,undetected,N9009,N9009,N9009,sa1,1
1359,N55561 /1 undetected,output,,N55561,N55561,1,undetected,N55561,N55561,N55561,sa1,1
1360,N55528 /1 undetected,output,,N55528,N55528,1,undetected,N55528,N55528,N55528,sa1,1
1361,N8907 /1 undetected,output,,N8907,N8907,1,undetected,N8907,N8907,N8907,sa1,1
1362,N55562 /1 undetected,output,,N55562,N55562,1,undetected,N55562,N55562,N55562,sa1,1
1363,N8911 /1 undetected,output,,N8911,N8911,1,undetected,N8911,N8911,N8911,sa1,1
1364,N15856 /1 undetected,output,,N15856,N15856,1,undetected,N15856,N15856,N15856,sa1,1
1365,N59896 /1 undetected,output,,N59896,N59896,1,undetected,N59896,N59896,N59896,sa1,1
1366,N59863 /1 undetected,output,,N59863,N59863,1,undetected,N59863,N59863,N59863,sa1,1
1367,N15754 /1 undetected,output,,N15754,N15754,1,undetected,N15754,N15754,N15754,sa1,1
1368,N59897 /1 undetected,output,,N59897,N59897,1,undetected,N59897,N59897,N59897,sa1,1
1369,N15758 /1 undetected,output,,N15758,N15758,1,undetected,N15758,N15758,N15758,sa1,1
1370,N8259 /0 undetected,output,,N8259,N8259,0,undetected,N8259,N8259,N8259,sa0,1
1371,test_en->__tpi_cp_245_N32434 /0 undetected,input_edge,test_en,__tpi_cp_245_N32434,__tpi_cp_245_N32434,0,undetected,__tpi_cp_245_N32434,__tpi_cp_245_N32434,__tpi_cp_245_N32434,sa0,1
1372,N54327 /1 undetected,output,,N54327,N54327,1,undetected,N54327,N54327,N54327,sa1,1
1373,N51324 /1 undetected,output,,N51324,N51324,1,undetected,N51324,N51324,N51324,sa1,1
1374,N8281 /1 undetected,output,,N8281,N8281,1,undetected,N8281,N8281,N8281,sa1,1
1375,N8206 /1 undetected,output,,N8206,N8206,1,undetected,N8206,N8206,N8206,sa1,1
1376,N54958 /1 undetected,output,,N54958,N54958,1,undetected,N54958,N54958,N54958,sa1,1
1377,N54325 /1 undetected,output,,N54325,N54325,1,undetected,N54325,N54325,N54325,sa1,1
1378,N53010 /1 undetected,output,,N53010,N53010,1,undetected,N53010,N53010,N53010,sa1,1
1379,N59282 /1 undetected,output,,N59282,N59282,1,undetected,N59282,N59282,N59282,sa1,1
1380,N46922 /1 undetected,output,,N46922,N46922,1,undetected,N46922,N46922,N46922,sa1,1
1381,N56471 /1 undetected,output,,N56471,N56471,1,undetected,N56471,N56471,N56471,sa1,1
1382,N8207 /1 undetected,output,,N8207,N8207,1,undetected,N8207,N8207,N8207,sa1,1
1383,N40910 /1 undetected,output,,N40910,N40910,1,undetected,N40910,N40910,N40910,sa1,1
1384,N8970 /0 undetected,output,,N8970,N8970,0,undetected,N8970,N8970,N8970,sa0,1
1385,N55526 /1 undetected,output,,N55526,N55526,1,undetected,N55526,N55526,N55526,sa1,1
1386,N8982 /1 undetected,output,,N8982,N8982,1,undetected,N8982,N8982,N8982,sa1,1
1387,N55565 /1 undetected,output,,N55565,N55565,1,undetected,N55565,N55565,N55565,sa1,1
1388,N48173 /1 undetected,output,,N48173,N48173,1,undetected,N48173,N48173,N48173,sa1,1
1389,N1715 /1 undetected,output,,N1715,N1715,1,undetected,N1715,N1715,N1715,sa1,1
1390,N45274 /1 undetected,output,,N45274,N45274,1,undetected,N45274,N45274,N45274,sa1,1
1391,N3368 /1 undetected,output,,N3368,N3368,1,undetected,N3368,N3368,N3368,sa1,1
1392,N46957 /1 undetected,output,,N46957,N46957,1,undetected,N46957,N46957,N46957,sa1,1
1393,N3446 /1 undetected,output,,N3446,N3446,1,undetected,N3446,N3446,N3446,sa1,1
1394,N3447 /1 undetected,output,,N3447,N3447,1,undetected,N3447,N3447,N3447,sa1,1
1395,N44086 /1 undetected,output,,N44086,N44086,1,undetected,N44086,N44086,N44086,sa1,1
1396,N48205 /1 undetected,output,,N48205,N48205,1,undetected,N48205,N48205,N48205,sa1,1
1397,N15817 /0 undetected,output,,N15817,N15817,0,undetected,N15817,N15817,N15817,sa0,1
1398,N59861 /1 undetected,output,,N59861,N59861,1,undetected,N59861,N59861,N59861,sa1,1
1399,N15829 /1 undetected,output,,N15829,N15829,1,undetected,N15829,N15829,N15829,sa1,1
1400,N59900 /1 undetected,output,,N59900,N59900,1,undetected,N59900,N59900,N59900,sa1,1
1401,test_en->__tpi_cp_234_N32433 /0 undetected,input_edge,test_en,__tpi_cp_234_N32433,__tpi_cp_234_N32433,0,undetected,__tpi_cp_234_N32433,__tpi_cp_234_N32433,__tpi_cp_234_N32433,sa0,1
1402,test_en->__tpi_cp_205_N36614 /0 undetected,input_edge,test_en,__tpi_cp_205_N36614,__tpi_cp_205_N36614,0,undetected,__tpi_cp_205_N36614,__tpi_cp_205_N36614,__tpi_cp_205_N36614,sa0,1
1403,test_en->__tpi_cp_204_N36907 /0 undetected,input_edge,test_en,__tpi_cp_204_N36907,__tpi_cp_204_N36907,0,undetected,__tpi_cp_204_N36907,__tpi_cp_204_N36907,__tpi_cp_204_N36907,sa0,1
1404,test_en->__tpi_cp_247_N36906 /0 undetected,input_edge,test_en,__tpi_cp_247_N36906,__tpi_cp_247_N36906,0,undetected,__tpi_cp_247_N36906,__tpi_cp_247_N36906,__tpi_cp_247_N36906,sa0,1
1405,test_en->__tpi_cp_254_N26588 /0 undetected,input_edge,test_en,__tpi_cp_254_N26588,__tpi_cp_254_N26588,0,undetected,__tpi_cp_254_N26588,__tpi_cp_254_N26588,__tpi_cp_254_N26588,sa0,1
1406,test_en->__tpi_cp_227_N28661 /0 undetected,input_edge,test_en,__tpi_cp_227_N28661,__tpi_cp_227_N28661,0,undetected,__tpi_cp_227_N28661,__tpi_cp_227_N28661,__tpi_cp_227_N28661,sa0,1
1407,N53009 /1 undetected,output,,N53009,N53009,1,undetected,N53009,N53009,N53009,sa1,1
1408,test_en->__tpi_cp_224_N28660 /0 undetected,input_edge,test_en,__tpi_cp_224_N28660,__tpi_cp_224_N28660,0,undetected,__tpi_cp_224_N28660,__tpi_cp_224_N28660,__tpi_cp_224_N28660,sa0,1
1409,N59281 /1 undetected,output,,N59281,N59281,1,undetected,N59281,N59281,N59281,sa1,1
1410,N15780 /1 undetected,output,,N15780,N15780,1,undetected,N15780,N15780,N15780,sa1,1
1411,N15780 /0 undetected,output,,N15780,N15780,0,undetected,N15780,N15780,N15780,sa0,1
1412,N8933 /1 undetected,output,,N8933,N8933,1,undetected,N8933,N8933,N8933,sa1,1
1413,N8933 /0 undetected,output,,N8933,N8933,0,undetected,N8933,N8933,N8933,sa0,1
1414,N9011 /1 undetected,output,,N9011,N9011,1,undetected,N9011,N9011,N9011,sa1,1
1415,N55566 /1 undetected,output,,N55566,N55566,1,undetected,N55566,N55566,N55566,sa1,1
1416,N55525 /1 undetected,output,,N55525,N55525,1,undetected,N55525,N55525,N55525,sa1,1
1417,N8906 /1 undetected,output,,N8906,N8906,1,undetected,N8906,N8906,N8906,sa1,1
1418,N55567 /1 undetected,output,,N55567,N55567,1,undetected,N55567,N55567,N55567,sa1,1
1419,N8912 /1 undetected,output,,N8912,N8912,1,undetected,N8912,N8912,N8912,sa1,1
1420,N53011 /1 undetected,output,,N53011,N53011,1,undetected,N53011,N53011,N53011,sa1,1
1421,N59283 /1 undetected,output,,N59283,N59283,1,undetected,N59283,N59283,N59283,sa1,1
1422,N8258 /0 undetected,output,,N8258,N8258,0,undetected,N8258,N8258,N8258,sa0,1
1423,N15858 /1 undetected,output,,N15858,N15858,1,undetected,N15858,N15858,N15858,sa1,1
1424,N59901 /1 undetected,output,,N59901,N59901,1,undetected,N59901,N59901,N59901,sa1,1
1425,N59860 /1 undetected,output,,N59860,N59860,1,undetected,N59860,N59860,N59860,sa1,1
1426,N15753 /1 undetected,output,,N15753,N15753,1,undetected,N15753,N15753,N15753,sa1,1
1427,N59902 /1 undetected,output,,N59902,N59902,1,undetected,N59902,N59902,N59902,sa1,1
1428,N15759 /1 undetected,output,,N15759,N15759,1,undetected,N15759,N15759,N15759,sa1,1
1429,N54328 /1 undetected,output,,N54328,N54328,1,undetected,N54328,N54328,N54328,sa1,1
1430,N51325 /1 undetected,output,,N51325,N51325,1,undetected,N51325,N51325,N51325,sa1,1
1431,N8283 /1 undetected,output,,N8283,N8283,1,undetected,N8283,N8283,N8283,sa1,1
1432,N8204 /1 undetected,output,,N8204,N8204,1,undetected,N8204,N8204,N8204,sa1,1
1433,N54956 /1 undetected,output,,N54956,N54956,1,undetected,N54956,N54956,N54956,sa1,1
1434,N54329 /1 undetected,output,,N54329,N54329,1,undetected,N54329,N54329,N54329,sa1,1
1435,N51326 /1 undetected,output,,N51326,N51326,1,undetected,N51326,N51326,N51326,sa1,1
1436,test_en->__tpi_cp_97_N37235 /0 undetected,input_edge,test_en,__tpi_cp_97_N37235,__tpi_cp_97_N37235,0,undetected,__tpi_cp_97_N37235,__tpi_cp_97_N37235,__tpi_cp_97_N37235,sa0,1
1437,test_en->__tpi_cp_95_N36370 /0 undetected,input_edge,test_en,__tpi_cp_95_N36370,__tpi_cp_95_N36370,0,undetected,__tpi_cp_95_N36370,__tpi_cp_95_N36370,__tpi_cp_95_N36370,sa0,1
1438,test_en->__tpi_cp_93_N35932 /0 undetected,input_edge,test_en,__tpi_cp_93_N35932,__tpi_cp_93_N35932,0,undetected,__tpi_cp_93_N35932,__tpi_cp_93_N35932,__tpi_cp_93_N35932,sa0,1
1439,test_en->__tpi_cp_98_N35494 /0 undetected,input_edge,test_en,__tpi_cp_98_N35494,__tpi_cp_98_N35494,0,undetected,__tpi_cp_98_N35494,__tpi_cp_98_N35494,__tpi_cp_98_N35494,sa0,1
1440,test_en->__tpi_cp_255_N35492 /0 undetected,input_edge,test_en,__tpi_cp_255_N35492,__tpi_cp_255_N35492,0,undetected,__tpi_cp_255_N35492,__tpi_cp_255_N35492,__tpi_cp_255_N35492,sa0,1
1441,N46923 /1 undetected,output,,N46923,N46923,1,undetected,N46923,N46923,N46923,sa1,1
1442,N56472 /1 undetected,output,,N56472,N56472,1,undetected,N56472,N56472,N56472,sa1,1
1443,N937 /0 undetected,output,,N937,N937,0,undetected,N937,N937,N937,sa0,1
1444,N3369 /1 undetected,output,,N3369,N3369,1,undetected,N3369,N3369,N3369,sa1,1
1445,N48174 /1 undetected,output,,N48174,N48174,1,undetected,N48174,N48174,N48174,sa1,1
1446,N1716 /1 undetected,output,,N1716,N1716,1,undetected,N1716,N1716,N1716,sa1,1
1447,N45275 /1 undetected,output,,N45275,N45275,1,undetected,N45275,N45275,N45275,sa1,1
1448,N3370 /1 undetected,output,,N3370,N3370,1,undetected,N3370,N3370,N3370,sa1,1
1449,N47632 /1 undetected,output,,N47632,N47632,1,undetected,N47632,N47632,N47632,sa1,1
1450,N905 /1 undetected,output,,N905,N905,1,undetected,N905,N905,N905,sa1,1
1451,N3449 /1 undetected,output,,N3449,N3449,1,undetected,N3449,N3449,N3449,sa1,1
1452,N46990 /1 undetected,output,,N46990,N46990,1,undetected,N46990,N46990,N46990,sa1,1
1453,N46680 /1 undetected,output,,N46680,N46680,1,undetected,N46680,N46680,N46680,sa1,1
1454,N3450 /1 undetected,output,,N3450,N3450,1,undetected,N3450,N3450,N3450,sa1,1
1455,N48286 /1 undetected,output,,N48286,N48286,1,undetected,N48286,N48286,N48286,sa1,1
1456,N44137 /1 undetected,output,,N44137,N44137,1,undetected,N44137,N44137,N44137,sa1,1
1457,N48206 /1 undetected,output,,N48206,N48206,1,undetected,N48206,N48206,N48206,sa1,1
1458,N47633 /1 undetected,output,,N47633,N47633,1,undetected,N47633,N47633,N47633,sa1,1
1459,N8205 /1 undetected,output,,N8205,N8205,1,undetected,N8205,N8205,N8205,sa1,1
1460,N40891 /1 undetected,output,,N40891,N40891,1,undetected,N40891,N40891,N40891,sa1,1
1461,N8969 /0 undetected,output,,N8969,N8969,0,undetected,N8969,N8969,N8969,sa0,1
1462,N55523 /1 undetected,output,,N55523,N55523,1,undetected,N55523,N55523,N55523,sa1,1
1463,N8984 /1 undetected,output,,N8984,N8984,1,undetected,N8984,N8984,N8984,sa1,1
1464,N55570 /1 undetected,output,,N55570,N55570,1,undetected,N55570,N55570,N55570,sa1,1
1465,N59858 /1 undetected,output,,N59858,N59858,1,undetected,N59858,N59858,N59858,sa1,1
1466,N15831 /1 undetected,output,,N15831,N15831,1,undetected,N15831,N15831,N15831,sa1,1
1467,N59905 /1 undetected,output,,N59905,N59905,1,undetected,N59905,N59905,N59905,sa1,1
1468,N15816 /0 undetected,output,,N15816,N15816,0,undetected,N15816,N15816,N15816,sa0,1
1469,N15782 /1 undetected,output,,N15782,N15782,1,undetected,N15782,N15782,N15782,sa1,1
1470,N15782 /0 undetected,output,,N15782,N15782,0,undetected,N15782,N15782,N15782,sa0,1
1471,N8935 /1 undetected,output,,N8935,N8935,1,undetected,N8935,N8935,N8935,sa1,1
1472,N8935 /0 undetected,output,,N8935,N8935,0,undetected,N8935,N8935,N8935,sa0,1
1473,N53012 /1 undetected,output,,N53012,N53012,1,undetected,N53012,N53012,N53012,sa1,1
1474,N59284 /1 undetected,output,,N59284,N59284,1,undetected,N59284,N59284,N59284,sa1,1
1475,N14515 /1 undetected,output,,N14515,N14515,1,undetected,N14515,N14515,N14515,sa1,1
1476,N14442 /1 undetected,output,,N14442,N14442,1,undetected,N14442,N14442,N14442,sa1,1
1477,N59018 /1 undetected,output,,N59018,N59018,1,undetected,N59018,N59018,N59018,sa1,1
1478,N8257 /0 undetected,output,,N8257,N8257,0,undetected,N8257,N8257,N8257,sa0,1
1479,N15860 /1 undetected,output,,N15860,N15860,1,undetected,N15860,N15860,N15860,sa1,1
1480,N59906 /1 undetected,output,,N59906,N59906,1,undetected,N59906,N59906,N59906,sa1,1
1481,N59857 /1 undetected,output,,N59857,N59857,1,undetected,N59857,N59857,N59857,sa1,1
1482,N9013 /1 undetected,output,,N9013,N9013,1,undetected,N9013,N9013,N9013,sa1,1
1483,N55571 /1 undetected,output,,N55571,N55571,1,undetected,N55571,N55571,N55571,sa1,1
1484,N55522 /1 undetected,output,,N55522,N55522,1,undetected,N55522,N55522,N55522,sa1,1
1485,N8905 /1 undetected,output,,N8905,N8905,1,undetected,N8905,N8905,N8905,sa1,1
1486,N55572 /1 undetected,output,,N55572,N55572,1,undetected,N55572,N55572,N55572,sa1,1
1487,N8913 /1 undetected,output,,N8913,N8913,1,undetected,N8913,N8913,N8913,sa1,1
1488,N8285 /1 undetected,output,,N8285,N8285,1,undetected,N8285,N8285,N8285,sa1,1
1489,N8202 /1 undetected,output,,N8202,N8202,1,undetected,N8202,N8202,N8202,sa1,1
1490,N54954 /1 undetected,output,,N54954,N54954,1,undetected,N54954,N54954,N54954,sa1,1
1491,N53013 /1 undetected,output,,N53013,N53013,1,undetected,N53013,N53013,N53013,sa1,1
1492,N59285 /1 undetected,output,,N59285,N59285,1,undetected,N59285,N59285,N59285,sa1,1
1493,__tpi_not_test_en->__tpi_cp_52_N5034 /1 undetected,input_edge,__tpi_not_test_en,__tpi_cp_52_N5034,__tpi_cp_52_N5034,1,undetected,__tpi_cp_52_N5034,__tpi_cp_52_N5034,__tpi_cp_52_N5034,sa1,1
1494,test_en->__tpi_cp_133_N51157 /0 undetected,input_edge,test_en,__tpi_cp_133_N51157,__tpi_cp_133_N51157,0,undetected,__tpi_cp_133_N51157,__tpi_cp_133_N51157,__tpi_cp_133_N51157,sa0,1
1495,test_en->__tpi_cp_134___buf_split_20683 /0 undetected,input_edge,test_en,__tpi_cp_134___buf_split_20683,__tpi_cp_134___buf_split_20683,0,undetected,__tpi_cp_134___buf_split_20683,__tpi_cp_134___buf_split_20683,__tpi_cp_134___buf_split_20683,sa0,1
1496,__tpi_not_test_en->__tpi_cp_181_N45052 /1 undetected,input_edge,__tpi_not_test_en,__tpi_cp_181_N45052,__tpi_cp_181_N45052,1,undetected,__tpi_cp_181_N45052,__tpi_cp_181_N45052,__tpi_cp_181_N45052,sa1,1
1497,test_en->__tpi_cp_33___buf_split_20679 /0 undetected,input_edge,test_en,__tpi_cp_33___buf_split_20679,__tpi_cp_33___buf_split_20679,0,undetected,__tpi_cp_33___buf_split_20679,__tpi_cp_33___buf_split_20679,__tpi_cp_33___buf_split_20679,sa0,1
1498,N15752 /1 undetected,output,,N15752,N15752,1,undetected,N15752,N15752,N15752,sa1,1
1499,N15770 /1 undetected,output,,N15770,N15770,1,undetected,N15770,N15770,N15770,sa1,1
1500,N34816 /1 undetected,output,,N34816,N34816,1,undetected,N34816,N34816,N34816,sa1,1
1501,N34815 /1 undetected,output,,N34815,N34815,1,undetected,N34815,N34815,N34815,sa1,1
1502,N5723 /1 undetected,output,,N5723,N5723,1,undetected,N5723,N5723,N5723,sa1,1
1503,N48558 /1 undetected,output,,N48558,N48558,1,undetected,N48558,N48558,N48558,sa1,1
1504,test_en->__tpi_cp_260_N24255 /0 undetected,input_edge,test_en,__tpi_cp_260_N24255,__tpi_cp_260_N24255,0,undetected,__tpi_cp_260_N24255,__tpi_cp_260_N24255,__tpi_cp_260_N24255,sa0,1
1505,N46924 /1 undetected,output,,N46924,N46924,1,undetected,N46924,N46924,N46924,sa1,1
1506,N56473 /1 undetected,output,,N56473,N56473,1,undetected,N56473,N56473,N56473,sa1,1
1507,N938 /1 undetected,output,,N938,N938,1,undetected,N938,N938,N938,sa1,1
1508,N938 /0 undetected,output,,N938,N938,0,undetected,N938,N938,N938,sa0,1
1509,N3371 /1 undetected,output,,N3371,N3371,1,undetected,N3371,N3371,N3371,sa1,1
1510,N48175 /1 undetected,output,,N48175,N48175,1,undetected,N48175,N48175,N48175,sa1,1
1511,N46683 /1 undetected,output,,N46683,N46683,1,undetected,N46683,N46683,N46683,sa1,1
1512,N1717 /1 undetected,output,,N1717,N1717,1,undetected,N1717,N1717,N1717,sa1,1
1513,N45276 /1 undetected,output,,N45276,N45276,1,undetected,N45276,N45276,N45276,sa1,1
1514,N3372 /1 undetected,output,,N3372,N3372,1,undetected,N3372,N3372,N3372,sa1,1
1515,N47682 /1 undetected,output,,N47682,N47682,1,undetected,N47682,N47682,N47682,sa1,1
1516,N46959 /1 undetected,output,,N46959,N46959,1,undetected,N46959,N46959,N46959,sa1,1
1517,N906 /1 undetected,output,,N906,N906,1,undetected,N906,N906,N906,sa1,1
1518,N906 /0 undetected,output,,N906,N906,0,undetected,N906,N906,N906,sa0,1
1519,N3452 /1 undetected,output,,N3452,N3452,1,undetected,N3452,N3452,N3452,sa1,1
1520,N46991 /1 undetected,output,,N46991,N46991,1,undetected,N46991,N46991,N46991,sa1,1
1521,N46684 /1 undetected,output,,N46684,N46684,1,undetected,N46684,N46684,N46684,sa1,1
1522,N1741 /1 undetected,output,,N1741,N1741,1,undetected,N1741,N1741,N1741,sa1,1
1523,N3453 /1 undetected,output,,N3453,N3453,1,undetected,N3453,N3453,N3453,sa1,1
1524,N48287 /1 undetected,output,,N48287,N48287,1,undetected,N48287,N48287,N48287,sa1,1
1525,N44348 /1 undetected,output,,N44348,N44348,1,undetected,N44348,N44348,N44348,sa1,1
1526,N3451 /1 undetected,output,,N3451,N3451,1,undetected,N3451,N3451,N3451,sa1,1
1527,N48207 /1 undetected,output,,N48207,N48207,1,undetected,N48207,N48207,N48207,sa1,1
1528,N47683 /1 undetected,output,,N47683,N47683,1,undetected,N47683,N47683,N47683,sa1,1
1529,N8203 /1 undetected,output,,N8203,N8203,1,undetected,N8203,N8203,N8203,sa1,1
1530,N40953 /1 undetected,output,,N40953,N40953,1,undetected,N40953,N40953,N40953,sa1,1
1531,N23401 /1 undetected,output,,N23401,N23401,1,undetected,N23401,N23401,N23401,sa1,1
1532,N59987 /1 undetected,output,,N59987,N59987,1,undetected,N59987,N59987,N59987,sa1,1
1533,N23400 /1 undetected,output,,N23400,N23400,1,undetected,N23400,N23400,N23400,sa1,1
1534,N16007 /1 undetected,output,,N16007,N16007,1,undetected,N16007,N16007,N16007,sa1,1
1535,N59956 /1 undetected,output,,N59956,N59956,1,undetected,N59956,N59956,N59956,sa1,1
1536,N15942 /1 undetected,output,,N15942,N15942,1,undetected,N15942,N15942,N15942,sa1,1
1537,N52750 /1 undetected,output,,N52750,N52750,1,undetected,N52750,N52750,N52750,sa1,1
1538,N15893 /1 undetected,output,,N15893,N15893,1,undetected,N15893,N15893,N15893,sa1,1
1539,N16006 /1 undetected,output,,N16006,N16006,1,undetected,N16006,N16006,N16006,sa1,1
1540,N15941 /1 undetected,output,,N15941,N15941,1,undetected,N15941,N15941,N15941,sa1,1
1541,N52760 /1 undetected,output,,N52760,N52760,1,undetected,N52760,N52760,N52760,sa1,1
1542,N15895 /1 undetected,output,,N15895,N15895,1,undetected,N15895,N15895,N15895,sa1,1
1543,N15940 /1 undetected,output,,N15940,N15940,1,undetected,N15940,N15940,N15940,sa1,1
1544,N15990 /1 undetected,output,,N15990,N15990,1,undetected,N15990,N15990,N15990,sa1,1
1545,N15982 /1 undetected,output,,N15982,N15982,1,undetected,N15982,N15982,N15982,sa1,1
1546,N52793 /1 undetected,output,,N52793,N52793,1,undetected,N52793,N52793,N52793,sa1,1
1547,N15896 /1 undetected,output,,N15896,N15896,1,undetected,N15896,N15896,N15896,sa1,1
1548,N15970 /1 undetected,output,,N15970,N15970,1,undetected,N15970,N15970,N15970,sa1,1
1549,N15939 /1 undetected,output,,N15939,N15939,1,undetected,N15939,N15939,N15939,sa1,1
1550,N15992 /1 undetected,output,,N15992,N15992,1,undetected,N15992,N15992,N15992,sa1,1
1551,N15894 /1 undetected,output,,N15894,N15894,1,undetected,N15894,N15894,N15894,sa1,1
1552,N15991 /1 undetected,output,,N15991,N15991,1,undetected,N15991,N15991,N15991,sa1,1
1553,N15898 /1 undetected,output,,N15898,N15898,1,undetected,N15898,N15898,N15898,sa1,1
1554,N15948 /1 undetected,output,,N15948,N15948,1,undetected,N15948,N15948,N15948,sa1,1
1555,N16008 /1 undetected,output,,N16008,N16008,1,undetected,N16008,N16008,N16008,sa1,1
1556,N59954 /1 undetected,output,,N59954,N59954,1,undetected,N59954,N59954,N59954,sa1,1
1557,N16005 /1 undetected,output,,N16005,N16005,1,undetected,N16005,N16005,N16005,sa1,1
1558,N16002 /1 undetected,output,,N16002,N16002,1,undetected,N16002,N16002,N16002,sa1,1
1559,N16001 /1 undetected,output,,N16001,N16001,1,undetected,N16001,N16001,N16001,sa1,1
1560,N16000 /1 undetected,output,,N16000,N16000,1,undetected,N16000,N16000,N16000,sa1,1
1561,N52744 /1 undetected,output,,N52744,N52744,1,undetected,N52744,N52744,N52744,sa1,1
1562,N15891 /1 undetected,output,,N15891,N15891,1,undetected,N15891,N15891,N15891,sa1,1
1563,N15999 /1 undetected,output,,N15999,N15999,1,undetected,N15999,N15999,N15999,sa1,1
1564,N52747 /1 undetected,output,,N52747,N52747,1,undetected,N52747,N52747,N52747,sa1,1
1565,N15892 /1 undetected,output,,N15892,N15892,1,undetected,N15892,N15892,N15892,sa1,1
1566,N15943 /1 undetected,output,,N15943,N15943,1,undetected,N15943,N15943,N15943,sa1,1
1567,N59984 /1 undetected,output,,N59984,N59984,1,undetected,N59984,N59984,N59984,sa1,1
1568,N59982 /1 undetected,output,,N59982,N59982,1,undetected,N59982,N59982,N59982,sa1,1
1569,N15944 /1 undetected,output,,N15944,N15944,1,undetected,N15944,N15944,N15944,sa1,1
1570,N16004 /1 undetected,output,,N16004,N16004,1,undetected,N16004,N16004,N16004,sa1,1
1571,N52738 /1 undetected,output,,N52738,N52738,1,undetected,N52738,N52738,N52738,sa1,1
1572,N15888 /1 undetected,output,,N15888,N15888,1,undetected,N15888,N15888,N15888,sa1,1
1573,N16003 /1 undetected,output,,N16003,N16003,1,undetected,N16003,N16003,N16003,sa1,1
1574,N52741 /1 undetected,output,,N52741,N52741,1,undetected,N52741,N52741,N52741,sa1,1
1575,N15890 /1 undetected,output,,N15890,N15890,1,undetected,N15890,N15890,N15890,sa1,1
1576,N15946 /1 undetected,output,,N15946,N15946,1,undetected,N15946,N15946,N15946,sa1,1
1577,N16009 /1 undetected,output,,N16009,N16009,1,undetected,N16009,N16009,N16009,sa1,1
1578,N15998 /1 undetected,output,,N15998,N15998,1,undetected,N15998,N15998,N15998,sa1,1
1579,N15997 /1 undetected,output,,N15997,N15997,1,undetected,N15997,N15997,N15997,sa1,1
1580,N52732 /1 undetected,output,,N52732,N52732,1,undetected,N52732,N52732,N52732,sa1,1
1581,N15887 /1 undetected,output,,N15887,N15887,1,undetected,N15887,N15887,N15887,sa1,1
1582,N15996 /1 undetected,output,,N15996,N15996,1,undetected,N15996,N15996,N15996,sa1,1
1583,N52735 /1 undetected,output,,N52735,N52735,1,undetected,N52735,N52735,N52735,sa1,1
1584,N15889 /1 undetected,output,,N15889,N15889,1,undetected,N15889,N15889,N15889,sa1,1
1585,N15945 /1 undetected,output,,N15945,N15945,1,undetected,N15945,N15945,N15945,sa1,1
1586,N59980 /1 undetected,output,,N59980,N59980,1,undetected,N59980,N59980,N59980,sa1,1
1587,N59978 /1 undetected,output,,N59978,N59978,1,undetected,N59978,N59978,N59978,sa1,1
1588,N15947 /1 undetected,output,,N15947,N15947,1,undetected,N15947,N15947,N15947,sa1,1
1589,N16011 /1 undetected,output,,N16011,N16011,1,undetected,N16011,N16011,N16011,sa1,1
1590,N15909 /1 undetected,output,,N15909,N15909,1,undetected,N15909,N15909,N15909,sa1,1
1591,N16010 /1 undetected,output,,N16010,N16010,1,undetected,N16010,N16010,N16010,sa1,1
1592,N15886 /1 undetected,output,,N15886,N15886,1,undetected,N15886,N15886,N15886,sa1,1
1593,N16014 /1 undetected,output,,N16014,N16014,1,undetected,N16014,N16014,N16014,sa1,1
1594,N59986 /1 undetected,output,,N59986,N59986,1,undetected,N59986,N59986,N59986,sa1,1
1595,N15907 /1 undetected,output,,N15907,N15907,1,undetected,N15907,N15907,N15907,sa1,1
1596,N15885 /1 undetected,output,,N15885,N15885,1,undetected,N15885,N15885,N15885,sa1,1
1597,N16013 /1 undetected,output,,N16013,N16013,1,undetected,N16013,N16013,N16013,sa1,1
1598,N15897 /1 undetected,output,,N15897,N15897,1,undetected,N15897,N15897,N15897,sa1,1
1599,N16018 /1 undetected,output,,N16018,N16018,1,undetected,N16018,N16018,N16018,sa1,1
1600,N52811 /1 undetected,output,,N52811,N52811,1,undetected,N52811,N52811,N52811,sa1,1
1601,N52814 /1 undetected,output,,N52814,N52814,1,undetected,N52814,N52814,N52814,sa1,1
1602,N14517 /1 undetected,output,,N14517,N14517,1,undetected,N14517,N14517,N14517,sa1,1
1603,N14443 /1 undetected,output,,N14443,N14443,1,undetected,N14443,N14443,N14443,sa1,1
1604,N58908 /1 undetected,output,,N58908,N58908,1,undetected,N58908,N58908,N58908,sa1,1
1605,N10423 /1 undetected,output,,N10423,N10423,1,undetected,N10423,N10423,N10423,sa1,1
1606,test_en->__tpi_cp_213_N12513 /0 undetected,input_edge,test_en,__tpi_cp_213_N12513,__tpi_cp_213_N12513,0,undetected,__tpi_cp_213_N12513,__tpi_cp_213_N12513,__tpi_cp_213_N12513,sa0,1
1607,test_en->__tpi_cp_212_N32432 /0 undetected,input_edge,test_en,__tpi_cp_212_N32432,__tpi_cp_212_N32432,0,undetected,__tpi_cp_212_N32432,__tpi_cp_212_N32432,__tpi_cp_212_N32432,sa0,1
1608,N59855 /1 undetected,output,,N59855,N59855,1,undetected,N59855,N59855,N59855,sa1,1
1609,N15833 /1 undetected,output,,N15833,N15833,1,undetected,N15833,N15833,N15833,sa1,1
1610,N59909 /1 undetected,output,,N59909,N59909,1,undetected,N59909,N59909,N59909,sa1,1
1611,N15815 /0 undetected,output,,N15815,N15815,0,undetected,N15815,N15815,N15815,sa0,1
1612,N8968 /0 undetected,output,,N8968,N8968,0,undetected,N8968,N8968,N8968,sa0,1
1613,N55520 /1 undetected,output,,N55520,N55520,1,undetected,N55520,N55520,N55520,sa1,1
1614,N8986 /1 undetected,output,,N8986,N8986,1,undetected,N8986,N8986,N8986,sa1,1
1615,N55575 /1 undetected,output,,N55575,N55575,1,undetected,N55575,N55575,N55575,sa1,1
1616,__tpi_not_test_en->__tpi_cp_61_N21364 /1 undetected,input_edge,__tpi_not_test_en,__tpi_cp_61_N21364,__tpi_cp_61_N21364,1,undetected,__tpi_cp_61_N21364,__tpi_cp_61_N21364,__tpi_cp_61_N21364,sa1,1
1617,__tpi_not_test_en->__tpi_cp_63_N21363 /1 undetected,input_edge,__tpi_not_test_en,__tpi_cp_63_N21363,__tpi_cp_63_N21363,1,undetected,__tpi_cp_63_N21363,__tpi_cp_63_N21363,__tpi_cp_63_N21363,sa1,1
1618,__tpi_not_test_en->__tpi_cp_64_N21362 /1 undetected,input_edge,__tpi_not_test_en,__tpi_cp_64_N21362,__tpi_cp_64_N21362,1,undetected,__tpi_cp_64_N21362,__tpi_cp_64_N21362,__tpi_cp_64_N21362,sa1,1
1619,__tpi_not_test_en->__tpi_cp_69_N5649 /1 undetected,input_edge,__tpi_not_test_en,__tpi_cp_69_N5649,__tpi_cp_69_N5649,1,undetected,__tpi_cp_69_N5649,__tpi_cp_69_N5649,__tpi_cp_69_N5649,sa1,1
1620,__tpi_not_test_en->__tpi_cp_70_N27158 /1 undetected,input_edge,__tpi_not_test_en,__tpi_cp_70_N27158,__tpi_cp_70_N27158,1,undetected,__tpi_cp_70_N27158,__tpi_cp_70_N27158,__tpi_cp_70_N27158,sa1,1
1621,__tpi_not_test_en->__tpi_cp_71_N5648 /1 undetected,input_edge,__tpi_not_test_en,__tpi_cp_71_N5648,__tpi_cp_71_N5648,1,undetected,__tpi_cp_71_N5648,__tpi_cp_71_N5648,__tpi_cp_71_N5648,sa1,1
1622,__tpi_not_test_en->__tpi_cp_75_N27157 /1 undetected,input_edge,__tpi_not_test_en,__tpi_cp_75_N27157,__tpi_cp_75_N27157,1,undetected,__tpi_cp_75_N27157,__tpi_cp_75_N27157,__tpi_cp_75_N27157,sa1,1
1623,__tpi_not_test_en->__tpi_cp_73_N5647 /1 undetected,input_edge,__tpi_not_test_en,__tpi_cp_73_N5647,__tpi_cp_73_N5647,1,undetected,__tpi_cp_73_N5647,__tpi_cp_73_N5647,__tpi_cp_73_N5647,sa1,1
1624,__tpi_not_test_en->__tpi_cp_180_N27156 /1 undetected,input_edge,__tpi_not_test_en,__tpi_cp_180_N27156,__tpi_cp_180_N27156,1,undetected,__tpi_cp_180_N27156,__tpi_cp_180_N27156,__tpi_cp_180_N27156,sa1,1
1625,__tpi_not_test_en->__tpi_cp_179_N48581 /1 undetected,input_edge,__tpi_not_test_en,__tpi_cp_179_N48581,__tpi_cp_179_N48581,1,undetected,__tpi_cp_179_N48581,__tpi_cp_179_N48581,__tpi_cp_179_N48581,sa1,1
1626,__tpi_not_test_en->__tpi_cp_182_N41655 /1 undetected,input_edge,__tpi_not_test_en,__tpi_cp_182_N41655,__tpi_cp_182_N41655,1,undetected,__tpi_cp_182_N41655,__tpi_cp_182_N41655,__tpi_cp_182_N41655,sa1,1
1627,__tpi_not_test_en->__tpi_cp_74_N5650 /1 undetected,input_edge,__tpi_not_test_en,__tpi_cp_74_N5650,__tpi_cp_74_N5650,1,undetected,__tpi_cp_74_N5650,__tpi_cp_74_N5650,__tpi_cp_74_N5650,sa1,1
1628,__tpi_not_test_en->__tpi_cp_103_N27159 /1 undetected,input_edge,__tpi_not_test_en,__tpi_cp_103_N27159,__tpi_cp_103_N27159,1,undetected,__tpi_cp_103_N27159,__tpi_cp_103_N27159,__tpi_cp_103_N27159,sa1,1
1629,__tpi_not_test_en->__tpi_cp_178_N58945 /1 undetected,input_edge,__tpi_not_test_en,__tpi_cp_178_N58945,__tpi_cp_178_N58945,1,undetected,__tpi_cp_178_N58945,__tpi_cp_178_N58945,__tpi_cp_178_N58945,sa1,1
1630,__tpi_not_test_en->__tpi_cp_58___buf_split_18877 /1 undetected,input_edge,__tpi_not_test_en,__tpi_cp_58___buf_split_18877,__tpi_cp_58___buf_split_18877,1,undetected,__tpi_cp_58___buf_split_18877,__tpi_cp_58___buf_split_18877,__tpi_cp_58___buf_split_18877,sa1,1
1631,__tpi_not_test_en->__tpi_cp_177_N48554 /1 undetected,input_edge,__tpi_not_test_en,__tpi_cp_177_N48554,__tpi_cp_177_N48554,1,undetected,__tpi_cp_177_N48554,__tpi_cp_177_N48554,__tpi_cp_177_N48554,sa1,1
1632,__tpi_not_test_en->__tpi_cp_187___buf_split_8309 /1 undetected,input_edge,__tpi_not_test_en,__tpi_cp_187___buf_split_8309,__tpi_cp_187___buf_split_8309,1,undetected,__tpi_cp_187___buf_split_8309,__tpi_cp_187___buf_split_8309,__tpi_cp_187___buf_split_8309,sa1,1
1633,N14476 /1 undetected,output,,N14476,N14476,1,undetected,N14476,N14476,N14476,sa1,1
1634,N39438 /1 undetected,output,,N39438,N39438,1,undetected,N39438,N39438,N39438,sa1,1
1635,N8256 /0 undetected,output,,N8256,N8256,0,undetected,N8256,N8256,N8256,sa0,1
1636,test_en->__tpi_cp_135_N4466 /0 undetected,input_edge,test_en,__tpi_cp_135_N4466,__tpi_cp_135_N4466,0,undetected,__tpi_cp_135_N4466,__tpi_cp_135_N4466,__tpi_cp_135_N4466,sa0,1
1637,__tpi_not_test_en->__tpi_cp_53_N26403 /1 undetected,input_edge,__tpi_not_test_en,__tpi_cp_53_N26403,__tpi_cp_53_N26403,1,undetected,__tpi_cp_53_N26403,__tpi_cp_53_N26403,__tpi_cp_53_N26403,sa1,1
1638,test_en->__tpi_cp_195_N52896 /0 undetected,input_edge,test_en,__tpi_cp_195_N52896,__tpi_cp_195_N52896,0,undetected,__tpi_cp_195_N52896,__tpi_cp_195_N52896,__tpi_cp_195_N52896,sa0,1
1639,test_en->__tpi_cp_44_N41834 /0 undetected,input_edge,test_en,__tpi_cp_44_N41834,__tpi_cp_44_N41834,0,undetected,__tpi_cp_44_N41834,__tpi_cp_44_N41834,__tpi_cp_44_N41834,sa0,1
1640,test_en->__tpi_cp_32_N1214 /0 undetected,input_edge,test_en,__tpi_cp_32_N1214,__tpi_cp_32_N1214,0,undetected,__tpi_cp_32_N1214,__tpi_cp_32_N1214,__tpi_cp_32_N1214,sa0,1
1641,__tpi_not_test_en->__tpi_cp_55_N24059 /1 undetected,input_edge,__tpi_not_test_en,__tpi_cp_55_N24059,__tpi_cp_55_N24059,1,undetected,__tpi_cp_55_N24059,__tpi_cp_55_N24059,__tpi_cp_55_N24059,sa1,1
1642,test_en->__tpi_cp_37_N46803 /0 undetected,input_edge,test_en,__tpi_cp_37_N46803,__tpi_cp_37_N46803,0,undetected,__tpi_cp_37_N46803,__tpi_cp_37_N46803,__tpi_cp_37_N46803,sa0,1
1643,test_en->__tpi_cp_36_N41898 /0 undetected,input_edge,test_en,__tpi_cp_36_N41898,__tpi_cp_36_N41898,0,undetected,__tpi_cp_36_N41898,__tpi_cp_36_N41898,__tpi_cp_36_N41898,sa0,1
1644,N6682 /1 undetected,output,,N6682,N6682,1,undetected,N6682,N6682,N6682,sa1,1
1645,N49738 /1 undetected,output,,N49738,N49738,1,undetected,N49738,N49738,N49738,sa1,1
1646,N15864 /1 undetected,output,,N15864,N15864,1,undetected,N15864,N15864,N15864,sa1,1
1647,N59910 /1 undetected,output,,N59910,N59910,1,undetected,N59910,N59910,N59910,sa1,1
1648,N59854 /1 undetected,output,,N59854,N59854,1,undetected,N59854,N59854,N59854,sa1,1
1649,N6542 /1 undetected,output,,N6542,N6542,1,undetected,N6542,N6542,N6542,sa1,1
1650,N54330 /1 undetected,output,,N54330,N54330,1,undetected,N54330,N54330,N54330,sa1,1
1651,N51327 /1 undetected,output,,N51327,N51327,1,undetected,N51327,N51327,N51327,sa1,1
1652,N14400 /0 undetected,output,,N14400,N14400,0,undetected,N14400,N14400,N14400,sa0,1
1653,N14471 /1 undetected,output,,N14471,N14471,1,undetected,N14471,N14471,N14471,sa1,1
1654,N39470 /1 undetected,output,,N39470,N39470,1,undetected,N39470,N39470,N39470,sa1,1
1655,N39437 /1 undetected,output,,N39437,N39437,1,undetected,N39437,N39437,N39437,sa1,1
1656,N8287 /1 undetected,output,,N8287,N8287,1,undetected,N8287,N8287,N8287,sa1,1
1657,N8200 /1 undetected,output,,N8200,N8200,1,undetected,N8200,N8200,N8200,sa1,1
1658,N54952 /1 undetected,output,,N54952,N54952,1,undetected,N54952,N54952,N54952,sa1,1
1659,test_en->__tpi_cp_219_N26312 /0 undetected,input_edge,test_en,__tpi_cp_219_N26312,__tpi_cp_219_N26312,0,undetected,__tpi_cp_219_N26312,__tpi_cp_219_N26312,__tpi_cp_219_N26312,sa0,1
1660,N46925 /1 undetected,output,,N46925,N46925,1,undetected,N46925,N46925,N46925,sa1,1
1661,test_en->__tpi_cp_214_N26311 /0 undetected,input_edge,test_en,__tpi_cp_214_N26311,__tpi_cp_214_N26311,0,undetected,__tpi_cp_214_N26311,__tpi_cp_214_N26311,__tpi_cp_214_N26311,sa0,1
1662,N56474 /1 undetected,output,,N56474,N56474,1,undetected,N56474,N56474,N56474,sa1,1
1663,N15751 /1 undetected,output,,N15751,N15751,1,undetected,N15751,N15751,N15751,sa1,1
1664,N15769 /1 undetected,output,,N15769,N15769,1,undetected,N15769,N15769,N15769,sa1,1
1665,N34814 /1 undetected,output,,N34814,N34814,1,undetected,N34814,N34814,N34814,sa1,1
1666,N34813 /1 undetected,output,,N34813,N34813,1,undetected,N34813,N34813,N34813,sa1,1
1667,N9017 /1 undetected,output,,N9017,N9017,1,undetected,N9017,N9017,N9017,sa1,1
1668,N55576 /1 undetected,output,,N55576,N55576,1,undetected,N55576,N55576,N55576,sa1,1
1669,N55519 /1 undetected,output,,N55519,N55519,1,undetected,N55519,N55519,N55519,sa1,1
1670,N8904 /1 undetected,output,,N8904,N8904,1,undetected,N8904,N8904,N8904,sa1,1
1671,N55577 /1 undetected,output,,N55577,N55577,1,undetected,N55577,N55577,N55577,sa1,1
1672,N8914 /1 undetected,output,,N8914,N8914,1,undetected,N8914,N8914,N8914,sa1,1
1673,N12706 /1 undetected,output,,N12706,N12706,1,undetected,N12706,N12706,N12706,sa1,1
1674,N12706 /0 undetected,output,,N12706,N12706,0,undetected,N12706,N12706,N12706,sa0,1
1675,N12815 /1 undetected,output,,N12815,N12815,1,undetected,N12815,N12815,N12815,sa1,1
1676,N58056 /1 undetected,output,,N58056,N58056,1,undetected,N58056,N58056,N58056,sa1,1
1677,N44705 /1 undetected,output,,N44705,N44705,1,undetected,N44705,N44705,N44705,sa1,1
1678,N12814 /1 undetected,output,,N12814,N12814,1,undetected,N12814,N12814,N12814,sa1,1
1679,N44708 /1 undetected,output,,N44708,N44708,1,undetected,N44708,N44708,N44708,sa1,1
1680,N12760 /1 undetected,output,,N12760,N12760,1,undetected,N12760,N12760,N12760,sa1,1
1681,N939 /1 undetected,output,,N939,N939,1,undetected,N939,N939,N939,sa1,1
1682,N939 /0 undetected,output,,N939,N939,0,undetected,N939,N939,N939,sa0,1
1683,N3376 /1 undetected,output,,N3376,N3376,1,undetected,N3376,N3376,N3376,sa1,1
1684,N48177 /1 undetected,output,,N48177,N48177,1,undetected,N48177,N48177,N48177,sa1,1
1685,N46690 /1 undetected,output,,N46690,N46690,1,undetected,N46690,N46690,N46690,sa1,1
1686,N1719 /1 undetected,output,,N1719,N1719,1,undetected,N1719,N1719,N1719,sa1,1
1687,N45278 /1 undetected,output,,N45278,N45278,1,undetected,N45278,N45278,N45278,sa1,1
1688,N3375 /1 undetected,output,,N3375,N3375,1,undetected,N3375,N3375,N3375,sa1,1
1689,N46961 /1 undetected,output,,N46961,N46961,1,undetected,N46961,N46961,N46961,sa1,1
1690,N46561 /1 undetected,output,,N46561,N46561,1,undetected,N46561,N46561,N46561,sa1,1
1691,N907 /1 undetected,output,,N907,N907,1,undetected,N907,N907,N907,sa1,1
1692,N907 /0 undetected,output,,N907,N907,0,undetected,N907,N907,N907,sa0,1
1693,N3458 /1 undetected,output,,N3458,N3458,1,undetected,N3458,N3458,N3458,sa1,1
1694,N46993 /1 undetected,output,,N46993,N46993,1,undetected,N46993,N46993,N46993,sa1,1
1695,N46691 /1 undetected,output,,N46691,N46691,1,undetected,N46691,N46691,N46691,sa1,1
1696,N1743 /1 undetected,output,,N1743,N1743,1,undetected,N1743,N1743,N1743,sa1,1
1697,N3459 /1 undetected,output,,N3459,N3459,1,undetected,N3459,N3459,N3459,sa1,1
1698,N48289 /1 undetected,output,,N48289,N48289,1,undetected,N48289,N48289,N48289,sa1,1
1699,N44399 /1 undetected,output,,N44399,N44399,1,undetected,N44399,N44399,N44399,sa1,1
1700,N3457 /1 undetected,output,,N3457,N3457,1,undetected,N3457,N3457,N3457,sa1,1
1701,N48209 /1 undetected,output,,N48209,N48209,1,undetected,N48209,N48209,N48209,sa1,1
1702,N46562 /1 undetected,output,,N46562,N46562,1,undetected,N46562,N46562,N46562,sa1,1
1703,test_en->__tpi_cp_232_N32431 /0 undetected,input_edge,test_en,__tpi_cp_232_N32431,__tpi_cp_232_N32431,0,undetected,__tpi_cp_232_N32431,__tpi_cp_232_N32431,__tpi_cp_232_N32431,sa0,1
1704,N8201 /1 undetected,output,,N8201,N8201,1,undetected,N8201,N8201,N8201,sa1,1
1705,N40863 /1 undetected,output,,N40863,N40863,1,undetected,N40863,N40863,N40863,sa1,1
1706,N14499 /0 undetected,output,,N14499,N14499,0,undetected,N14499,N14499,N14499,sa0,1
1707,N14519 /1 undetected,output,,N14519,N14519,1,undetected,N14519,N14519,N14519,sa1,1
1708,N14440 /1 undetected,output,,N14440,N14440,1,undetected,N14440,N14440,N14440,sa1,1
1709,N58906 /1 undetected,output,,N58906,N58906,1,undetected,N58906,N58906,N58906,sa1,1
1710,N59852 /1 undetected,output,,N59852,N59852,1,undetected,N59852,N59852,N59852,sa1,1
1711,N15835 /1 undetected,output,,N15835,N15835,1,undetected,N15835,N15835,N15835,sa1,1
1712,N59913 /1 undetected,output,,N59913,N59913,1,undetected,N59913,N59913,N59913,sa1,1
1713,N15814 /0 undetected,output,,N15814,N15814,0,undetected,N15814,N15814,N15814,sa0,1
1714,N6685 /1 undetected,output,,N6685,N6685,1,undetected,N6685,N6685,N6685,sa1,1
1715,N49483 /1 undetected,output,,N49483,N49483,1,undetected,N49483,N49483,N49483,sa1,1
1716,N55517 /1 undetected,output,,N55517,N55517,1,undetected,N55517,N55517,N55517,sa1,1
1717,N8988 /1 undetected,output,,N8988,N8988,1,undetected,N8988,N8988,N8988,sa1,1
1718,N55580 /1 undetected,output,,N55580,N55580,1,undetected,N55580,N55580,N55580,sa1,1
1719,N8967 /0 undetected,output,,N8967,N8967,0,undetected,N8967,N8967,N8967,sa0,1
1720,N53014 /1 undetected,output,,N53014,N53014,1,undetected,N53014,N53014,N53014,sa1,1
1721,N59286 /1 undetected,output,,N59286,N59286,1,undetected,N59286,N59286,N59286,sa1,1
1722,N12761 /1 undetected,output,,N12761,N12761,1,undetected,N12761,N12761,N12761,sa1,1
1723,N12761 /0 undetected,output,,N12761,N12761,0,undetected,N12761,N12761,N12761,sa0,1
1724,N14441 /1 undetected,output,,N14441,N14441,1,undetected,N14441,N14441,N14441,sa1,1
1725,N39573 /1 undetected,output,,N39573,N39573,1,undetected,N39573,N39573,N39573,sa1,1
1726,N8255 /0 undetected,output,,N8255,N8255,0,undetected,N8255,N8255,N8255,sa0,1
1727,N15866 /1 undetected,output,,N15866,N15866,1,undetected,N15866,N15866,N15866,sa1,1
1728,N59914 /1 undetected,output,,N59914,N59914,1,undetected,N59914,N59914,N59914,sa1,1
1729,N59851 /1 undetected,output,,N59851,N59851,1,undetected,N59851,N59851,N59851,sa1,1
1730,N6544 /1 undetected,output,,N6544,N6544,1,undetected,N6544,N6544,N6544,sa1,1
1731,N54331 /1 undetected,output,,N54331,N54331,1,undetected,N54331,N54331,N54331,sa1,1
1732,N51328 /1 undetected,output,,N51328,N51328,1,undetected,N51328,N51328,N51328,sa1,1
1733,N8289 /1 undetected,output,,N8289,N8289,1,undetected,N8289,N8289,N8289,sa1,1
1734,N8198 /1 undetected,output,,N8198,N8198,1,undetected,N8198,N8198,N8198,sa1,1
1735,N54950 /1 undetected,output,,N54950,N54950,1,undetected,N54950,N54950,N54950,sa1,1
1736,N15750 /1 undetected,output,,N15750,N15750,1,undetected,N15750,N15750,N15750,sa1,1
1737,N15768 /1 undetected,output,,N15768,N15768,1,undetected,N15768,N15768,N15768,sa1,1
1738,N34812 /1 undetected,output,,N34812,N34812,1,undetected,N34812,N34812,N34812,sa1,1
1739,N34811 /1 undetected,output,,N34811,N34811,1,undetected,N34811,N34811,N34811,sa1,1
1740,N9019 /1 undetected,output,,N9019,N9019,1,undetected,N9019,N9019,N9019,sa1,1
1741,N55581 /1 undetected,output,,N55581,N55581,1,undetected,N55581,N55581,N55581,sa1,1
1742,N55516 /1 undetected,output,,N55516,N55516,1,undetected,N55516,N55516,N55516,sa1,1
1743,test_en->__tpi_cp_259_N24258 /0 undetected,input_edge,test_en,__tpi_cp_259_N24258,__tpi_cp_259_N24258,0,undetected,__tpi_cp_259_N24258,__tpi_cp_259_N24258,__tpi_cp_259_N24258,sa0,1
1744,N46927 /1 undetected,output,,N46927,N46927,1,undetected,N46927,N46927,N46927,sa1,1
1745,N56476 /1 undetected,output,,N56476,N56476,1,undetected,N56476,N56476,N56476,sa1,1
1746,N15784 /1 undetected,output,,N15784,N15784,1,undetected,N15784,N15784,N15784,sa1,1
1747,N15784 /0 undetected,output,,N15784,N15784,0,undetected,N15784,N15784,N15784,sa0,1
1748,N8937 /1 undetected,output,,N8937,N8937,1,undetected,N8937,N8937,N8937,sa1,1
1749,N8937 /0 undetected,output,,N8937,N8937,0,undetected,N8937,N8937,N8937,sa0,1
1750,N8903 /1 undetected,output,,N8903,N8903,1,undetected,N8903,N8903,N8903,sa1,1
1751,N8923 /1 undetected,output,,N8923,N8923,1,undetected,N8923,N8923,N8923,sa1,1
1752,N29865 /1 undetected,output,,N29865,N29865,1,undetected,N29865,N29865,N29865,sa1,1
1753,N29864 /1 undetected,output,,N29864,N29864,1,undetected,N29864,N29864,N29864,sa1,1
1754,N940 /1 undetected,output,,N940,N940,1,undetected,N940,N940,N940,sa1,1
1755,N940 /0 undetected,output,,N940,N940,0,undetected,N940,N940,N940,sa0,1
1756,N3378 /1 undetected,output,,N3378,N3378,1,undetected,N3378,N3378,N3378,sa1,1
1757,N48178 /1 undetected,output,,N48178,N48178,1,undetected,N48178,N48178,N48178,sa1,1
1758,N46694 /1 undetected,output,,N46694,N46694,1,undetected,N46694,N46694,N46694,sa1,1
1759,N1720 /1 undetected,output,,N1720,N1720,1,undetected,N1720,N1720,N1720,sa1,1
1760,N45279 /1 undetected,output,,N45279,N45279,1,undetected,N45279,N45279,N45279,sa1,1
1761,N3377 /1 undetected,output,,N3377,N3377,1,undetected,N3377,N3377,N3377,sa1,1
1762,N46962 /1 undetected,output,,N46962,N46962,1,undetected,N46962,N46962,N46962,sa1,1
1763,N46521 /1 undetected,output,,N46521,N46521,1,undetected,N46521,N46521,N46521,sa1,1
1764,N908 /1 undetected,output,,N908,N908,1,undetected,N908,N908,N908,sa1,1
1765,N908 /0 undetected,output,,N908,N908,0,undetected,N908,N908,N908,sa0,1
1766,N3461 /1 undetected,output,,N3461,N3461,1,undetected,N3461,N3461,N3461,sa1,1
1767,N46994 /1 undetected,output,,N46994,N46994,1,undetected,N46994,N46994,N46994,sa1,1
1768,N46695 /1 undetected,output,,N46695,N46695,1,undetected,N46695,N46695,N46695,sa1,1
1769,N1744 /1 undetected,output,,N1744,N1744,1,undetected,N1744,N1744,N1744,sa1,1
1770,N3462 /1 undetected,output,,N3462,N3462,1,undetected,N3462,N3462,N3462,sa1,1
1771,N48290 /1 undetected,output,,N48290,N48290,1,undetected,N48290,N48290,N48290,sa1,1
1772,N43784 /1 undetected,output,,N43784,N43784,1,undetected,N43784,N43784,N43784,sa1,1
1773,N3460 /1 undetected,output,,N3460,N3460,1,undetected,N3460,N3460,N3460,sa1,1
1774,N48210 /1 undetected,output,,N48210,N48210,1,undetected,N48210,N48210,N48210,sa1,1
1775,N46522 /1 undetected,output,,N46522,N46522,1,undetected,N46522,N46522,N46522,sa1,1
1776,N8199 /1 undetected,output,,N8199,N8199,1,undetected,N8199,N8199,N8199,sa1,1
1777,N40919 /1 undetected,output,,N40919,N40919,1,undetected,N40919,N40919,N40919,sa1,1
1778,N14498 /0 undetected,output,,N14498,N14498,0,undetected,N14498,N14498,N14498,sa0,1
1779,N14521 /1 undetected,output,,N14521,N14521,1,undetected,N14521,N14521,N14521,sa1,1
1780,N14438 /1 undetected,output,,N14438,N14438,1,undetected,N14438,N14438,N14438,sa1,1
1781,N58904 /1 undetected,output,,N58904,N58904,1,undetected,N58904,N58904,N58904,sa1,1
1782,N6688 /1 undetected,output,,N6688,N6688,1,undetected,N6688,N6688,N6688,sa1,1
1783,N50193 /1 undetected,output,,N50193,N50193,1,undetected,N50193,N50193,N50193,sa1,1
1784,N15813 /0 undetected,output,,N15813,N15813,0,undetected,N15813,N15813,N15813,sa0,1
1785,N59849 /1 undetected,output,,N59849,N59849,1,undetected,N59849,N59849,N59849,sa1,1
1786,N59848 /1 undetected,output,,N59848,N59848,1,undetected,N59848,N59848,N59848,sa1,1
1787,N8966 /0 undetected,output,,N8966,N8966,0,undetected,N8966,N8966,N8966,sa0,1
1788,N55514 /1 undetected,output,,N55514,N55514,1,undetected,N55514,N55514,N55514,sa1,1
1789,N55513 /1 undetected,output,,N55513,N55513,1,undetected,N55513,N55513,N55513,sa1,1
1790,N53015 /1 undetected,output,,N53015,N53015,1,undetected,N53015,N53015,N53015,sa1,1
1791,N59287 /1 undetected,output,,N59287,N59287,1,undetected,N59287,N59287,N59287,sa1,1
1792,N14439 /1 undetected,output,,N14439,N14439,1,undetected,N14439,N14439,N14439,sa1,1
1793,N39495 /1 undetected,output,,N39495,N39495,1,undetected,N39495,N39495,N39495,sa1,1
1794,N8254 /0 undetected,output,,N8254,N8254,0,undetected,N8254,N8254,N8254,sa0,1
1795,N6546 /1 undetected,output,,N6546,N6546,1,undetected,N6546,N6546,N6546,sa1,1
1796,N54332 /1 undetected,output,,N54332,N54332,1,undetected,N54332,N54332,N54332,sa1,1
1797,N51329 /1 undetected,output,,N51329,N51329,1,undetected,N51329,N51329,N51329,sa1,1
1798,N46534 /1 undetected,output,,N46534,N46534,1,undetected,N46534,N46534,N46534,sa1,1
1799,N10426 /1 undetected,output,,N10426,N10426,1,undetected,N10426,N10426,N10426,sa1,1
1800,N46472 /1 undetected,output,,N46472,N46472,1,undetected,N46472,N46472,N46472,sa1,1
1801,N8291 /1 undetected,output,,N8291,N8291,1,undetected,N8291,N8291,N8291,sa1,1
1802,N8196 /1 undetected,output,,N8196,N8196,1,undetected,N8196,N8196,N8196,sa1,1
1803,N54948 /1 undetected,output,,N54948,N54948,1,undetected,N54948,N54948,N54948,sa1,1
1804,N15749 /1 undetected,output,,N15749,N15749,1,undetected,N15749,N15749,N15749,sa1,1
1805,N15760 /1 undetected,output,,N15760,N15760,1,undetected,N15760,N15760,N15760,sa1,1
1806,test_en->__tpi_cp_267_N24259 /0 undetected,input_edge,test_en,__tpi_cp_267_N24259,__tpi_cp_267_N24259,0,undetected,__tpi_cp_267_N24259,__tpi_cp_267_N24259,__tpi_cp_267_N24259,sa0,1
1807,N46928 /1 undetected,output,,N46928,N46928,1,undetected,N46928,N46928,N46928,sa1,1
1808,N56477 /1 undetected,output,,N56477,N56477,1,undetected,N56477,N56477,N56477,sa1,1
1809,N8902 /1 undetected,output,,N8902,N8902,1,undetected,N8902,N8902,N8902,sa1,1
1810,N8915 /1 undetected,output,,N8915,N8915,1,undetected,N8915,N8915,N8915,sa1,1
1811,N941 /1 undetected,output,,N941,N941,1,undetected,N941,N941,N941,sa1,1
1812,N941 /0 undetected,output,,N941,N941,0,undetected,N941,N941,N941,sa0,1
1813,N3380 /1 undetected,output,,N3380,N3380,1,undetected,N3380,N3380,N3380,sa1,1
1814,N48179 /1 undetected,output,,N48179,N48179,1,undetected,N48179,N48179,N48179,sa1,1
1815,N46698 /1 undetected,output,,N46698,N46698,1,undetected,N46698,N46698,N46698,sa1,1
1816,N1721 /1 undetected,output,,N1721,N1721,1,undetected,N1721,N1721,N1721,sa1,1
1817,N45280 /1 undetected,output,,N45280,N45280,1,undetected,N45280,N45280,N45280,sa1,1
1818,N3379 /1 undetected,output,,N3379,N3379,1,undetected,N3379,N3379,N3379,sa1,1
1819,N46963 /1 undetected,output,,N46963,N46963,1,undetected,N46963,N46963,N46963,sa1,1
1820,N46456 /1 undetected,output,,N46456,N46456,1,undetected,N46456,N46456,N46456,sa1,1
1821,N909 /1 undetected,output,,N909,N909,1,undetected,N909,N909,N909,sa1,1
1822,N909 /0 undetected,output,,N909,N909,0,undetected,N909,N909,N909,sa0,1
1823,N3464 /1 undetected,output,,N3464,N3464,1,undetected,N3464,N3464,N3464,sa1,1
1824,N46995 /1 undetected,output,,N46995,N46995,1,undetected,N46995,N46995,N46995,sa1,1
1825,N46699 /1 undetected,output,,N46699,N46699,1,undetected,N46699,N46699,N46699,sa1,1
1826,N1745 /1 undetected,output,,N1745,N1745,1,undetected,N1745,N1745,N1745,sa1,1
1827,N3465 /1 undetected,output,,N3465,N3465,1,undetected,N3465,N3465,N3465,sa1,1
1828,N48291 /1 undetected,output,,N48291,N48291,1,undetected,N48291,N48291,N48291,sa1,1
1829,N43980 /1 undetected,output,,N43980,N43980,1,undetected,N43980,N43980,N43980,sa1,1
1830,N3463 /1 undetected,output,,N3463,N3463,1,undetected,N3463,N3463,N3463,sa1,1
1831,N48211 /1 undetected,output,,N48211,N48211,1,undetected,N48211,N48211,N48211,sa1,1
1832,N46457 /1 undetected,output,,N46457,N46457,1,undetected,N46457,N46457,N46457,sa1,1
1833,N8197 /1 undetected,output,,N8197,N8197,1,undetected,N8197,N8197,N8197,sa1,1
1834,N40872 /1 undetected,output,,N40872,N40872,1,undetected,N40872,N40872,N40872,sa1,1
1835,N59846 /1 undetected,output,,N59846,N59846,1,undetected,N59846,N59846,N59846,sa1,1
1836,N59845 /1 undetected,output,,N59845,N59845,1,undetected,N59845,N59845,N59845,sa1,1
1837,N14497 /0 undetected,output,,N14497,N14497,0,undetected,N14497,N14497,N14497,sa0,1
1838,N6691 /1 undetected,output,,N6691,N6691,1,undetected,N6691,N6691,N6691,sa1,1
1839,N50244 /1 undetected,output,,N50244,N50244,1,undetected,N50244,N50244,N50244,sa1,1
1840,N55511 /1 undetected,output,,N55511,N55511,1,undetected,N55511,N55511,N55511,sa1,1
1841,N55510 /1 undetected,output,,N55510,N55510,1,undetected,N55510,N55510,N55510,sa1,1
1842,N14523 /1 undetected,output,,N14523,N14523,1,undetected,N14523,N14523,N14523,sa1,1
1843,N14436 /1 undetected,output,,N14436,N14436,1,undetected,N14436,N14436,N14436,sa1,1
1844,N58902 /1 undetected,output,,N58902,N58902,1,undetected,N58902,N58902,N58902,sa1,1
1845,N15748 /1 undetected,output,,N15748,N15748,1,undetected,N15748,N15748,N15748,sa1,1
1846,N15761 /1 undetected,output,,N15761,N15761,1,undetected,N15761,N15761,N15761,sa1,1
1847,N8939 /1 undetected,output,,N8939,N8939,1,undetected,N8939,N8939,N8939,sa1,1
1848,N8939 /0 undetected,output,,N8939,N8939,0,undetected,N8939,N8939,N8939,sa0,1
1849,N53016 /1 undetected,output,,N53016,N53016,1,undetected,N53016,N53016,N53016,sa1,1
1850,N59288 /1 undetected,output,,N59288,N59288,1,undetected,N59288,N59288,N59288,sa1,1
1851,N14437 /1 undetected,output,,N14437,N14437,1,undetected,N14437,N14437,N14437,sa1,1
1852,N39516 /1 undetected,output,,N39516,N39516,1,undetected,N39516,N39516,N39516,sa1,1
1853,N8253 /0 undetected,output,,N8253,N8253,0,undetected,N8253,N8253,N8253,sa0,1
1854,N15786 /1 undetected,output,,N15786,N15786,1,undetected,N15786,N15786,N15786,sa1,1
1855,N15786 /0 undetected,output,,N15786,N15786,0,undetected,N15786,N15786,N15786,sa0,1
1856,N8901 /1 undetected,output,,N8901,N8901,1,undetected,N8901,N8901,N8901,sa1,1
1857,N8916 /1 undetected,output,,N8916,N8916,1,undetected,N8916,N8916,N8916,sa1,1
1858,N4226 /0 undetected,output,,N4226,N4226,0,undetected,N4226,N4226,N4226,sa0,1
1859,N6548 /1 undetected,output,,N6548,N6548,1,undetected,N6548,N6548,N6548,sa1,1
1860,N54333 /1 undetected,output,,N54333,N54333,1,undetected,N54333,N54333,N54333,sa1,1
1861,N50191 /1 undetected,output,,N50191,N50191,1,undetected,N50191,N50191,N50191,sa1,1
1862,N6547 /1 undetected,output,,N6547,N6547,1,undetected,N6547,N6547,N6547,sa1,1
1863,N51330 /1 undetected,output,,N51330,N51330,1,undetected,N51330,N51330,N51330,sa1,1
1864,N8293 /1 undetected,output,,N8293,N8293,1,undetected,N8293,N8293,N8293,sa1,1
1865,N8194 /1 undetected,output,,N8194,N8194,1,undetected,N8194,N8194,N8194,sa1,1
1866,N54946 /1 undetected,output,,N54946,N54946,1,undetected,N54946,N54946,N54946,sa1,1
1867,N59843 /1 undetected,output,,N59843,N59843,1,undetected,N59843,N59843,N59843,sa1,1
1868,N15839 /1 undetected,output,,N15839,N15839,1,undetected,N15839,N15839,N15839,sa1,1
1869,N59917 /1 undetected,output,,N59917,N59917,1,undetected,N59917,N59917,N59917,sa1,1
1870,test_en->__tpi_cp_257_N24260 /0 undetected,input_edge,test_en,__tpi_cp_257_N24260,__tpi_cp_257_N24260,0,undetected,__tpi_cp_257_N24260,__tpi_cp_257_N24260,__tpi_cp_257_N24260,sa0,1
1871,N46929 /1 undetected,output,,N46929,N46929,1,undetected,N46929,N46929,N46929,sa1,1
1872,N56478 /1 undetected,output,,N56478,N56478,1,undetected,N56478,N56478,N56478,sa1,1
1873,N55508 /1 undetected,output,,N55508,N55508,1,undetected,N55508,N55508,N55508,sa1,1
1874,N8992 /1 undetected,output,,N8992,N8992,1,undetected,N8992,N8992,N8992,sa1,1
1875,N55584 /1 undetected,output,,N55584,N55584,1,undetected,N55584,N55584,N55584,sa1,1
1876,N8195 /1 undetected,output,,N8195,N8195,1,undetected,N8195,N8195,N8195,sa1,1
1877,N40939 /1 undetected,output,,N40939,N40939,1,undetected,N40939,N40939,N40939,sa1,1
1878,N6694 /1 undetected,output,,N6694,N6694,1,undetected,N6694,N6694,N6694,sa1,1
1879,N50460 /1 undetected,output,,N50460,N50460,1,undetected,N50460,N50460,N50460,sa1,1
1880,N15868 /1 undetected,output,,N15868,N15868,1,undetected,N15868,N15868,N15868,sa1,1
1881,N59918 /1 undetected,output,,N59918,N59918,1,undetected,N59918,N59918,N59918,sa1,1
1882,N59842 /1 undetected,output,,N59842,N59842,1,undetected,N59842,N59842,N59842,sa1,1
1883,N942 /1 undetected,output,,N942,N942,1,undetected,N942,N942,N942,sa1,1
1884,N942 /0 undetected,output,,N942,N942,0,undetected,N942,N942,N942,sa0,1
1885,N3382 /1 undetected,output,,N3382,N3382,1,undetected,N3382,N3382,N3382,sa1,1
1886,N48180 /1 undetected,output,,N48180,N48180,1,undetected,N48180,N48180,N48180,sa1,1
1887,N46702 /1 undetected,output,,N46702,N46702,1,undetected,N46702,N46702,N46702,sa1,1
1888,N1722 /1 undetected,output,,N1722,N1722,1,undetected,N1722,N1722,N1722,sa1,1
1889,N45281 /1 undetected,output,,N45281,N45281,1,undetected,N45281,N45281,N45281,sa1,1
1890,N3381 /1 undetected,output,,N3381,N3381,1,undetected,N3381,N3381,N3381,sa1,1
1891,N46964 /1 undetected,output,,N46964,N46964,1,undetected,N46964,N46964,N46964,sa1,1
1892,N46384 /1 undetected,output,,N46384,N46384,1,undetected,N46384,N46384,N46384,sa1,1
1893,N910 /1 undetected,output,,N910,N910,1,undetected,N910,N910,N910,sa1,1
1894,N910 /0 undetected,output,,N910,N910,0,undetected,N910,N910,N910,sa0,1
1895,N3467 /1 undetected,output,,N3467,N3467,1,undetected,N3467,N3467,N3467,sa1,1
1896,N46996 /1 undetected,output,,N46996,N46996,1,undetected,N46996,N46996,N46996,sa1,1
1897,N46703 /1 undetected,output,,N46703,N46703,1,undetected,N46703,N46703,N46703,sa1,1
1898,N1746 /1 undetected,output,,N1746,N1746,1,undetected,N1746,N1746,N1746,sa1,1
1899,N3468 /1 undetected,output,,N3468,N3468,1,undetected,N3468,N3468,N3468,sa1,1
1900,N48292 /1 undetected,output,,N48292,N48292,1,undetected,N48292,N48292,N48292,sa1,1
1901,N44031 /1 undetected,output,,N44031,N44031,1,undetected,N44031,N44031,N44031,sa1,1
1902,N3466 /1 undetected,output,,N3466,N3466,1,undetected,N3466,N3466,N3466,sa1,1
1903,N48212 /1 undetected,output,,N48212,N48212,1,undetected,N48212,N48212,N48212,sa1,1
1904,N46385 /1 undetected,output,,N46385,N46385,1,undetected,N46385,N46385,N46385,sa1,1
1905,N14496 /0 undetected,output,,N14496,N14496,0,undetected,N14496,N14496,N14496,sa0,1
1906,N15747 /1 undetected,output,,N15747,N15747,1,undetected,N15747,N15747,N15747,sa1,1
1907,N15767 /1 undetected,output,,N15767,N15767,1,undetected,N15767,N15767,N15767,sa1,1
1908,N34810 /1 undetected,output,,N34810,N34810,1,undetected,N34810,N34810,N34810,sa1,1
1909,N34809 /1 undetected,output,,N34809,N34809,1,undetected,N34809,N34809,N34809,sa1,1
1910,N9021 /1 undetected,output,,N9021,N9021,1,undetected,N9021,N9021,N9021,sa1,1
1911,N55585 /1 undetected,output,,N55585,N55585,1,undetected,N55585,N55585,N55585,sa1,1
1912,N55507 /1 undetected,output,,N55507,N55507,1,undetected,N55507,N55507,N55507,sa1,1
1913,N14525 /1 undetected,output,,N14525,N14525,1,undetected,N14525,N14525,N14525,sa1,1
1914,N14434 /1 undetected,output,,N14434,N14434,1,undetected,N14434,N14434,N14434,sa1,1
1915,N58900 /1 undetected,output,,N58900,N58900,1,undetected,N58900,N58900,N58900,sa1,1
1916,N8900 /1 undetected,output,,N8900,N8900,1,undetected,N8900,N8900,N8900,sa1,1
1917,N8922 /1 undetected,output,,N8922,N8922,1,undetected,N8922,N8922,N8922,sa1,1
1918,N29863 /1 undetected,output,,N29863,N29863,1,undetected,N29863,N29863,N29863,sa1,1
1919,N29862 /1 undetected,output,,N29862,N29862,1,undetected,N29862,N29862,N29862,sa1,1
1920,N53017 /1 undetected,output,,N53017,N53017,1,undetected,N53017,N53017,N53017,sa1,1
1921,N59289 /1 undetected,output,,N59289,N59289,1,undetected,N59289,N59289,N59289,sa1,1
1922,N14435 /1 undetected,output,,N14435,N14435,1,undetected,N14435,N14435,N14435,sa1,1
1923,N39447 /1 undetected,output,,N39447,N39447,1,undetected,N39447,N39447,N39447,sa1,1
1924,N8252 /0 undetected,output,,N8252,N8252,0,undetected,N8252,N8252,N8252,sa0,1
1925,N4227 /0 undetected,output,,N4227,N4227,0,undetected,N4227,N4227,N4227,sa0,1
1926,N6550 /1 undetected,output,,N6550,N6550,1,undetected,N6550,N6550,N6550,sa1,1
1927,N54334 /1 undetected,output,,N54334,N54334,1,undetected,N54334,N54334,N54334,sa1,1
1928,N50242 /1 undetected,output,,N50242,N50242,1,undetected,N50242,N50242,N50242,sa1,1
1929,N6549 /1 undetected,output,,N6549,N6549,1,undetected,N6549,N6549,N6549,sa1,1
1930,N51331 /1 undetected,output,,N51331,N51331,1,undetected,N51331,N51331,N51331,sa1,1
1931,N8295 /1 undetected,output,,N8295,N8295,1,undetected,N8295,N8295,N8295,sa1,1
1932,N8192 /1 undetected,output,,N8192,N8192,1,undetected,N8192,N8192,N8192,sa1,1
1933,N54944 /1 undetected,output,,N54944,N54944,1,undetected,N54944,N54944,N54944,sa1,1
1934,N15810 /0 undetected,output,,N15810,N15810,0,undetected,N15810,N15810,N15810,sa0,1
1935,N59840 /1 undetected,output,,N59840,N59840,1,undetected,N59840,N59840,N59840,sa1,1
1936,N59839 /1 undetected,output,,N59839,N59839,1,undetected,N59839,N59839,N59839,sa1,1
1937,N8963 /0 undetected,output,,N8963,N8963,0,undetected,N8963,N8963,N8963,sa0,1
1938,N55505 /1 undetected,output,,N55505,N55505,1,undetected,N55505,N55505,N55505,sa1,1
1939,N55504 /1 undetected,output,,N55504,N55504,1,undetected,N55504,N55504,N55504,sa1,1
1940,N46930 /1 undetected,output,,N46930,N46930,1,undetected,N46930,N46930,N46930,sa1,1
1941,N56479 /1 undetected,output,,N56479,N56479,1,undetected,N56479,N56479,N56479,sa1,1
1942,N8193 /1 undetected,output,,N8193,N8193,1,undetected,N8193,N8193,N8193,sa1,1
1943,N40848 /1 undetected,output,,N40848,N40848,1,undetected,N40848,N40848,N40848,sa1,1
1944,N54159 /1 undetected,output,,N54159,N54159,1,undetected,N54159,N54159,N54159,sa1,1
1945,N52681 /1 undetected,output,,N52681,N52681,1,undetected,N52681,N52681,N52681,sa1,1
1946,N21462 /1 undetected,output,,N21462,N21462,1,undetected,N21462,N21462,N21462,sa1,1
1947,N6700 /1 undetected,output,,N6700,N6700,1,undetected,N6700,N6700,N6700,sa1,1
1948,N50511 /1 undetected,output,,N50511,N50511,1,undetected,N50511,N50511,N50511,sa1,1
1949,N6699 /1 undetected,output,,N6699,N6699,1,undetected,N6699,N6699,N6699,sa1,1
1950,N50461 /1 undetected,output,,N50461,N50461,1,undetected,N50461,N50461,N50461,sa1,1
1951,N54191 /1 undetected,output,,N54191,N54191,1,undetected,N54191,N54191,N54191,sa1,1
1952,N943 /1 undetected,output,,N943,N943,1,undetected,N943,N943,N943,sa1,1
1953,N943 /0 undetected,output,,N943,N943,0,undetected,N943,N943,N943,sa0,1
1954,N3384 /1 undetected,output,,N3384,N3384,1,undetected,N3384,N3384,N3384,sa1,1
1955,N48181 /1 undetected,output,,N48181,N48181,1,undetected,N48181,N48181,N48181,sa1,1
1956,N46706 /1 undetected,output,,N46706,N46706,1,undetected,N46706,N46706,N46706,sa1,1
1957,N1723 /1 undetected,output,,N1723,N1723,1,undetected,N1723,N1723,N1723,sa1,1
1958,N45282 /1 undetected,output,,N45282,N45282,1,undetected,N45282,N45282,N45282,sa1,1
1959,N3383 /1 undetected,output,,N3383,N3383,1,undetected,N3383,N3383,N3383,sa1,1
1960,N46965 /1 undetected,output,,N46965,N46965,1,undetected,N46965,N46965,N46965,sa1,1
1961,N46322 /1 undetected,output,,N46322,N46322,1,undetected,N46322,N46322,N46322,sa1,1
1962,N911 /1 undetected,output,,N911,N911,1,undetected,N911,N911,N911,sa1,1
1963,N911 /0 undetected,output,,N911,N911,0,undetected,N911,N911,N911,sa0,1
1964,N3470 /1 undetected,output,,N3470,N3470,1,undetected,N3470,N3470,N3470,sa1,1
1965,N46997 /1 undetected,output,,N46997,N46997,1,undetected,N46997,N46997,N46997,sa1,1
1966,N46707 /1 undetected,output,,N46707,N46707,1,undetected,N46707,N46707,N46707,sa1,1
1967,N1747 /1 undetected,output,,N1747,N1747,1,undetected,N1747,N1747,N1747,sa1,1
1968,N3471 /1 undetected,output,,N3471,N3471,1,undetected,N3471,N3471,N3471,sa1,1
1969,N48293 /1 undetected,output,,N48293,N48293,1,undetected,N48293,N48293,N48293,sa1,1
1970,N44250 /1 undetected,output,,N44250,N44250,1,undetected,N44250,N44250,N44250,sa1,1
1971,N3469 /1 undetected,output,,N3469,N3469,1,undetected,N3469,N3469,N3469,sa1,1
1972,N48213 /1 undetected,output,,N48213,N48213,1,undetected,N48213,N48213,N48213,sa1,1
1973,N46323 /1 undetected,output,,N46323,N46323,1,undetected,N46323,N46323,N46323,sa1,1
1974,N14495 /0 undetected,output,,N14495,N14495,0,undetected,N14495,N14495,N14495,sa0,1
1975,N15746 /1 undetected,output,,N15746,N15746,1,undetected,N15746,N15746,N15746,sa1,1
1976,N15762 /1 undetected,output,,N15762,N15762,1,undetected,N15762,N15762,N15762,sa1,1
1977,N14527 /1 undetected,output,,N14527,N14527,1,undetected,N14527,N14527,N14527,sa1,1
1978,N14432 /1 undetected,output,,N14432,N14432,1,undetected,N14432,N14432,N14432,sa1,1
1979,N58898 /1 undetected,output,,N58898,N58898,1,undetected,N58898,N58898,N58898,sa1,1
1980,N8943 /1 undetected,output,,N8943,N8943,1,undetected,N8943,N8943,N8943,sa1,1
1981,N8943 /0 undetected,output,,N8943,N8943,0,undetected,N8943,N8943,N8943,sa0,1
1982,N8899 /1 undetected,output,,N8899,N8899,1,undetected,N8899,N8899,N8899,sa1,1
1983,N8917 /1 undetected,output,,N8917,N8917,1,undetected,N8917,N8917,N8917,sa1,1
1984,N15790 /1 undetected,output,,N15790,N15790,1,undetected,N15790,N15790,N15790,sa1,1
1985,N15790 /0 undetected,output,,N15790,N15790,0,undetected,N15790,N15790,N15790,sa0,1
1986,N59837 /1 undetected,output,,N59837,N59837,1,undetected,N59837,N59837,N59837,sa1,1
1987,N59836 /1 undetected,output,,N59836,N59836,1,undetected,N59836,N59836,N59836,sa1,1
1988,N53018 /1 undetected,output,,N53018,N53018,1,undetected,N53018,N53018,N53018,sa1,1
1989,N59290 /1 undetected,output,,N59290,N59290,1,undetected,N59290,N59290,N59290,sa1,1
1990,N14433 /1 undetected,output,,N14433,N14433,1,undetected,N14433,N14433,N14433,sa1,1
1991,N39547 /1 undetected,output,,N39547,N39547,1,undetected,N39547,N39547,N39547,sa1,1
1992,N8251 /0 undetected,output,,N8251,N8251,0,undetected,N8251,N8251,N8251,sa0,1
1993,N55502 /1 undetected,output,,N55502,N55502,1,undetected,N55502,N55502,N55502,sa1,1
1994,N55501 /1 undetected,output,,N55501,N55501,1,undetected,N55501,N55501,N55501,sa1,1
1995,N4228 /0 undetected,output,,N4228,N4228,0,undetected,N4228,N4228,N4228,sa0,1
1996,N6553 /1 undetected,output,,N6553,N6553,1,undetected,N6553,N6553,N6553,sa1,1
1997,N54336 /1 undetected,output,,N54336,N54336,1,undetected,N54336,N54336,N54336,sa1,1
1998,N50458 /1 undetected,output,,N50458,N50458,1,undetected,N50458,N50458,N50458,sa1,1
1999,N6552 /1 undetected,output,,N6552,N6552,1,undetected,N6552,N6552,N6552,sa1,1
2000,N51332 /1 undetected,output,,N51332,N51332,1,undetected,N51332,N51332,N51332,sa1,1
2001,N8297 /1 undetected,output,,N8297,N8297,1,undetected,N8297,N8297,N8297,sa1,1
2002,N8190 /1 undetected,output,,N8190,N8190,1,undetected,N8190,N8190,N8190,sa1,1
2003,N54942 /1 undetected,output,,N54942,N54942,1,undetected,N54942,N54942,N54942,sa1,1
2004,N54160 /1 undetected,output,,N54160,N54160,1,undetected,N54160,N54160,N54160,sa1,1
2005,N52642 /1 undetected,output,,N52642,N52642,1,undetected,N52642,N52642,N52642,sa1,1
2006,N21464 /1 undetected,output,,N21464,N21464,1,undetected,N21464,N21464,N21464,sa1,1
2007,N6703 /1 undetected,output,,N6703,N6703,1,undetected,N6703,N6703,N6703,sa1,1
2008,N49891 /1 undetected,output,,N49891,N49891,1,undetected,N49891,N49891,N49891,sa1,1
2009,N6702 /1 undetected,output,,N6702,N6702,1,undetected,N6702,N6702,N6702,sa1,1
2010,N15745 /1 undetected,output,,N15745,N15745,1,undetected,N15745,N15745,N15745,sa1,1
2011,N15763 /1 undetected,output,,N15763,N15763,1,undetected,N15763,N15763,N15763,sa1,1
2012,N46931 /1 undetected,output,,N46931,N46931,1,undetected,N46931,N46931,N46931,sa1,1
2013,N56480 /1 undetected,output,,N56480,N56480,1,undetected,N56480,N56480,N56480,sa1,1
2014,N8191 /1 undetected,output,,N8191,N8191,1,undetected,N8191,N8191,N8191,sa1,1
2015,N40896 /1 undetected,output,,N40896,N40896,1,undetected,N40896,N40896,N40896,sa1,1
2016,N8898 /1 undetected,output,,N8898,N8898,1,undetected,N8898,N8898,N8898,sa1,1
2017,N8918 /1 undetected,output,,N8918,N8918,1,undetected,N8918,N8918,N8918,sa1,1
2018,N944 /1 undetected,output,,N944,N944,1,undetected,N944,N944,N944,sa1,1
2019,N944 /0 undetected,output,,N944,N944,0,undetected,N944,N944,N944,sa0,1
2020,N3386 /1 undetected,output,,N3386,N3386,1,undetected,N3386,N3386,N3386,sa1,1
2021,N48182 /1 undetected,output,,N48182,N48182,1,undetected,N48182,N48182,N48182,sa1,1
2022,N46710 /1 undetected,output,,N46710,N46710,1,undetected,N46710,N46710,N46710,sa1,1
2023,N1724 /1 undetected,output,,N1724,N1724,1,undetected,N1724,N1724,N1724,sa1,1
2024,N45283 /1 undetected,output,,N45283,N45283,1,undetected,N45283,N45283,N45283,sa1,1
2025,N3385 /1 undetected,output,,N3385,N3385,1,undetected,N3385,N3385,N3385,sa1,1
2026,N46966 /1 undetected,output,,N46966,N46966,1,undetected,N46966,N46966,N46966,sa1,1
2027,N46262 /1 undetected,output,,N46262,N46262,1,undetected,N46262,N46262,N46262,sa1,1
2028,N912 /1 undetected,output,,N912,N912,1,undetected,N912,N912,N912,sa1,1
2029,N912 /0 undetected,output,,N912,N912,0,undetected,N912,N912,N912,sa0,1
2030,N3473 /1 undetected,output,,N3473,N3473,1,undetected,N3473,N3473,N3473,sa1,1
2031,N46998 /1 undetected,output,,N46998,N46998,1,undetected,N46998,N46998,N46998,sa1,1
2032,N46711 /1 undetected,output,,N46711,N46711,1,undetected,N46711,N46711,N46711,sa1,1
2033,N1748 /1 undetected,output,,N1748,N1748,1,undetected,N1748,N1748,N1748,sa1,1
2034,N3474 /1 undetected,output,,N3474,N3474,1,undetected,N3474,N3474,N3474,sa1,1
2035,N48294 /1 undetected,output,,N48294,N48294,1,undetected,N48294,N48294,N48294,sa1,1
2036,N44297 /1 undetected,output,,N44297,N44297,1,undetected,N44297,N44297,N44297,sa1,1
2037,N3472 /1 undetected,output,,N3472,N3472,1,undetected,N3472,N3472,N3472,sa1,1
2038,N48214 /1 undetected,output,,N48214,N48214,1,undetected,N48214,N48214,N48214,sa1,1
2039,N46263 /1 undetected,output,,N46263,N46263,1,undetected,N46263,N46263,N46263,sa1,1
2040,N14494 /0 undetected,output,,N14494,N14494,0,undetected,N14494,N14494,N14494,sa0,1
2041,N59834 /1 undetected,output,,N59834,N59834,1,undetected,N59834,N59834,N59834,sa1,1
2042,N15843 /1 undetected,output,,N15843,N15843,1,undetected,N15843,N15843,N15843,sa1,1
2043,N14529 /1 undetected,output,,N14529,N14529,1,undetected,N14529,N14529,N14529,sa1,1
2044,N14430 /1 undetected,output,,N14430,N14430,1,undetected,N14430,N14430,N14430,sa1,1
2045,N58896 /1 undetected,output,,N58896,N58896,1,undetected,N58896,N58896,N58896,sa1,1
2046,N55499 /1 undetected,output,,N55499,N55499,1,undetected,N55499,N55499,N55499,sa1,1
2047,N8996 /1 undetected,output,,N8996,N8996,1,undetected,N8996,N8996,N8996,sa1,1
2048,N55537 /1 undetected,output,,N55537,N55537,1,undetected,N55537,N55537,N55537,sa1,1
2049,N15846 /1 undetected,output,,N15846,N15846,1,undetected,N15846,N15846,N15846,sa1,1
2050,N53020 /1 undetected,output,,N53020,N53020,1,undetected,N53020,N53020,N53020,sa1,1
2051,N59292 /1 undetected,output,,N59292,N59292,1,undetected,N59292,N59292,N59292,sa1,1
2052,N14431 /1 undetected,output,,N14431,N14431,1,undetected,N14431,N14431,N14431,sa1,1
2053,N39486 /1 undetected,output,,N39486,N39486,1,undetected,N39486,N39486,N39486,sa1,1
2054,N8250 /0 undetected,output,,N8250,N8250,0,undetected,N8250,N8250,N8250,sa0,1
2055,N15744 /1 undetected,output,,N15744,N15744,1,undetected,N15744,N15744,N15744,sa1,1
2056,N34808 /1 undetected,output,,N34808,N34808,1,undetected,N34808,N34808,N34808,sa1,1
2057,N34807 /1 undetected,output,,N34807,N34807,1,undetected,N34807,N34807,N34807,sa1,1
2058,N8999 /1 undetected,output,,N8999,N8999,1,undetected,N8999,N8999,N8999,sa1,1
2059,N55538 /1 undetected,output,,N55538,N55538,1,undetected,N55538,N55538,N55538,sa1,1
2060,N55498 /1 undetected,output,,N55498,N55498,1,undetected,N55498,N55498,N55498,sa1,1
2061,N4229 /0 undetected,output,,N4229,N4229,0,undetected,N4229,N4229,N4229,sa0,1
2062,N6555 /1 undetected,output,,N6555,N6555,1,undetected,N6555,N6555,N6555,sa1,1
2063,N54337 /1 undetected,output,,N54337,N54337,1,undetected,N54337,N54337,N54337,sa1,1
2064,N50509 /1 undetected,output,,N50509,N50509,1,undetected,N50509,N50509,N50509,sa1,1
2065,N6554 /1 undetected,output,,N6554,N6554,1,undetected,N6554,N6554,N6554,sa1,1
2066,N51333 /1 undetected,output,,N51333,N51333,1,undetected,N51333,N51333,N51333,sa1,1
2067,N8188 /1 undetected,output,,N8188,N8188,1,undetected,N8188,N8188,N8188,sa1,1
2068,N54940 /1 undetected,output,,N54940,N54940,1,undetected,N54940,N54940,N54940,sa1,1
2069,N54161 /1 undetected,output,,N54161,N54161,1,undetected,N54161,N54161,N54161,sa1,1
2070,N6620 /1 undetected,output,,N6620,N6620,1,undetected,N6620,N6620,N6620,sa1,1
2071,N52576 /1 undetected,output,,N52576,N52576,1,undetected,N52576,N52576,N52576,sa1,1
2072,N21466 /1 undetected,output,,N21466,N21466,1,undetected,N21466,N21466,N21466,sa1,1
2073,N6706 /1 undetected,output,,N6706,N6706,1,undetected,N6706,N6706,N6706,sa1,1
2074,N50087 /1 undetected,output,,N50087,N50087,1,undetected,N50087,N50087,N50087,sa1,1
2075,N6705 /1 undetected,output,,N6705,N6705,1,undetected,N6705,N6705,N6705,sa1,1
2076,N49892 /1 undetected,output,,N49892,N49892,1,undetected,N49892,N49892,N49892,sa1,1
2077,N54193 /1 undetected,output,,N54193,N54193,1,undetected,N54193,N54193,N54193,sa1,1
2078,N8897 /1 undetected,output,,N8897,N8897,1,undetected,N8897,N8897,N8897,sa1,1
2079,N8921 /1 undetected,output,,N8921,N8921,1,undetected,N8921,N8921,N8921,sa1,1
2080,N29861 /1 undetected,output,,N29861,N29861,1,undetected,N29861,N29861,N29861,sa1,1
2081,N29860 /1 undetected,output,,N29860,N29860,1,undetected,N29860,N29860,N29860,sa1,1
2082,N59955 /1 undetected,output,,N59955,N59955,1,undetected,N59955,N59955,N59955,sa1,1
2083,N15989 /1 undetected,output,,N15989,N15989,1,undetected,N15989,N15989,N15989,sa1,1
2084,N15899 /1 undetected,output,,N15899,N15899,1,undetected,N15899,N15899,N15899,sa1,1
2085,N12708 /1 undetected,output,,N12708,N12708,1,undetected,N12708,N12708,N12708,sa1,1
2086,N12708 /0 undetected,output,,N12708,N12708,0,undetected,N12708,N12708,N12708,sa0,1
2087,N12822 /1 undetected,output,,N12822,N12822,1,undetected,N12822,N12822,N12822,sa1,1
2088,N58054 /1 undetected,output,,N58054,N58054,1,undetected,N58054,N58054,N58054,sa1,1
2089,N44718 /1 undetected,output,,N44718,N44718,1,undetected,N44718,N44718,N44718,sa1,1
2090,N12821 /1 undetected,output,,N12821,N12821,1,undetected,N12821,N12821,N12821,sa1,1
2091,N44721 /1 undetected,output,,N44721,N44721,1,undetected,N44721,N44721,N44721,sa1,1
2092,N12753 /1 undetected,output,,N12753,N12753,1,undetected,N12753,N12753,N12753,sa1,1
2093,N46932 /1 undetected,output,,N46932,N46932,1,undetected,N46932,N46932,N46932,sa1,1
2094,N56481 /1 undetected,output,,N56481,N56481,1,undetected,N56481,N56481,N56481,sa1,1
2095,N8189 /1 undetected,output,,N8189,N8189,1,undetected,N8189,N8189,N8189,sa1,1
2096,N14902 /1 undetected,output,,N14902,N14902,1,undetected,N14902,N14902,N14902,sa1,1
2097,N59313 /1 undetected,output,,N59313,N59313,1,undetected,N59313,N59313,N59313,sa1,1
2098,N14991 /1 undetected,output,,N14991,N14991,1,undetected,N14991,N14991,N14991,sa1,1
2099,N59362 /1 undetected,output,,N59362,N59362,1,undetected,N59362,N59362,N59362,sa1,1
2100,N15041 /1 undetected,output,,N15041,N15041,1,undetected,N15041,N15041,N15041,sa1,1
2101,N50707 /1 undetected,output,,N50707,N50707,1,undetected,N50707,N50707,N50707,sa1,1
2102,N8945 /1 undetected,output,,N8945,N8945,1,undetected,N8945,N8945,N8945,sa1,1
2103,N8945 /0 undetected,output,,N8945,N8945,0,undetected,N8945,N8945,N8945,sa0,1
2104,N945 /1 undetected,output,,N945,N945,1,undetected,N945,N945,N945,sa1,1
2105,N945 /0 undetected,output,,N945,N945,0,undetected,N945,N945,N945,sa0,1
2106,N3388 /1 undetected,output,,N3388,N3388,1,undetected,N3388,N3388,N3388,sa1,1
2107,N48183 /1 undetected,output,,N48183,N48183,1,undetected,N48183,N48183,N48183,sa1,1
2108,N46714 /1 undetected,output,,N46714,N46714,1,undetected,N46714,N46714,N46714,sa1,1
2109,N1725 /1 undetected,output,,N1725,N1725,1,undetected,N1725,N1725,N1725,sa1,1
2110,N45284 /1 undetected,output,,N45284,N45284,1,undetected,N45284,N45284,N45284,sa1,1
2111,N3387 /1 undetected,output,,N3387,N3387,1,undetected,N3387,N3387,N3387,sa1,1
2112,N46967 /1 undetected,output,,N46967,N46967,1,undetected,N46967,N46967,N46967,sa1,1
2113,N46196 /1 undetected,output,,N46196,N46196,1,undetected,N46196,N46196,N46196,sa1,1
2114,N913 /1 undetected,output,,N913,N913,1,undetected,N913,N913,N913,sa1,1
2115,N913 /0 undetected,output,,N913,N913,0,undetected,N913,N913,N913,sa0,1
2116,N3476 /1 undetected,output,,N3476,N3476,1,undetected,N3476,N3476,N3476,sa1,1
2117,N46999 /1 undetected,output,,N46999,N46999,1,undetected,N46999,N46999,N46999,sa1,1
2118,N46715 /1 undetected,output,,N46715,N46715,1,undetected,N46715,N46715,N46715,sa1,1
2119,N1749 /1 undetected,output,,N1749,N1749,1,undetected,N1749,N1749,N1749,sa1,1
2120,N3477 /1 undetected,output,,N3477,N3477,1,undetected,N3477,N3477,N3477,sa1,1
2121,N48295 /1 undetected,output,,N48295,N48295,1,undetected,N48295,N48295,N48295,sa1,1
2122,N43929 /1 undetected,output,,N43929,N43929,1,undetected,N43929,N43929,N43929,sa1,1
2123,N3475 /1 undetected,output,,N3475,N3475,1,undetected,N3475,N3475,N3475,sa1,1
2124,N48215 /1 undetected,output,,N48215,N48215,1,undetected,N48215,N48215,N48215,sa1,1
2125,N46197 /1 undetected,output,,N46197,N46197,1,undetected,N46197,N46197,N46197,sa1,1
2126,N14493 /0 undetected,output,,N14493,N14493,0,undetected,N14493,N14493,N14493,sa0,1
2127,N15801 /0 undetected,output,,N15801,N15801,0,undetected,N15801,N15801,N15801,sa0,1
2128,N15792 /1 undetected,output,,N15792,N15792,1,undetected,N15792,N15792,N15792,sa1,1
2129,N15792 /0 undetected,output,,N15792,N15792,0,undetected,N15792,N15792,N15792,sa0,1
2130,N15871 /1 undetected,output,,N15871,N15871,1,undetected,N15871,N15871,N15871,sa1,1
2131,N59953 /1 undetected,output,,N59953,N59953,1,undetected,N59953,N59953,N59953,sa1,1
2132,N15938 /1 undetected,output,,N15938,N15938,1,undetected,N15938,N15938,N15938,sa1,1
2133,N23395 /1 undetected,output,,N23395,N23395,1,undetected,N23395,N23395,N23395,sa1,1
2134,N59985 /1 undetected,output,,N59985,N59985,1,undetected,N59985,N59985,N59985,sa1,1
2135,N59983 /1 undetected,output,,N59983,N59983,1,undetected,N59983,N59983,N59983,sa1,1
2136,N15988 /1 undetected,output,,N15988,N15988,1,undetected,N15988,N15988,N15988,sa1,1
2137,N15900 /1 undetected,output,,N15900,N15900,1,undetected,N15900,N15900,N15900,sa1,1
2138,N14531 /1 undetected,output,,N14531,N14531,1,undetected,N14531,N14531,N14531,sa1,1
2139,N14428 /1 undetected,output,,N14428,N14428,1,undetected,N14428,N14428,N14428,sa1,1
2140,N58894 /1 undetected,output,,N58894,N58894,1,undetected,N58894,N58894,N58894,sa1,1
2141,N60385 /1 undetected,output,,N60385,N60385,1,undetected,N60385,N60385,N60385,sa1,1
2142,N14903 /1 undetected,output,,N14903,N14903,1,undetected,N14903,N14903,N14903,sa1,1
2143,N14903 /0 undetected,output,,N14903,N14903,0,undetected,N14903,N14903,N14903,sa0,1
2144,N15052 /1 undetected,output,,N15052,N15052,1,undetected,N15052,N15052,N15052,sa1,1
2145,N59334 /1 undetected,output,,N59334,N59334,1,undetected,N59334,N59334,N59334,sa1,1
2146,N50752 /1 undetected,output,,N50752,N50752,1,undetected,N50752,N50752,N50752,sa1,1
2147,N15051 /1 undetected,output,,N15051,N15051,1,undetected,N15051,N15051,N15051,sa1,1
2148,N50755 /1 undetected,output,,N50755,N50755,1,undetected,N50755,N50755,N50755,sa1,1
2149,N14962 /1 undetected,output,,N14962,N14962,1,undetected,N14962,N14962,N14962,sa1,1
2150,N8954 /0 undetected,output,,N8954,N8954,0,undetected,N8954,N8954,N8954,sa0,1
2151,N55496 /1 undetected,output,,N55496,N55496,1,undetected,N55496,N55496,N55496,sa1,1
2152,N55495 /1 undetected,output,,N55495,N55495,1,undetected,N55495,N55495,N55495,sa1,1
2153,N14679 /1 undetected,output,,N14679,N14679,1,undetected,N14679,N14679,N14679,sa1,1
2154,N14679 /0 undetected,output,,N14679,N14679,0,undetected,N14679,N14679,N14679,sa0,1
2155,N52508 /1 undetected,output,,N52508,N52508,1,undetected,N52508,N52508,N52508,sa1,1
2156,N14582 /1 undetected,output,,N14582,N14582,1,undetected,N14582,N14582,N14582,sa1,1
2157,N14678 /1 undetected,output,,N14678,N14678,1,undetected,N14678,N14678,N14678,sa1,1
2158,N14678 /0 undetected,output,,N14678,N14678,0,undetected,N14678,N14678,N14678,sa0,1
2159,N52445 /1 undetected,output,,N52445,N52445,1,undetected,N52445,N52445,N52445,sa1,1
2160,N14581 /1 undetected,output,,N14581,N14581,1,undetected,N14581,N14581,N14581,sa1,1
2161,N14665 /1 undetected,output,,N14665,N14665,1,undetected,N14665,N14665,N14665,sa1,1
2162,N14665 /0 undetected,output,,N14665,N14665,0,undetected,N14665,N14665,N14665,sa0,1
2163,N52121 /1 undetected,output,,N52121,N52121,1,undetected,N52121,N52121,N52121,sa1,1
2164,N14570 /1 undetected,output,,N14570,N14570,1,undetected,N14570,N14570,N14570,sa1,1
2165,N14664 /1 undetected,output,,N14664,N14664,1,undetected,N14664,N14664,N14664,sa1,1
2166,N14664 /0 undetected,output,,N14664,N14664,0,undetected,N14664,N14664,N14664,sa0,1
2167,N52053 /1 undetected,output,,N52053,N52053,1,undetected,N52053,N52053,N52053,sa1,1
2168,N14569 /1 undetected,output,,N14569,N14569,1,undetected,N14569,N14569,N14569,sa1,1
2169,N14651 /1 undetected,output,,N14651,N14651,1,undetected,N14651,N14651,N14651,sa1,1
2170,N14651 /0 undetected,output,,N14651,N14651,0,undetected,N14651,N14651,N14651,sa0,1
2171,N51729 /1 undetected,output,,N51729,N51729,1,undetected,N51729,N51729,N51729,sa1,1
2172,N14558 /1 undetected,output,,N14558,N14558,1,undetected,N14558,N14558,N14558,sa1,1
2173,N14650 /1 undetected,output,,N14650,N14650,1,undetected,N14650,N14650,N14650,sa1,1
2174,N14650 /0 undetected,output,,N14650,N14650,0,undetected,N14650,N14650,N14650,sa0,1
2175,N51658 /1 undetected,output,,N51658,N51658,1,undetected,N51658,N51658,N51658,sa1,1
2176,N14557 /1 undetected,output,,N14557,N14557,1,undetected,N14557,N14557,N14557,sa1,1
2177,N14901 /1 undetected,output,,N14901,N14901,1,undetected,N14901,N14901,N14901,sa1,1
2178,N23223 /1 undetected,output,,N23223,N23223,1,undetected,N23223,N23223,N23223,sa1,1
2179,N15037 /1 undetected,output,,N15037,N15037,1,undetected,N15037,N15037,N15037,sa1,1
2180,N59311 /1 undetected,output,,N59311,N59311,1,undetected,N59311,N59311,N59311,sa1,1
2181,N50703 /1 undetected,output,,N50703,N50703,1,undetected,N50703,N50703,N50703,sa1,1
2182,N14989 /1 undetected,output,,N14989,N14989,1,undetected,N14989,N14989,N14989,sa1,1
2183,N15038 /1 undetected,output,,N15038,N15038,1,undetected,N15038,N15038,N15038,sa1,1
2184,N50699 /1 undetected,output,,N50699,N50699,1,undetected,N50699,N50699,N50699,sa1,1
2185,N15032 /1 undetected,output,,N15032,N15032,1,undetected,N15032,N15032,N15032,sa1,1
2186,N15031 /1 undetected,output,,N15031,N15031,1,undetected,N15031,N15031,N15031,sa1,1
2187,N59332 /1 undetected,output,,N59332,N59332,1,undetected,N59332,N59332,N59332,sa1,1
2188,N50765 /1 undetected,output,,N50765,N50765,1,undetected,N50765,N50765,N50765,sa1,1
2189,N50701 /1 undetected,output,,N50701,N50701,1,undetected,N50701,N50701,N50701,sa1,1
2190,N14990 /1 undetected,output,,N14990,N14990,1,undetected,N14990,N14990,N14990,sa1,1
2191,N59309 /1 undetected,output,,N59309,N59309,1,undetected,N59309,N59309,N59309,sa1,1
2192,N15039 /1 undetected,output,,N15039,N15039,1,undetected,N15039,N15039,N15039,sa1,1
2193,N50697 /1 undetected,output,,N50697,N50697,1,undetected,N50697,N50697,N50697,sa1,1
2194,N14672 /1 undetected,output,,N14672,N14672,1,undetected,N14672,N14672,N14672,sa1,1
2195,N14672 /0 undetected,output,,N14672,N14672,0,undetected,N14672,N14672,N14672,sa0,1
2196,N50901 /1 undetected,output,,N50901,N50901,1,undetected,N50901,N50901,N50901,sa1,1
2197,N14576 /1 undetected,output,,N14576,N14576,1,undetected,N14576,N14576,N14576,sa1,1
2198,N14671 /1 undetected,output,,N14671,N14671,1,undetected,N14671,N14671,N14671,sa1,1
2199,N14671 /0 undetected,output,,N14671,N14671,0,undetected,N14671,N14671,N14671,sa0,1
2200,N50903 /1 undetected,output,,N50903,N50903,1,undetected,N50903,N50903,N50903,sa1,1
2201,N14575 /1 undetected,output,,N14575,N14575,1,undetected,N14575,N14575,N14575,sa1,1
2202,N14658 /1 undetected,output,,N14658,N14658,1,undetected,N14658,N14658,N14658,sa1,1
2203,N14658 /0 undetected,output,,N14658,N14658,0,undetected,N14658,N14658,N14658,sa0,1
2204,N50913 /1 undetected,output,,N50913,N50913,1,undetected,N50913,N50913,N50913,sa1,1
2205,N14564 /1 undetected,output,,N14564,N14564,1,undetected,N14564,N14564,N14564,sa1,1
2206,N14657 /1 undetected,output,,N14657,N14657,1,undetected,N14657,N14657,N14657,sa1,1
2207,N14657 /0 undetected,output,,N14657,N14657,0,undetected,N14657,N14657,N14657,sa0,1
2208,N50915 /1 undetected,output,,N50915,N50915,1,undetected,N50915,N50915,N50915,sa1,1
2209,N14563 /1 undetected,output,,N14563,N14563,1,undetected,N14563,N14563,N14563,sa1,1
2210,N53021 /1 undetected,output,,N53021,N53021,1,undetected,N53021,N53021,N53021,sa1,1
2211,N59293 /1 undetected,output,,N59293,N59293,1,undetected,N59293,N59293,N59293,sa1,1
2212,N14429 /1 undetected,output,,N14429,N14429,1,undetected,N14429,N14429,N14429,sa1,1
2213,N39538 /1 undetected,output,,N39538,N39538,1,undetected,N39538,N39538,N39538,sa1,1
2214,N54162 /1 undetected,output,,N54162,N54162,1,undetected,N54162,N54162,N54162,sa1,1
2215,N6622 /1 undetected,output,,N6622,N6622,1,undetected,N6622,N6622,N6622,sa1,1
2216,N52503 /1 undetected,output,,N52503,N52503,1,undetected,N52503,N52503,N52503,sa1,1
2217,N21468 /1 undetected,output,,N21468,N21468,1,undetected,N21468,N21468,N21468,sa1,1
2218,N6709 /1 undetected,output,,N6709,N6709,1,undetected,N6709,N6709,N6709,sa1,1
2219,N50138 /1 undetected,output,,N50138,N50138,1,undetected,N50138,N50138,N50138,sa1,1
2220,N6708 /1 undetected,output,,N6708,N6708,1,undetected,N6708,N6708,N6708,sa1,1
2221,N50088 /1 undetected,output,,N50088,N50088,1,undetected,N50088,N50088,N50088,sa1,1
2222,N54194 /1 undetected,output,,N54194,N54194,1,undetected,N54194,N54194,N54194,sa1,1
2223,N15870 /1 undetected,output,,N15870,N15870,1,undetected,N15870,N15870,N15870,sa1,1
2224,N59979 /1 undetected,output,,N59979,N59979,1,undetected,N59979,N59979,N59979,sa1,1
2225,N23391 /1 undetected,output,,N23391,N23391,1,undetected,N23391,N23391,N23391,sa1,1
2226,N59981 /1 undetected,output,,N59981,N59981,1,undetected,N59981,N59981,N59981,sa1,1
2227,N23390 /1 undetected,output,,N23390,N23390,1,undetected,N23390,N23390,N23390,sa1,1
2228,N15985 /1 undetected,output,,N15985,N15985,1,undetected,N15985,N15985,N15985,sa1,1
2229,N15904 /1 undetected,output,,N15904,N15904,1,undetected,N15904,N15904,N15904,sa1,1
2230,N15984 /1 undetected,output,,N15984,N15984,1,undetected,N15984,N15984,N15984,sa1,1
2231,N15903 /1 undetected,output,,N15903,N15903,1,undetected,N15903,N15903,N15903,sa1,1
2232,N12752 /1 undetected,output,,N12752,N12752,1,undetected,N12752,N12752,N12752,sa1,1
2233,N12752 /0 undetected,output,,N12752,N12752,0,undetected,N12752,N12752,N12752,sa0,1
2234,N4230 /1 undetected,output,,N4230,N4230,1,undetected,N4230,N4230,N4230,sa1,1
2235,N4230 /0 undetected,output,,N4230,N4230,0,undetected,N4230,N4230,N4230,sa0,1
2236,N6557 /1 undetected,output,,N6557,N6557,1,undetected,N6557,N6557,N6557,sa1,1
2237,N54338 /1 undetected,output,,N54338,N54338,1,undetected,N54338,N54338,N54338,sa1,1
2238,N49889 /1 undetected,output,,N49889,N49889,1,undetected,N49889,N49889,N49889,sa1,1
2239,N6556 /1 undetected,output,,N6556,N6556,1,undetected,N6556,N6556,N6556,sa1,1
2240,N52800 /1 undetected,output,,N52800,N52800,1,undetected,N52800,N52800,N52800,sa1,1
2241,N51334 /1 undetected,output,,N51334,N51334,1,undetected,N51334,N51334,N51334,sa1,1
2242,N8892 /1 undetected,output,,N8892,N8892,1,undetected,N8892,N8892,N8892,sa1,1
2243,N8893 /1 undetected,output,,N8893,N8893,1,undetected,N8893,N8893,N8893,sa1,1
2244,N14643 /1 undetected,output,,N14643,N14643,1,undetected,N14643,N14643,N14643,sa1,1
2245,N14643 /0 undetected,output,,N14643,N14643,0,undetected,N14643,N14643,N14643,sa0,1
2246,N6747 /1 undetected,output,,N6747,N6747,1,undetected,N6747,N6747,N6747,sa1,1
2247,N54138 /1 undetected,output,,N54138,N54138,1,undetected,N54138,N54138,N54138,sa1,1
2248,N54132 /1 undetected,output,,N54132,N54132,1,undetected,N54132,N54132,N54132,sa1,1
2249,N6744 /1 undetected,output,,N6744,N6744,1,undetected,N6744,N6744,N6744,sa1,1
2250,N54137 /1 undetected,output,,N54137,N54137,1,undetected,N54137,N54137,N54137,sa1,1
2251,N7331 /1 undetected,output,,N7331,N7331,1,undetected,N7331,N7331,N7331,sa1,1
2252,N14642 /1 undetected,output,,N14642,N14642,1,undetected,N14642,N14642,N14642,sa1,1
2253,N14642 /0 undetected,output,,N14642,N14642,0,undetected,N14642,N14642,N14642,sa0,1
2254,N6745 /1 undetected,output,,N6745,N6745,1,undetected,N6745,N6745,N6745,sa1,1
2255,N54136 /1 undetected,output,,N54136,N54136,1,undetected,N54136,N54136,N54136,sa1,1
2256,N54130 /1 undetected,output,,N54130,N54130,1,undetected,N54130,N54130,N54130,sa1,1
2257,N6743 /1 undetected,output,,N6743,N6743,1,undetected,N6743,N6743,N6743,sa1,1
2258,N54135 /1 undetected,output,,N54135,N54135,1,undetected,N54135,N54135,N54135,sa1,1
2259,N7308 /1 undetected,output,,N7308,N7308,1,undetected,N7308,N7308,N7308,sa1,1
2260,N46933 /1 undetected,output,,N46933,N46933,1,undetected,N46933,N46933,N46933,sa1,1
2261,N56482 /1 undetected,output,,N56482,N56482,1,undetected,N56482,N56482,N56482,sa1,1
2262,N39421 /1 undetected,output,,N39421,N39421,1,undetected,N39421,N39421,N39421,sa1,1
2263,N14965 /1 undetected,output,,N14965,N14965,1,undetected,N14965,N14965,N14965,sa1,1
2264,N14965 /0 undetected,output,,N14965,N14965,0,undetected,N14965,N14965,N14965,sa0,1
2265,N14899 /1 undetected,output,,N14899,N14899,1,undetected,N14899,N14899,N14899,sa1,1
2266,N59360 /1 undetected,output,,N59360,N59360,1,undetected,N59360,N59360,N59360,sa1,1
2267,N15034 /1 undetected,output,,N15034,N15034,1,undetected,N15034,N15034,N15034,sa1,1
2268,N50695 /1 undetected,output,,N50695,N50695,1,undetected,N50695,N50695,N50695,sa1,1
2269,N55493 /1 undetected,output,,N55493,N55493,1,undetected,N55493,N55493,N55493,sa1,1
2270,N12707 /1 undetected,output,,N12707,N12707,1,undetected,N12707,N12707,N12707,sa1,1
2271,N12707 /0 undetected,output,,N12707,N12707,0,undetected,N12707,N12707,N12707,sa0,1
2272,N58062 /1 undetected,output,,N58062,N58062,1,undetected,N58062,N58062,N58062,sa1,1
2273,N12818 /1 undetected,output,,N12818,N12818,1,undetected,N12818,N12818,N12818,sa1,1
2274,N44662 /1 undetected,output,,N44662,N44662,1,undetected,N44662,N44662,N44662,sa1,1
2275,N12733 /1 undetected,output,,N12733,N12733,1,undetected,N12733,N12733,N12733,sa1,1
2276,N4245 /1 undetected,output,,N4245,N4245,1,undetected,N4245,N4245,N4245,sa1,1
2277,N4245 /0 undetected,output,,N4245,N4245,0,undetected,N4245,N4245,N4245,sa0,1
2278,N6746 /1 undetected,output,,N6746,N6746,1,undetected,N6746,N6746,N6746,sa1,1
2279,N54134 /1 undetected,output,,N54134,N54134,1,undetected,N54134,N54134,N54134,sa1,1
2280,N54131 /1 undetected,output,,N54131,N54131,1,undetected,N54131,N54131,N54131,sa1,1
2281,N6742 /1 undetected,output,,N6742,N6742,1,undetected,N6742,N6742,N6742,sa1,1
2282,N54133 /1 undetected,output,,N54133,N54133,1,undetected,N54133,N54133,N54133,sa1,1
2283,N7285 /1 undetected,output,,N7285,N7285,1,undetected,N7285,N7285,N7285,sa1,1
2284,N4244 /1 undetected,output,,N4244,N4244,1,undetected,N4244,N4244,N4244,sa1,1
2285,N4244 /0 undetected,output,,N4244,N4244,0,undetected,N4244,N4244,N4244,sa0,1
2286,N6530 /1 undetected,output,,N6530,N6530,1,undetected,N6530,N6530,N6530,sa1,1
2287,N54324 /1 undetected,output,,N54324,N54324,1,undetected,N54324,N54324,N54324,sa1,1
2288,N49638 /1 undetected,output,,N49638,N49638,1,undetected,N49638,N49638,N49638,sa1,1
2289,N6529 /1 undetected,output,,N6529,N6529,1,undetected,N6529,N6529,N6529,sa1,1
2290,N52748 /1 undetected,output,,N52748,N52748,1,undetected,N52748,N52748,N52748,sa1,1
2291,N51321 /1 undetected,output,,N51321,N51321,1,undetected,N51321,N51321,N51321,sa1,1
2292,N4243 /1 undetected,output,,N4243,N4243,1,undetected,N4243,N4243,N4243,sa1,1
2293,N4243 /0 undetected,output,,N4243,N4243,0,undetected,N4243,N4243,N4243,sa0,1
2294,N6524 /1 undetected,output,,N6524,N6524,1,undetected,N6524,N6524,N6524,sa1,1
2295,N54321 /1 undetected,output,,N54321,N54321,1,undetected,N54321,N54321,N54321,sa1,1
2296,N49430 /1 undetected,output,,N49430,N49430,1,undetected,N49430,N49430,N49430,sa1,1
2297,N6523 /1 undetected,output,,N6523,N6523,1,undetected,N6523,N6523,N6523,sa1,1
2298,N52745 /1 undetected,output,,N52745,N52745,1,undetected,N52745,N52745,N52745,sa1,1
2299,N51318 /1 undetected,output,,N51318,N51318,1,undetected,N51318,N51318,N51318,sa1,1
2300,N4242 /1 undetected,output,,N4242,N4242,1,undetected,N4242,N4242,N4242,sa1,1
2301,N4242 /0 undetected,output,,N4242,N4242,0,undetected,N4242,N4242,N4242,sa0,1
2302,N6522 /1 undetected,output,,N6522,N6522,1,undetected,N6522,N6522,N6522,sa1,1
2303,N54320 /1 undetected,output,,N54320,N54320,1,undetected,N54320,N54320,N54320,sa1,1
2304,N49783 /1 undetected,output,,N49783,N49783,1,undetected,N49783,N49783,N49783,sa1,1
2305,N6521 /1 undetected,output,,N6521,N6521,1,undetected,N6521,N6521,N6521,sa1,1
2306,N52742 /1 undetected,output,,N52742,N52742,1,undetected,N52742,N52742,N52742,sa1,1
2307,N51317 /1 undetected,output,,N51317,N51317,1,undetected,N51317,N51317,N51317,sa1,1
2308,N4241 /1 undetected,output,,N4241,N4241,1,undetected,N4241,N4241,N4241,sa1,1
2309,N4241 /0 undetected,output,,N4241,N4241,0,undetected,N4241,N4241,N4241,sa0,1
2310,N6520 /1 undetected,output,,N6520,N6520,1,undetected,N6520,N6520,N6520,sa1,1
2311,N54319 /1 undetected,output,,N54319,N54319,1,undetected,N54319,N54319,N54319,sa1,1
2312,N49983 /1 undetected,output,,N49983,N49983,1,undetected,N49983,N49983,N49983,sa1,1
2313,N6519 /1 undetected,output,,N6519,N6519,1,undetected,N6519,N6519,N6519,sa1,1
2314,N52739 /1 undetected,output,,N52739,N52739,1,undetected,N52739,N52739,N52739,sa1,1
2315,N51316 /1 undetected,output,,N51316,N51316,1,undetected,N51316,N51316,N51316,sa1,1
2316,N4240 /1 undetected,output,,N4240,N4240,1,undetected,N4240,N4240,N4240,sa1,1
2317,N4240 /0 undetected,output,,N4240,N4240,0,undetected,N4240,N4240,N4240,sa0,1
2318,N6518 /1 undetected,output,,N6518,N6518,1,undetected,N6518,N6518,N6518,sa1,1
2319,N54318 /1 undetected,output,,N54318,N54318,1,undetected,N54318,N54318,N54318,sa1,1
2320,N49936 /1 undetected,output,,N49936,N49936,1,undetected,N49936,N49936,N49936,sa1,1
2321,N6517 /1 undetected,output,,N6517,N6517,1,undetected,N6517,N6517,N6517,sa1,1
2322,N52736 /1 undetected,output,,N52736,N52736,1,undetected,N52736,N52736,N52736,sa1,1
2323,N51315 /1 undetected,output,,N51315,N51315,1,undetected,N51315,N51315,N51315,sa1,1
2324,N4239 /1 undetected,output,,N4239,N4239,1,undetected,N4239,N4239,N4239,sa1,1
2325,N4239 /0 undetected,output,,N4239,N4239,0,undetected,N4239,N4239,N4239,sa0,1
2326,N6516 /1 undetected,output,,N6516,N6516,1,undetected,N6516,N6516,N6516,sa1,1
2327,N54317 /1 undetected,output,,N54317,N54317,1,undetected,N54317,N54317,N54317,sa1,1
2328,N50607 /1 undetected,output,,N50607,N50607,1,undetected,N50607,N50607,N50607,sa1,1
2329,N6515 /1 undetected,output,,N6515,N6515,1,undetected,N6515,N6515,N6515,sa1,1
2330,N52733 /1 undetected,output,,N52733,N52733,1,undetected,N52733,N52733,N52733,sa1,1
2331,N51314 /1 undetected,output,,N51314,N51314,1,undetected,N51314,N51314,N51314,sa1,1
2332,N4238 /1 undetected,output,,N4238,N4238,1,undetected,N4238,N4238,N4238,sa1,1
2333,N4238 /0 undetected,output,,N4238,N4238,0,undetected,N4238,N4238,N4238,sa0,1
2334,N6514 /1 undetected,output,,N6514,N6514,1,undetected,N6514,N6514,N6514,sa1,1
2335,N54316 /1 undetected,output,,N54316,N54316,1,undetected,N54316,N54316,N54316,sa1,1
2336,N50556 /1 undetected,output,,N50556,N50556,1,undetected,N50556,N50556,N50556,sa1,1
2337,N6513 /1 undetected,output,,N6513,N6513,1,undetected,N6513,N6513,N6513,sa1,1
2338,N52730 /1 undetected,output,,N52730,N52730,1,undetected,N52730,N52730,N52730,sa1,1
2339,N51313 /1 undetected,output,,N51313,N51313,1,undetected,N51313,N51313,N51313,sa1,1
2340,N4237 /1 undetected,output,,N4237,N4237,1,undetected,N4237,N4237,N4237,sa1,1
2341,N4237 /0 undetected,output,,N4237,N4237,0,undetected,N4237,N4237,N4237,sa0,1
2342,N6571 /1 undetected,output,,N6571,N6571,1,undetected,N6571,N6571,N6571,sa1,1
2343,N54345 /1 undetected,output,,N54345,N54345,1,undetected,N54345,N54345,N54345,sa1,1
2344,N49536 /1 undetected,output,,N49536,N49536,1,undetected,N49536,N49536,N49536,sa1,1
2345,N6570 /1 undetected,output,,N6570,N6570,1,undetected,N6570,N6570,N6570,sa1,1
2346,N52821 /1 undetected,output,,N52821,N52821,1,undetected,N52821,N52821,N52821,sa1,1
2347,N51341 /1 undetected,output,,N51341,N51341,1,undetected,N51341,N51341,N51341,sa1,1
2348,N4236 /1 undetected,output,,N4236,N4236,1,undetected,N4236,N4236,N4236,sa1,1
2349,N4236 /0 undetected,output,,N4236,N4236,0,undetected,N4236,N4236,N4236,sa0,1
2350,N6569 /1 undetected,output,,N6569,N6569,1,undetected,N6569,N6569,N6569,sa1,1
2351,N54344 /1 undetected,output,,N54344,N54344,1,undetected,N54344,N54344,N54344,sa1,1
2352,N49595 /1 undetected,output,,N49595,N49595,1,undetected,N49595,N49595,N49595,sa1,1
2353,N6568 /1 undetected,output,,N6568,N6568,1,undetected,N6568,N6568,N6568,sa1,1
2354,N52818 /1 undetected,output,,N52818,N52818,1,undetected,N52818,N52818,N52818,sa1,1
2355,N51340 /1 undetected,output,,N51340,N51340,1,undetected,N51340,N51340,N51340,sa1,1
2356,N4235 /1 undetected,output,,N4235,N4235,1,undetected,N4235,N4235,N4235,sa1,1
2357,N4235 /0 undetected,output,,N4235,N4235,0,undetected,N4235,N4235,N4235,sa0,1
2358,N6567 /1 undetected,output,,N6567,N6567,1,undetected,N6567,N6567,N6567,sa1,1
2359,N54343 /1 undetected,output,,N54343,N54343,1,undetected,N54343,N54343,N54343,sa1,1
2360,N50034 /1 undetected,output,,N50034,N50034,1,undetected,N50034,N50034,N50034,sa1,1
2361,N6566 /1 undetected,output,,N6566,N6566,1,undetected,N6566,N6566,N6566,sa1,1
2362,N52815 /1 undetected,output,,N52815,N52815,1,undetected,N52815,N52815,N52815,sa1,1
2363,N51339 /1 undetected,output,,N51339,N51339,1,undetected,N51339,N51339,N51339,sa1,1
2364,N4234 /1 undetected,output,,N4234,N4234,1,undetected,N4234,N4234,N4234,sa1,1
2365,N4234 /0 undetected,output,,N4234,N4234,0,undetected,N4234,N4234,N4234,sa0,1
2366,N6565 /1 undetected,output,,N6565,N6565,1,undetected,N6565,N6565,N6565,sa1,1
2367,N54342 /1 undetected,output,,N54342,N54342,1,undetected,N54342,N54342,N54342,sa1,1
2368,N50407 /1 undetected,output,,N50407,N50407,1,undetected,N50407,N50407,N50407,sa1,1
2369,N6564 /1 undetected,output,,N6564,N6564,1,undetected,N6564,N6564,N6564,sa1,1
2370,N52812 /1 undetected,output,,N52812,N52812,1,undetected,N52812,N52812,N52812,sa1,1
2371,N51338 /1 undetected,output,,N51338,N51338,1,undetected,N51338,N51338,N51338,sa1,1
2372,N4233 /1 undetected,output,,N4233,N4233,1,undetected,N4233,N4233,N4233,sa1,1
2373,N4233 /0 undetected,output,,N4233,N4233,0,undetected,N4233,N4233,N4233,sa0,1
2374,N6563 /1 undetected,output,,N6563,N6563,1,undetected,N6563,N6563,N6563,sa1,1
2375,N54341 /1 undetected,output,,N54341,N54341,1,undetected,N54341,N54341,N54341,sa1,1
2376,N50360 /1 undetected,output,,N50360,N50360,1,undetected,N50360,N50360,N50360,sa1,1
2377,N6562 /1 undetected,output,,N6562,N6562,1,undetected,N6562,N6562,N6562,sa1,1
2378,N52809 /1 undetected,output,,N52809,N52809,1,undetected,N52809,N52809,N52809,sa1,1
2379,N51337 /1 undetected,output,,N51337,N51337,1,undetected,N51337,N51337,N51337,sa1,1
2380,N4232 /1 undetected,output,,N4232,N4232,1,undetected,N4232,N4232,N4232,sa1,1
2381,N4232 /0 undetected,output,,N4232,N4232,0,undetected,N4232,N4232,N4232,sa0,1
2382,N6561 /1 undetected,output,,N6561,N6561,1,undetected,N6561,N6561,N6561,sa1,1
2383,N54340 /1 undetected,output,,N54340,N54340,1,undetected,N54340,N54340,N54340,sa1,1
2384,N50136 /1 undetected,output,,N50136,N50136,1,undetected,N50136,N50136,N50136,sa1,1
2385,N6560 /1 undetected,output,,N6560,N6560,1,undetected,N6560,N6560,N6560,sa1,1
2386,N52806 /1 undetected,output,,N52806,N52806,1,undetected,N52806,N52806,N52806,sa1,1
2387,N51336 /1 undetected,output,,N51336,N51336,1,undetected,N51336,N51336,N51336,sa1,1
2388,N4231 /1 undetected,output,,N4231,N4231,1,undetected,N4231,N4231,N4231,sa1,1
2389,N4231 /0 undetected,output,,N4231,N4231,0,undetected,N4231,N4231,N4231,sa0,1
2390,N6559 /1 undetected,output,,N6559,N6559,1,undetected,N6559,N6559,N6559,sa1,1
2391,N54339 /1 undetected,output,,N54339,N54339,1,undetected,N54339,N54339,N54339,sa1,1
2392,N50085 /1 undetected,output,,N50085,N50085,1,undetected,N50085,N50085,N50085,sa1,1
2393,N6558 /1 undetected,output,,N6558,N6558,1,undetected,N6558,N6558,N6558,sa1,1
2394,N52803 /1 undetected,output,,N52803,N52803,1,undetected,N52803,N52803,N52803,sa1,1
2395,N51335 /1 undetected,output,,N51335,N51335,1,undetected,N51335,N51335,N51335,sa1,1
2396,N51320 /1 undetected,output,,N51320,N51320,1,undetected,N51320,N51320,N51320,sa1,1
2397,N54322 /1 undetected,output,,N54322,N54322,1,undetected,N54322,N54322,N54322,sa1,1
2398,N51319 /1 undetected,output,,N51319,N51319,1,undetected,N51319,N51319,N51319,sa1,1
2399,N946 /1 undetected,output,,N946,N946,1,undetected,N946,N946,N946,sa1,1
2400,N946 /0 undetected,output,,N946,N946,0,undetected,N946,N946,N946,sa0,1
2401,N3390 /1 undetected,output,,N3390,N3390,1,undetected,N3390,N3390,N3390,sa1,1
2402,N48184 /1 undetected,output,,N48184,N48184,1,undetected,N48184,N48184,N48184,sa1,1
2403,N46718 /1 undetected,output,,N46718,N46718,1,undetected,N46718,N46718,N46718,sa1,1
2404,N1726 /1 undetected,output,,N1726,N1726,1,undetected,N1726,N1726,N1726,sa1,1
2405,N45285 /1 undetected,output,,N45285,N45285,1,undetected,N45285,N45285,N45285,sa1,1
2406,N3389 /1 undetected,output,,N3389,N3389,1,undetected,N3389,N3389,N3389,sa1,1
2407,N46968 /1 undetected,output,,N46968,N46968,1,undetected,N46968,N46968,N46968,sa1,1
2408,N46129 /1 undetected,output,,N46129,N46129,1,undetected,N46129,N46129,N46129,sa1,1
2409,N914 /1 undetected,output,,N914,N914,1,undetected,N914,N914,N914,sa1,1
2410,N914 /0 undetected,output,,N914,N914,0,undetected,N914,N914,N914,sa0,1
2411,N3479 /1 undetected,output,,N3479,N3479,1,undetected,N3479,N3479,N3479,sa1,1
2412,N47000 /1 undetected,output,,N47000,N47000,1,undetected,N47000,N47000,N47000,sa1,1
2413,N46719 /1 undetected,output,,N46719,N46719,1,undetected,N46719,N46719,N46719,sa1,1
2414,N1750 /1 undetected,output,,N1750,N1750,1,undetected,N1750,N1750,N1750,sa1,1
2415,N3480 /1 undetected,output,,N3480,N3480,1,undetected,N3480,N3480,N3480,sa1,1
2416,N48296 /1 undetected,output,,N48296,N48296,1,undetected,N48296,N48296,N48296,sa1,1
2417,N43490 /1 undetected,output,,N43490,N43490,1,undetected,N43490,N43490,N43490,sa1,1
2418,N3478 /1 undetected,output,,N3478,N3478,1,undetected,N3478,N3478,N3478,sa1,1
2419,N48216 /1 undetected,output,,N48216,N48216,1,undetected,N48216,N48216,N48216,sa1,1
2420,N46130 /1 undetected,output,,N46130,N46130,1,undetected,N46130,N46130,N46130,sa1,1
2421,test_en->__tpi_cp_83_N22960 /0 undetected,input_edge,test_en,__tpi_cp_83_N22960,__tpi_cp_83_N22960,0,undetected,__tpi_cp_83_N22960,__tpi_cp_83_N22960,__tpi_cp_83_N22960,sa0,1
2422,test_en->__tpi_cp_108_N22959 /0 undetected,input_edge,test_en,__tpi_cp_108_N22959,__tpi_cp_108_N22959,0,undetected,__tpi_cp_108_N22959,__tpi_cp_108_N22959,__tpi_cp_108_N22959,sa0,1
2423,test_en->__tpi_cp_168_N58022 /0 undetected,input_edge,test_en,__tpi_cp_168_N58022,__tpi_cp_168_N58022,0,undetected,__tpi_cp_168_N58022,__tpi_cp_168_N58022,__tpi_cp_168_N58022,sa0,1
2424,test_en->__tpi_cp_171_N58019 /0 undetected,input_edge,test_en,__tpi_cp_171_N58019,__tpi_cp_171_N58019,0,undetected,__tpi_cp_171_N58019,__tpi_cp_171_N58019,__tpi_cp_171_N58019,sa0,1
2425,test_en->__tpi_cp_114_N12590 /0 undetected,input_edge,test_en,__tpi_cp_114_N12590,__tpi_cp_114_N12590,0,undetected,__tpi_cp_114_N12590,__tpi_cp_114_N12590,__tpi_cp_114_N12590,sa0,1
2426,test_en->__tpi_cp_197_N58025 /0 undetected,input_edge,test_en,__tpi_cp_197_N58025,__tpi_cp_197_N58025,0,undetected,__tpi_cp_197_N58025,__tpi_cp_197_N58025,__tpi_cp_197_N58025,sa0,1
2427,test_en->__tpi_cp_196_N58023 /0 undetected,input_edge,test_en,__tpi_cp_196_N58023,__tpi_cp_196_N58023,0,undetected,__tpi_cp_196_N58023,__tpi_cp_196_N58023,__tpi_cp_196_N58023,sa0,1
2428,test_en->__tpi_cp_84_N12591 /0 undetected,input_edge,test_en,__tpi_cp_84_N12591,__tpi_cp_84_N12591,0,undetected,__tpi_cp_84_N12591,__tpi_cp_84_N12591,__tpi_cp_84_N12591,sa0,1
2429,test_en->__tpi_cp_130_N58027 /0 undetected,input_edge,test_en,__tpi_cp_130_N58027,__tpi_cp_130_N58027,0,undetected,__tpi_cp_130_N58027,__tpi_cp_130_N58027,__tpi_cp_130_N58027,sa0,1
2430,test_en->__tpi_cp_263___buf_split_13685 /0 undetected,input_edge,test_en,__tpi_cp_263___buf_split_13685,__tpi_cp_263___buf_split_13685,0,undetected,__tpi_cp_263___buf_split_13685,__tpi_cp_263___buf_split_13685,__tpi_cp_263___buf_split_13685,sa0,1
2431,test_en->__tpi_cp_110_N22962 /0 undetected,input_edge,test_en,__tpi_cp_110_N22962,__tpi_cp_110_N22962,0,undetected,__tpi_cp_110_N22962,__tpi_cp_110_N22962,__tpi_cp_110_N22962,sa0,1
2432,test_en->__tpi_cp_198_N58029 /0 undetected,input_edge,test_en,__tpi_cp_198_N58029,__tpi_cp_198_N58029,0,undetected,__tpi_cp_198_N58029,__tpi_cp_198_N58029,__tpi_cp_198_N58029,sa0,1
2433,test_en->__tpi_cp_111_N22961 /0 undetected,input_edge,test_en,__tpi_cp_111_N22961,__tpi_cp_111_N22961,0,undetected,__tpi_cp_111_N22961,__tpi_cp_111_N22961,__tpi_cp_111_N22961,sa0,1
2434,test_en->__tpi_cp_215_N32453 /0 undetected,input_edge,test_en,__tpi_cp_215_N32453,__tpi_cp_215_N32453,0,undetected,__tpi_cp_215_N32453,__tpi_cp_215_N32453,__tpi_cp_215_N32453,sa0,1
2435,N14492 /0 undetected,output,,N14492,N14492,0,undetected,N14492,N14492,N14492,sa0,1
2436,N15987 /1 undetected,output,,N15987,N15987,1,undetected,N15987,N15987,N15987,sa1,1
2437,N15901 /1 undetected,output,,N15901,N15901,1,undetected,N15901,N15901,N15901,sa1,1
2438,N15986 /1 undetected,output,,N15986,N15986,1,undetected,N15986,N15986,N15986,sa1,1
2439,N15902 /1 undetected,output,,N15902,N15902,1,undetected,N15902,N15902,N15902,sa1,1
2440,N15983 /1 undetected,output,,N15983,N15983,1,undetected,N15983,N15983,N15983,sa1,1
2441,N15905 /1 undetected,output,,N15905,N15905,1,undetected,N15905,N15905,N15905,sa1,1
2442,N15981 /1 undetected,output,,N15981,N15981,1,undetected,N15981,N15981,N15981,sa1,1
2443,N15906 /1 undetected,output,,N15906,N15906,1,undetected,N15906,N15906,N15906,sa1,1
2444,N14426 /1 undetected,output,,N14426,N14426,1,undetected,N14426,N14426,N14426,sa1,1
2445,N58892 /1 undetected,output,,N58892,N58892,1,undetected,N58892,N58892,N58892,sa1,1
2446,N15994 /1 undetected,output,,N15994,N15994,1,undetected,N15994,N15994,N15994,sa1,1
2447,N15033 /1 undetected,output,,N15033,N15033,1,undetected,N15033,N15033,N15033,sa1,1
2448,N50693 /1 undetected,output,,N50693,N50693,1,undetected,N50693,N50693,N50693,sa1,1
2449,N8891 /1 undetected,output,,N8891,N8891,1,undetected,N8891,N8891,N8891,sa1,1
2450,N4199 /1 undetected,output,,N4199,N4199,1,undetected,N4199,N4199,N4199,sa1,1
2451,N6631 /1 undetected,output,,N6631,N6631,1,undetected,N6631,N6631,N6631,sa1,1
2452,N54166 /1 undetected,output,,N54166,N54166,1,undetected,N54166,N54166,N54166,sa1,1
2453,N50035 /1 undetected,output,,N50035,N50035,1,undetected,N50035,N50035,N50035,sa1,1
2454,N6630 /1 undetected,output,,N6630,N6630,1,undetected,N6630,N6630,N6630,sa1,1
2455,N53063 /1 undetected,output,,N53063,N53063,1,undetected,N53063,N53063,N53063,sa1,1
2456,N52246 /1 undetected,output,,N52246,N52246,1,undetected,N52246,N52246,N52246,sa1,1
2457,N4198 /1 undetected,output,,N4198,N4198,1,undetected,N4198,N4198,N4198,sa1,1
2458,N54165 /1 undetected,output,,N54165,N54165,1,undetected,N54165,N54165,N54165,sa1,1
2459,N50408 /1 undetected,output,,N50408,N50408,1,undetected,N50408,N50408,N50408,sa1,1
2460,N6628 /1 undetected,output,,N6628,N6628,1,undetected,N6628,N6628,N6628,sa1,1
2461,N53062 /1 undetected,output,,N53062,N53062,1,undetected,N53062,N53062,N53062,sa1,1
2462,N52313 /1 undetected,output,,N52313,N52313,1,undetected,N52313,N52313,N52313,sa1,1
2463,N4197 /1 undetected,output,,N4197,N4197,1,undetected,N4197,N4197,N4197,sa1,1
2464,N54164 /1 undetected,output,,N54164,N54164,1,undetected,N54164,N54164,N54164,sa1,1
2465,N50361 /1 undetected,output,,N50361,N50361,1,undetected,N50361,N50361,N50361,sa1,1
2466,N6626 /1 undetected,output,,N6626,N6626,1,undetected,N6626,N6626,N6626,sa1,1
2467,N53061 /1 undetected,output,,N53061,N53061,1,undetected,N53061,N53061,N53061,sa1,1
2468,N52379 /1 undetected,output,,N52379,N52379,1,undetected,N52379,N52379,N52379,sa1,1
2469,N54163 /1 undetected,output,,N54163,N54163,1,undetected,N54163,N54163,N54163,sa1,1
2470,N6624 /1 undetected,output,,N6624,N6624,1,undetected,N6624,N6624,N6624,sa1,1
2471,N52440 /1 undetected,output,,N52440,N52440,1,undetected,N52440,N52440,N52440,sa1,1
2472,N4167 /1 undetected,output,,N4167,N4167,1,undetected,N4167,N4167,N4167,sa1,1
2473,N4167 /0 undetected,output,,N4167,N4167,0,undetected,N4167,N4167,N4167,sa0,1
2474,N21476 /1 undetected,output,,N21476,N21476,1,undetected,N21476,N21476,N21476,sa1,1
2475,N6721 /1 undetected,output,,N6721,N6721,1,undetected,N6721,N6721,N6721,sa1,1
2476,N54280 /1 undetected,output,,N54280,N54280,1,undetected,N54280,N54280,N54280,sa1,1
2477,N49597 /1 undetected,output,,N49597,N49597,1,undetected,N49597,N49597,N49597,sa1,1
2478,N6720 /1 undetected,output,,N6720,N6720,1,undetected,N6720,N6720,N6720,sa1,1
2479,N53095 /1 undetected,output,,N53095,N53095,1,undetected,N53095,N53095,N53095,sa1,1
2480,N50037 /1 undetected,output,,N50037,N50037,1,undetected,N50037,N50037,N50037,sa1,1
2481,N6719 /1 undetected,output,,N6719,N6719,1,undetected,N6719,N6719,N6719,sa1,1
2482,N54198 /1 undetected,output,,N54198,N54198,1,undetected,N54198,N54198,N54198,sa1,1
2483,N52247 /1 undetected,output,,N52247,N52247,1,undetected,N52247,N52247,N52247,sa1,1
2484,N4166 /0 undetected,output,,N4166,N4166,0,undetected,N4166,N4166,N4166,sa0,1
2485,N21474 /1 undetected,output,,N21474,N21474,1,undetected,N21474,N21474,N21474,sa1,1
2486,N6718 /1 undetected,output,,N6718,N6718,1,undetected,N6718,N6718,N6718,sa1,1
2487,N50036 /1 undetected,output,,N50036,N50036,1,undetected,N50036,N50036,N50036,sa1,1
2488,N6717 /1 undetected,output,,N6717,N6717,1,undetected,N6717,N6717,N6717,sa1,1
2489,N50410 /1 undetected,output,,N50410,N50410,1,undetected,N50410,N50410,N50410,sa1,1
2490,N6716 /1 undetected,output,,N6716,N6716,1,undetected,N6716,N6716,N6716,sa1,1
2491,N54197 /1 undetected,output,,N54197,N54197,1,undetected,N54197,N54197,N54197,sa1,1
2492,N4165 /1 undetected,output,,N4165,N4165,1,undetected,N4165,N4165,N4165,sa1,1
2493,N4165 /0 undetected,output,,N4165,N4165,0,undetected,N4165,N4165,N4165,sa0,1
2494,N21472 /1 undetected,output,,N21472,N21472,1,undetected,N21472,N21472,N21472,sa1,1
2495,N6715 /1 undetected,output,,N6715,N6715,1,undetected,N6715,N6715,N6715,sa1,1
2496,N54278 /1 undetected,output,,N54278,N54278,1,undetected,N54278,N54278,N54278,sa1,1
2497,N50409 /1 undetected,output,,N50409,N50409,1,undetected,N50409,N50409,N50409,sa1,1
2498,N6714 /1 undetected,output,,N6714,N6714,1,undetected,N6714,N6714,N6714,sa1,1
2499,N53093 /1 undetected,output,,N53093,N53093,1,undetected,N53093,N53093,N53093,sa1,1
2500,N50363 /1 undetected,output,,N50363,N50363,1,undetected,N50363,N50363,N50363,sa1,1
2501,N6713 /1 undetected,output,,N6713,N6713,1,undetected,N6713,N6713,N6713,sa1,1
2502,N54196 /1 undetected,output,,N54196,N54196,1,undetected,N54196,N54196,N54196,sa1,1
2503,N52380 /1 undetected,output,,N52380,N52380,1,undetected,N52380,N52380,N52380,sa1,1
2504,N21470 /1 undetected,output,,N21470,N21470,1,undetected,N21470,N21470,N21470,sa1,1
2505,N6712 /1 undetected,output,,N6712,N6712,1,undetected,N6712,N6712,N6712,sa1,1
2506,N50362 /1 undetected,output,,N50362,N50362,1,undetected,N50362,N50362,N50362,sa1,1
2507,N6711 /1 undetected,output,,N6711,N6711,1,undetected,N6711,N6711,N6711,sa1,1
2508,N50139 /1 undetected,output,,N50139,N50139,1,undetected,N50139,N50139,N50139,sa1,1
2509,N54195 /1 undetected,output,,N54195,N54195,1,undetected,N54195,N54195,N54195,sa1,1
2510,N14900 /1 undetected,output,,N14900,N14900,1,undetected,N14900,N14900,N14900,sa1,1
2511,N14900 /0 undetected,output,,N14900,N14900,0,undetected,N14900,N14900,N14900,sa0,1
2512,N15036 /1 undetected,output,,N15036,N15036,1,undetected,N15036,N15036,N15036,sa1,1
2513,N59333 /1 undetected,output,,N59333,N59333,1,undetected,N59333,N59333,N59333,sa1,1
2514,N50766 /1 undetected,output,,N50766,N50766,1,undetected,N50766,N50766,N50766,sa1,1
2515,N15035 /1 undetected,output,,N15035,N15035,1,undetected,N15035,N15035,N15035,sa1,1
2516,N50768 /1 undetected,output,,N50768,N50768,1,undetected,N50768,N50768,N50768,sa1,1
2517,N14942 /1 undetected,output,,N14942,N14942,1,undetected,N14942,N14942,N14942,sa1,1
2518,N12817 /1 undetected,output,,N12817,N12817,1,undetected,N12817,N12817,N12817,sa1,1
2519,N12817 /0 undetected,output,,N12817,N12817,0,undetected,N12817,N12817,N12817,sa0,1
2520,N44660 /1 undetected,output,,N44660,N44660,1,undetected,N44660,N44660,N44660,sa1,1
2521,N12749 /1 undetected,output,,N12749,N12749,1,undetected,N12749,N12749,N12749,sa1,1
2522,N53022 /1 undetected,output,,N53022,N53022,1,undetected,N53022,N53022,N53022,sa1,1
2523,N59294 /1 undetected,output,,N59294,N59294,1,undetected,N59294,N59294,N59294,sa1,1
2524,N14427 /1 undetected,output,,N14427,N14427,1,undetected,N14427,N14427,N14427,sa1,1
2525,N10299 /1 undetected,output,,N10299,N10299,1,undetected,N10299,N10299,N10299,sa1,1
2526,N10299 /0 undetected,output,,N10299,N10299,0,undetected,N10299,N10299,N10299,sa0,1
2527,N10454 /1 undetected,output,,N10454,N10454,1,undetected,N10454,N10454,N10454,sa1,1
2528,N56412 /1 undetected,output,,N56412,N56412,1,undetected,N56412,N56412,N56412,sa1,1
2529,N46145 /1 undetected,output,,N46145,N46145,1,undetected,N46145,N46145,N46145,sa1,1
2530,N10453 /1 undetected,output,,N10453,N10453,1,undetected,N10453,N10453,N10453,sa1,1
2531,N46079 /1 undetected,output,,N46079,N46079,1,undetected,N46079,N46079,N46079,sa1,1
2532,N10354 /1 undetected,output,,N10354,N10354,1,undetected,N10354,N10354,N10354,sa1,1
2533,N8957 /1 undetected,output,,N8957,N8957,1,undetected,N8957,N8957,N8957,sa1,1
2534,N55541 /1 undetected,output,,N55541,N55541,1,undetected,N55541,N55541,N55541,sa1,1
2535,N10298 /1 undetected,output,,N10298,N10298,1,undetected,N10298,N10298,N10298,sa1,1
2536,N10298 /0 undetected,output,,N10298,N10298,0,undetected,N10298,N10298,N10298,sa0,1
2537,N56447 /1 undetected,output,,N56447,N56447,1,undetected,N56447,N56447,N56447,sa1,1
2538,N22822 /1 undetected,output,,N22822,N22822,1,undetected,N22822,N22822,N22822,sa1,1
2539,N56449 /1 undetected,output,,N56449,N56449,1,undetected,N56449,N56449,N56449,sa1,1
2540,N22821 /1 undetected,output,,N22821,N22821,1,undetected,N22821,N22821,N22821,sa1,1
2541,N10434 /1 undetected,output,,N10434,N10434,1,undetected,N10434,N10434,N10434,sa1,1
2542,N43845 /1 undetected,output,,N43845,N43845,1,undetected,N43845,N43845,N43845,sa1,1
2543,N10348 /1 undetected,output,,N10348,N10348,1,undetected,N10348,N10348,N10348,sa1,1
2544,N10433 /1 undetected,output,,N10433,N10433,1,undetected,N10433,N10433,N10433,sa1,1
2545,N43893 /1 undetected,output,,N43893,N43893,1,undetected,N43893,N43893,N43893,sa1,1
2546,N10329 /1 undetected,output,,N10329,N10329,1,undetected,N10329,N10329,N10329,sa1,1
2547,N15794 /1 undetected,output,,N15794,N15794,1,undetected,N15794,N15794,N15794,sa1,1
2548,N15794 /0 undetected,output,,N15794,N15794,0,undetected,N15794,N15794,N15794,sa0,1
2549,N8947 /1 undetected,output,,N8947,N8947,1,undetected,N8947,N8947,N8947,sa1,1
2550,N8947 /0 undetected,output,,N8947,N8947,0,undetected,N8947,N8947,N8947,sa0,1
2551,N4678 /1 undetected,output,,N4678,N4678,1,undetected,N4678,N4678,N4678,sa1,1
2552,N4678 /0 undetected,output,,N4678,N4678,0,undetected,N4678,N4678,N4678,sa0,1
2553,N7330 /1 undetected,output,,N7330,N7330,1,undetected,N7330,N7330,N7330,sa1,1
2554,N53030 /1 undetected,output,,N53030,N53030,1,undetected,N53030,N53030,N53030,sa1,1
2555,N50289 /1 undetected,output,,N50289,N50289,1,undetected,N50289,N50289,N50289,sa1,1
2556,N7329 /1 undetected,output,,N7329,N7329,1,undetected,N7329,N7329,N7329,sa1,1
2557,N59302 /1 undetected,output,,N59302,N59302,1,undetected,N59302,N59302,N59302,sa1,1
2558,N50288 /1 undetected,output,,N50288,N50288,1,undetected,N50288,N50288,N50288,sa1,1
2559,N4677 /0 undetected,output,,N4677,N4677,0,undetected,N4677,N4677,N4677,sa0,1
2560,N7328 /1 undetected,output,,N7328,N7328,1,undetected,N7328,N7328,N7328,sa1,1
2561,N53029 /1 undetected,output,,N53029,N53029,1,undetected,N53029,N53029,N53029,sa1,1
2562,N7327 /1 undetected,output,,N7327,N7327,1,undetected,N7327,N7327,N7327,sa1,1
2563,N59301 /1 undetected,output,,N59301,N59301,1,undetected,N59301,N59301,N59301,sa1,1
2564,N49542 /1 undetected,output,,N49542,N49542,1,undetected,N49542,N49542,N49542,sa1,1
2565,N4676 /0 undetected,output,,N4676,N4676,0,undetected,N4676,N4676,N4676,sa0,1
2566,N7326 /1 undetected,output,,N7326,N7326,1,undetected,N7326,N7326,N7326,sa1,1
2567,N53028 /1 undetected,output,,N53028,N53028,1,undetected,N53028,N53028,N53028,sa1,1
2568,N7325 /1 undetected,output,,N7325,N7325,1,undetected,N7325,N7325,N7325,sa1,1
2569,N59300 /1 undetected,output,,N59300,N59300,1,undetected,N59300,N59300,N59300,sa1,1
2570,N49601 /1 undetected,output,,N49601,N49601,1,undetected,N49601,N49601,N49601,sa1,1
2571,N4675 /0 undetected,output,,N4675,N4675,0,undetected,N4675,N4675,N4675,sa0,1
2572,N7324 /1 undetected,output,,N7324,N7324,1,undetected,N7324,N7324,N7324,sa1,1
2573,N53027 /1 undetected,output,,N53027,N53027,1,undetected,N53027,N53027,N53027,sa1,1
2574,N7323 /1 undetected,output,,N7323,N7323,1,undetected,N7323,N7323,N7323,sa1,1
2575,N59299 /1 undetected,output,,N59299,N59299,1,undetected,N59299,N59299,N59299,sa1,1
2576,N50040 /1 undetected,output,,N50040,N50040,1,undetected,N50040,N50040,N50040,sa1,1
2577,N7322 /1 undetected,output,,N7322,N7322,1,undetected,N7322,N7322,N7322,sa1,1
2578,N53026 /1 undetected,output,,N53026,N53026,1,undetected,N53026,N53026,N53026,sa1,1
2579,N59298 /1 undetected,output,,N59298,N59298,1,undetected,N59298,N59298,N59298,sa1,1
2580,N50413 /1 undetected,output,,N50413,N50413,1,undetected,N50413,N50413,N50413,sa1,1
2581,N7320 /1 undetected,output,,N7320,N7320,1,undetected,N7320,N7320,N7320,sa1,1
2582,N53025 /1 undetected,output,,N53025,N53025,1,undetected,N53025,N53025,N53025,sa1,1
2583,N59297 /1 undetected,output,,N59297,N59297,1,undetected,N59297,N59297,N59297,sa1,1
2584,N50366 /1 undetected,output,,N50366,N50366,1,undetected,N50366,N50366,N50366,sa1,1
2585,N53024 /1 undetected,output,,N53024,N53024,1,undetected,N53024,N53024,N53024,sa1,1
2586,N59296 /1 undetected,output,,N59296,N59296,1,undetected,N59296,N59296,N59296,sa1,1
2587,N50142 /1 undetected,output,,N50142,N50142,1,undetected,N50142,N50142,N50142,sa1,1
2588,N53023 /1 undetected,output,,N53023,N53023,1,undetected,N53023,N53023,N53023,sa1,1
2589,N59295 /1 undetected,output,,N59295,N59295,1,undetected,N59295,N59295,N59295,sa1,1
2590,N50091 /1 undetected,output,,N50091,N50091,1,undetected,N50091,N50091,N50091,sa1,1
2591,N4667 /1 undetected,output,,N4667,N4667,1,undetected,N4667,N4667,N4667,sa1,1
2592,N4667 /0 undetected,output,,N4667,N4667,0,undetected,N4667,N4667,N4667,sa0,1
2593,N7307 /1 undetected,output,,N7307,N7307,1,undetected,N7307,N7307,N7307,sa1,1
2594,N53019 /1 undetected,output,,N53019,N53019,1,undetected,N53019,N53019,N53019,sa1,1
2595,N50324 /1 undetected,output,,N50324,N50324,1,undetected,N50324,N50324,N50324,sa1,1
2596,N7306 /1 undetected,output,,N7306,N7306,1,undetected,N7306,N7306,N7306,sa1,1
2597,N59291 /1 undetected,output,,N59291,N59291,1,undetected,N59291,N59291,N59291,sa1,1
2598,N50323 /1 undetected,output,,N50323,N50323,1,undetected,N50323,N50323,N50323,sa1,1
2599,N4656 /1 undetected,output,,N4656,N4656,1,undetected,N4656,N4656,N4656,sa1,1
2600,N4656 /0 undetected,output,,N4656,N4656,0,undetected,N4656,N4656,N4656,sa0,1
2601,N7284 /1 undetected,output,,N7284,N7284,1,undetected,N7284,N7284,N7284,sa1,1
2602,N53008 /1 undetected,output,,N53008,N53008,1,undetected,N53008,N53008,N53008,sa1,1
2603,N49845 /1 undetected,output,,N49845,N49845,1,undetected,N49845,N49845,N49845,sa1,1
2604,N7283 /1 undetected,output,,N7283,N7283,1,undetected,N7283,N7283,N7283,sa1,1
2605,N59280 /1 undetected,output,,N59280,N59280,1,undetected,N59280,N59280,N59280,sa1,1
2606,N49844 /1 undetected,output,,N49844,N49844,1,undetected,N49844,N49844,N49844,sa1,1
2607,N7281 /1 undetected,output,,N7281,N7281,1,undetected,N7281,N7281,N7281,sa1,1
2608,N53006 /1 undetected,output,,N53006,N53006,1,undetected,N53006,N53006,N53006,sa1,1
2609,N7279 /1 undetected,output,,N7279,N7279,1,undetected,N7279,N7279,N7279,sa1,1
2610,N49422 /1 undetected,output,,N49422,N49422,1,undetected,N49422,N49422,N49422,sa1,1
2611,N15101 /1 undetected,output,,N15101,N15101,1,undetected,N15101,N15101,N15101,sa1,1
2612,N15103 /1 undetected,output,,N15103,N15103,1,undetected,N15103,N15103,N15103,sa1,1
2613,N59365 /1 undetected,output,,N59365,N59365,1,undetected,N59365,N59365,N59365,sa1,1
2614,N49313 /1 undetected,output,,N49313,N49313,1,undetected,N49313,N49313,N49313,sa1,1
2615,N4653 /1 undetected,output,,N4653,N4653,1,undetected,N4653,N4653,N4653,sa1,1
2616,N4653 /0 undetected,output,,N4653,N4653,0,undetected,N4653,N4653,N4653,sa0,1
2617,N7278 /1 undetected,output,,N7278,N7278,1,undetected,N7278,N7278,N7278,sa1,1
2618,N53005 /1 undetected,output,,N53005,N53005,1,undetected,N53005,N53005,N53005,sa1,1
2619,N49645 /1 undetected,output,,N49645,N49645,1,undetected,N49645,N49645,N49645,sa1,1
2620,N7277 /1 undetected,output,,N7277,N7277,1,undetected,N7277,N7277,N7277,sa1,1
2621,N59277 /1 undetected,output,,N59277,N59277,1,undetected,N59277,N59277,N59277,sa1,1
2622,N49644 /1 undetected,output,,N49644,N49644,1,undetected,N49644,N49644,N49644,sa1,1
2623,N4652 /1 undetected,output,,N4652,N4652,1,undetected,N4652,N4652,N4652,sa1,1
2624,N4652 /0 undetected,output,,N4652,N4652,0,undetected,N4652,N4652,N4652,sa0,1
2625,N7276 /1 undetected,output,,N7276,N7276,1,undetected,N7276,N7276,N7276,sa1,1
2626,N53004 /1 undetected,output,,N53004,N53004,1,undetected,N53004,N53004,N53004,sa1,1
2627,N49437 /1 undetected,output,,N49437,N49437,1,undetected,N49437,N49437,N49437,sa1,1
2628,N7275 /1 undetected,output,,N7275,N7275,1,undetected,N7275,N7275,N7275,sa1,1
2629,N59276 /1 undetected,output,,N59276,N59276,1,undetected,N59276,N59276,N59276,sa1,1
2630,N49436 /1 undetected,output,,N49436,N49436,1,undetected,N49436,N49436,N49436,sa1,1
2631,N4651 /1 undetected,output,,N4651,N4651,1,undetected,N4651,N4651,N4651,sa1,1
2632,N4651 /0 undetected,output,,N4651,N4651,0,undetected,N4651,N4651,N4651,sa0,1
2633,N7274 /1 undetected,output,,N7274,N7274,1,undetected,N7274,N7274,N7274,sa1,1
2634,N53003 /1 undetected,output,,N53003,N53003,1,undetected,N53003,N53003,N53003,sa1,1
2635,N49790 /1 undetected,output,,N49790,N49790,1,undetected,N49790,N49790,N49790,sa1,1
2636,N7273 /1 undetected,output,,N7273,N7273,1,undetected,N7273,N7273,N7273,sa1,1
2637,N59275 /1 undetected,output,,N59275,N59275,1,undetected,N59275,N59275,N59275,sa1,1
2638,N49789 /1 undetected,output,,N49789,N49789,1,undetected,N49789,N49789,N49789,sa1,1
2639,N4650 /1 undetected,output,,N4650,N4650,1,undetected,N4650,N4650,N4650,sa1,1
2640,N4650 /0 undetected,output,,N4650,N4650,0,undetected,N4650,N4650,N4650,sa0,1
2641,N7272 /1 undetected,output,,N7272,N7272,1,undetected,N7272,N7272,N7272,sa1,1
2642,N53002 /1 undetected,output,,N53002,N53002,1,undetected,N53002,N53002,N53002,sa1,1
2643,N49990 /1 undetected,output,,N49990,N49990,1,undetected,N49990,N49990,N49990,sa1,1
2644,N7271 /1 undetected,output,,N7271,N7271,1,undetected,N7271,N7271,N7271,sa1,1
2645,N59274 /1 undetected,output,,N59274,N59274,1,undetected,N59274,N59274,N59274,sa1,1
2646,N49989 /1 undetected,output,,N49989,N49989,1,undetected,N49989,N49989,N49989,sa1,1
2647,N4649 /1 undetected,output,,N4649,N4649,1,undetected,N4649,N4649,N4649,sa1,1
2648,N4649 /0 undetected,output,,N4649,N4649,0,undetected,N4649,N4649,N4649,sa0,1
2649,N7270 /1 undetected,output,,N7270,N7270,1,undetected,N7270,N7270,N7270,sa1,1
2650,N53001 /1 undetected,output,,N53001,N53001,1,undetected,N53001,N53001,N53001,sa1,1
2651,N49943 /1 undetected,output,,N49943,N49943,1,undetected,N49943,N49943,N49943,sa1,1
2652,N7269 /1 undetected,output,,N7269,N7269,1,undetected,N7269,N7269,N7269,sa1,1
2653,N59273 /1 undetected,output,,N59273,N59273,1,undetected,N59273,N59273,N59273,sa1,1
2654,N49942 /1 undetected,output,,N49942,N49942,1,undetected,N49942,N49942,N49942,sa1,1
2655,N4648 /1 undetected,output,,N4648,N4648,1,undetected,N4648,N4648,N4648,sa1,1
2656,N4648 /0 undetected,output,,N4648,N4648,0,undetected,N4648,N4648,N4648,sa0,1
2657,N7268 /1 undetected,output,,N7268,N7268,1,undetected,N7268,N7268,N7268,sa1,1
2658,N53000 /1 undetected,output,,N53000,N53000,1,undetected,N53000,N53000,N53000,sa1,1
2659,N50614 /1 undetected,output,,N50614,N50614,1,undetected,N50614,N50614,N50614,sa1,1
2660,N7267 /1 undetected,output,,N7267,N7267,1,undetected,N7267,N7267,N7267,sa1,1
2661,N59272 /1 undetected,output,,N59272,N59272,1,undetected,N59272,N59272,N59272,sa1,1
2662,N50613 /1 undetected,output,,N50613,N50613,1,undetected,N50613,N50613,N50613,sa1,1
2663,N4647 /1 undetected,output,,N4647,N4647,1,undetected,N4647,N4647,N4647,sa1,1
2664,N4647 /0 undetected,output,,N4647,N4647,0,undetected,N4647,N4647,N4647,sa0,1
2665,N7266 /1 undetected,output,,N7266,N7266,1,undetected,N7266,N7266,N7266,sa1,1
2666,N52999 /1 undetected,output,,N52999,N52999,1,undetected,N52999,N52999,N52999,sa1,1
2667,N50563 /1 undetected,output,,N50563,N50563,1,undetected,N50563,N50563,N50563,sa1,1
2668,N7265 /1 undetected,output,,N7265,N7265,1,undetected,N7265,N7265,N7265,sa1,1
2669,N59271 /1 undetected,output,,N59271,N59271,1,undetected,N59271,N59271,N59271,sa1,1
2670,N50562 /1 undetected,output,,N50562,N50562,1,undetected,N50562,N50562,N50562,sa1,1
2671,N46934 /1 undetected,output,,N46934,N46934,1,undetected,N46934,N46934,N46934,sa1,1
2672,N56483 /1 undetected,output,,N56483,N56483,1,undetected,N56483,N56483,N56483,sa1,1
2673,test_en->__tpi_cp_264_N12636 /0 undetected,input_edge,test_en,__tpi_cp_264_N12636,__tpi_cp_264_N12636,0,undetected,__tpi_cp_264_N12636,__tpi_cp_264_N12636,__tpi_cp_264_N12636,sa0,1
2674,test_en->__tpi_cp_220_N32450 /0 undetected,input_edge,test_en,__tpi_cp_220_N32450,__tpi_cp_220_N32450,0,undetected,__tpi_cp_220_N32450,__tpi_cp_220_N32450,__tpi_cp_220_N32450,sa0,1
2675,N40972 /1 undetected,output,,N40972,N40972,1,undetected,N40972,N40972,N40972,sa1,1
2676,N15040 /1 undetected,output,,N15040,N15040,1,undetected,N15040,N15040,N15040,sa1,1
2677,N50705 /1 undetected,output,,N50705,N50705,1,undetected,N50705,N50705,N50705,sa1,1
2678,N948 /1 undetected,output,,N948,N948,1,undetected,N948,N948,N948,sa1,1
2679,N948 /0 undetected,output,,N948,N948,0,undetected,N948,N948,N948,sa0,1
2680,N3394 /1 undetected,output,,N3394,N3394,1,undetected,N3394,N3394,N3394,sa1,1
2681,N48186 /1 undetected,output,,N48186,N48186,1,undetected,N48186,N48186,N48186,sa1,1
2682,N46726 /1 undetected,output,,N46726,N46726,1,undetected,N46726,N46726,N46726,sa1,1
2683,N1728 /1 undetected,output,,N1728,N1728,1,undetected,N1728,N1728,N1728,sa1,1
2684,N45287 /1 undetected,output,,N45287,N45287,1,undetected,N45287,N45287,N45287,sa1,1
2685,N3393 /1 undetected,output,,N3393,N3393,1,undetected,N3393,N3393,N3393,sa1,1
2686,N46970 /1 undetected,output,,N46970,N46970,1,undetected,N46970,N46970,N46970,sa1,1
2687,N46001 /1 undetected,output,,N46001,N46001,1,undetected,N46001,N46001,N46001,sa1,1
2688,N947 /1 undetected,output,,N947,N947,1,undetected,N947,N947,N947,sa1,1
2689,N947 /0 undetected,output,,N947,N947,0,undetected,N947,N947,N947,sa0,1
2690,N3392 /1 undetected,output,,N3392,N3392,1,undetected,N3392,N3392,N3392,sa1,1
2691,N48185 /1 undetected,output,,N48185,N48185,1,undetected,N48185,N48185,N48185,sa1,1
2692,N46722 /1 undetected,output,,N46722,N46722,1,undetected,N46722,N46722,N46722,sa1,1
2693,N1727 /1 undetected,output,,N1727,N1727,1,undetected,N1727,N1727,N1727,sa1,1
2694,N45286 /1 undetected,output,,N45286,N45286,1,undetected,N45286,N45286,N45286,sa1,1
2695,N3391 /1 undetected,output,,N3391,N3391,1,undetected,N3391,N3391,N3391,sa1,1
2696,N46969 /1 undetected,output,,N46969,N46969,1,undetected,N46969,N46969,N46969,sa1,1
2697,N46063 /1 undetected,output,,N46063,N46063,1,undetected,N46063,N46063,N46063,sa1,1
2698,N916 /1 undetected,output,,N916,N916,1,undetected,N916,N916,N916,sa1,1
2699,N916 /0 undetected,output,,N916,N916,0,undetected,N916,N916,N916,sa0,1
2700,N3485 /1 undetected,output,,N3485,N3485,1,undetected,N3485,N3485,N3485,sa1,1
2701,N47002 /1 undetected,output,,N47002,N47002,1,undetected,N47002,N47002,N47002,sa1,1
2702,N46727 /1 undetected,output,,N46727,N46727,1,undetected,N46727,N46727,N46727,sa1,1
2703,N1752 /1 undetected,output,,N1752,N1752,1,undetected,N1752,N1752,N1752,sa1,1
2704,N3486 /1 undetected,output,,N3486,N3486,1,undetected,N3486,N3486,N3486,sa1,1
2705,N48298 /1 undetected,output,,N48298,N48298,1,undetected,N48298,N48298,N48298,sa1,1
2706,N44442 /1 undetected,output,,N44442,N44442,1,undetected,N44442,N44442,N44442,sa1,1
2707,N3484 /1 undetected,output,,N3484,N3484,1,undetected,N3484,N3484,N3484,sa1,1
2708,N48218 /1 undetected,output,,N48218,N48218,1,undetected,N48218,N48218,N48218,sa1,1
2709,N46002 /1 undetected,output,,N46002,N46002,1,undetected,N46002,N46002,N46002,sa1,1
2710,N915 /1 undetected,output,,N915,N915,1,undetected,N915,N915,N915,sa1,1
2711,N915 /0 undetected,output,,N915,N915,0,undetected,N915,N915,N915,sa0,1
2712,N3482 /1 undetected,output,,N3482,N3482,1,undetected,N3482,N3482,N3482,sa1,1
2713,N47001 /1 undetected,output,,N47001,N47001,1,undetected,N47001,N47001,N47001,sa1,1
2714,N46723 /1 undetected,output,,N46723,N46723,1,undetected,N46723,N46723,N46723,sa1,1
2715,N1751 /1 undetected,output,,N1751,N1751,1,undetected,N1751,N1751,N1751,sa1,1
2716,N3483 /1 undetected,output,,N3483,N3483,1,undetected,N3483,N3483,N3483,sa1,1
2717,N48297 /1 undetected,output,,N48297,N48297,1,undetected,N48297,N48297,N48297,sa1,1
2718,N43431 /1 undetected,output,,N43431,N43431,1,undetected,N43431,N43431,N43431,sa1,1
2719,N3481 /1 undetected,output,,N3481,N3481,1,undetected,N3481,N3481,N3481,sa1,1
2720,N48217 /1 undetected,output,,N48217,N48217,1,undetected,N48217,N48217,N48217,sa1,1
2721,N46064 /1 undetected,output,,N46064,N46064,1,undetected,N46064,N46064,N46064,sa1,1
2722,N29859 /1 undetected,output,,N29859,N29859,1,undetected,N29859,N29859,N29859,sa1,1
2723,N4203 /1 undetected,output,,N4203,N4203,1,undetected,N4203,N4203,N4203,sa1,1
2724,N6579 /1 undetected,output,,N6579,N6579,1,undetected,N6579,N6579,N6579,sa1,1
2725,N53038 /1 undetected,output,,N53038,N53038,1,undetected,N53038,N53038,N53038,sa1,1
2726,N51985 /1 undetected,output,,N51985,N51985,1,undetected,N51985,N51985,N51985,sa1,1
2727,N6580 /1 undetected,output,,N6580,N6580,1,undetected,N6580,N6580,N6580,sa1,1
2728,N54140 /1 undetected,output,,N54140,N54140,1,undetected,N54140,N54140,N54140,sa1,1
2729,N50608 /1 undetected,output,,N50608,N50608,1,undetected,N50608,N50608,N50608,sa1,1
2730,N4202 /1 undetected,output,,N4202,N4202,1,undetected,N4202,N4202,N4202,sa1,1
2731,N6577 /1 undetected,output,,N6577,N6577,1,undetected,N6577,N6577,N6577,sa1,1
2732,N53037 /1 undetected,output,,N53037,N53037,1,undetected,N53037,N53037,N53037,sa1,1
2733,N52048 /1 undetected,output,,N52048,N52048,1,undetected,N52048,N52048,N52048,sa1,1
2734,N6578 /1 undetected,output,,N6578,N6578,1,undetected,N6578,N6578,N6578,sa1,1
2735,N54139 /1 undetected,output,,N54139,N54139,1,undetected,N54139,N54139,N54139,sa1,1
2736,N50557 /1 undetected,output,,N50557,N50557,1,undetected,N50557,N50557,N50557,sa1,1
2737,N4201 /1 undetected,output,,N4201,N4201,1,undetected,N4201,N4201,N4201,sa1,1
2738,N6634 /1 undetected,output,,N6634,N6634,1,undetected,N6634,N6634,N6634,sa1,1
2739,N53065 /1 undetected,output,,N53065,N53065,1,undetected,N53065,N53065,N53065,sa1,1
2740,N52116 /1 undetected,output,,N52116,N52116,1,undetected,N52116,N52116,N52116,sa1,1
2741,N6635 /1 undetected,output,,N6635,N6635,1,undetected,N6635,N6635,N6635,sa1,1
2742,N54168 /1 undetected,output,,N54168,N54168,1,undetected,N54168,N54168,N54168,sa1,1
2743,N49537 /1 undetected,output,,N49537,N49537,1,undetected,N49537,N49537,N49537,sa1,1
2744,N4200 /1 undetected,output,,N4200,N4200,1,undetected,N4200,N4200,N4200,sa1,1
2745,N6632 /1 undetected,output,,N6632,N6632,1,undetected,N6632,N6632,N6632,sa1,1
2746,N53064 /1 undetected,output,,N53064,N53064,1,undetected,N53064,N53064,N53064,sa1,1
2747,N52179 /1 undetected,output,,N52179,N52179,1,undetected,N52179,N52179,N52179,sa1,1
2748,N6633 /1 undetected,output,,N6633,N6633,1,undetected,N6633,N6633,N6633,sa1,1
2749,N54167 /1 undetected,output,,N54167,N54167,1,undetected,N54167,N54167,N54167,sa1,1
2750,N49596 /1 undetected,output,,N49596,N49596,1,undetected,N49596,N49596,N49596,sa1,1
2751,N4171 /1 undetected,output,,N4171,N4171,1,undetected,N4171,N4171,N4171,sa1,1
2752,N4171 /0 undetected,output,,N4171,N4171,0,undetected,N4171,N4171,N4171,sa0,1
2753,N21484 /1 undetected,output,,N21484,N21484,1,undetected,N21484,N21484,N21484,sa1,1
2754,N6644 /1 undetected,output,,N6644,N6644,1,undetected,N6644,N6644,N6644,sa1,1
2755,N53069 /1 undetected,output,,N53069,N53069,1,undetected,N53069,N53069,N53069,sa1,1
2756,N50610 /1 undetected,output,,N50610,N50610,1,undetected,N50610,N50610,N50610,sa1,1
2757,N6643 /1 undetected,output,,N6643,N6643,1,undetected,N6643,N6643,N6643,sa1,1
2758,N54172 /1 undetected,output,,N54172,N54172,1,undetected,N54172,N54172,N54172,sa1,1
2759,N51986 /1 undetected,output,,N51986,N51986,1,undetected,N51986,N51986,N51986,sa1,1
2760,N6645 /1 undetected,output,,N6645,N6645,1,undetected,N6645,N6645,N6645,sa1,1
2761,N54256 /1 undetected,output,,N54256,N54256,1,undetected,N54256,N54256,N54256,sa1,1
2762,N49938 /1 undetected,output,,N49938,N49938,1,undetected,N49938,N49938,N49938,sa1,1
2763,N4170 /1 undetected,output,,N4170,N4170,1,undetected,N4170,N4170,N4170,sa1,1
2764,N4170 /0 undetected,output,,N4170,N4170,0,undetected,N4170,N4170,N4170,sa0,1
2765,N21482 /1 undetected,output,,N21482,N21482,1,undetected,N21482,N21482,N21482,sa1,1
2766,N6641 /1 undetected,output,,N6641,N6641,1,undetected,N6641,N6641,N6641,sa1,1
2767,N53068 /1 undetected,output,,N53068,N53068,1,undetected,N53068,N53068,N53068,sa1,1
2768,N50558 /1 undetected,output,,N50558,N50558,1,undetected,N50558,N50558,N50558,sa1,1
2769,N6640 /1 undetected,output,,N6640,N6640,1,undetected,N6640,N6640,N6640,sa1,1
2770,N54171 /1 undetected,output,,N54171,N54171,1,undetected,N54171,N54171,N54171,sa1,1
2771,N52049 /1 undetected,output,,N52049,N52049,1,undetected,N52049,N52049,N52049,sa1,1
2772,N6642 /1 undetected,output,,N6642,N6642,1,undetected,N6642,N6642,N6642,sa1,1
2773,N54255 /1 undetected,output,,N54255,N54255,1,undetected,N54255,N54255,N54255,sa1,1
2774,N50609 /1 undetected,output,,N50609,N50609,1,undetected,N50609,N50609,N50609,sa1,1
2775,N4169 /1 undetected,output,,N4169,N4169,1,undetected,N4169,N4169,N4169,sa1,1
2776,N4169 /0 undetected,output,,N4169,N4169,0,undetected,N4169,N4169,N4169,sa0,1
2777,N21480 /1 undetected,output,,N21480,N21480,1,undetected,N21480,N21480,N21480,sa1,1
2778,N6726 /1 undetected,output,,N6726,N6726,1,undetected,N6726,N6726,N6726,sa1,1
2779,N53097 /1 undetected,output,,N53097,N53097,1,undetected,N53097,N53097,N53097,sa1,1
2780,N49539 /1 undetected,output,,N49539,N49539,1,undetected,N49539,N49539,N49539,sa1,1
2781,N6725 /1 undetected,output,,N6725,N6725,1,undetected,N6725,N6725,N6725,sa1,1
2782,N54200 /1 undetected,output,,N54200,N54200,1,undetected,N54200,N54200,N54200,sa1,1
2783,N52117 /1 undetected,output,,N52117,N52117,1,undetected,N52117,N52117,N52117,sa1,1
2784,N6727 /1 undetected,output,,N6727,N6727,1,undetected,N6727,N6727,N6727,sa1,1
2785,N54282 /1 undetected,output,,N54282,N54282,1,undetected,N54282,N54282,N54282,sa1,1
2786,N50559 /1 undetected,output,,N50559,N50559,1,undetected,N50559,N50559,N50559,sa1,1
2787,N4168 /1 undetected,output,,N4168,N4168,1,undetected,N4168,N4168,N4168,sa1,1
2788,N4168 /0 undetected,output,,N4168,N4168,0,undetected,N4168,N4168,N4168,sa0,1
2789,N21478 /1 undetected,output,,N21478,N21478,1,undetected,N21478,N21478,N21478,sa1,1
2790,N6723 /1 undetected,output,,N6723,N6723,1,undetected,N6723,N6723,N6723,sa1,1
2791,N53096 /1 undetected,output,,N53096,N53096,1,undetected,N53096,N53096,N53096,sa1,1
2792,N49598 /1 undetected,output,,N49598,N49598,1,undetected,N49598,N49598,N49598,sa1,1
2793,N6722 /1 undetected,output,,N6722,N6722,1,undetected,N6722,N6722,N6722,sa1,1
2794,N54199 /1 undetected,output,,N54199,N54199,1,undetected,N54199,N54199,N54199,sa1,1
2795,N52180 /1 undetected,output,,N52180,N52180,1,undetected,N52180,N52180,N52180,sa1,1
2796,N6724 /1 undetected,output,,N6724,N6724,1,undetected,N6724,N6724,N6724,sa1,1
2797,N54281 /1 undetected,output,,N54281,N54281,1,undetected,N54281,N54281,N54281,sa1,1
2798,N49538 /1 undetected,output,,N49538,N49538,1,undetected,N49538,N49538,N49538,sa1,1
2799,N14947 /1 undetected,output,,N14947,N14947,1,undetected,N14947,N14947,N14947,sa1,1
2800,N14947 /0 undetected,output,,N14947,N14947,0,undetected,N14947,N14947,N14947,sa0,1
2801,N950 /1 undetected,output,,N950,N950,1,undetected,N950,N950,N950,sa1,1
2802,N950 /0 undetected,output,,N950,N950,0,undetected,N950,N950,N950,sa0,1
2803,N20661 /1 undetected,output,,N20661,N20661,1,undetected,N20661,N20661,N20661,sa1,1
2804,N45292 /1 undetected,output,,N45292,N45292,1,undetected,N45292,N45292,N45292,sa1,1
2805,N3338 /1 undetected,output,,N3338,N3338,1,undetected,N3338,N3338,N3338,sa1,1
2806,N48158 /1 undetected,output,,N48158,N48158,1,undetected,N48158,N48158,N48158,sa1,1
2807,N46611 /1 undetected,output,,N46611,N46611,1,undetected,N46611,N46611,N46611,sa1,1
2808,N3337 /1 undetected,output,,N3337,N3337,1,undetected,N3337,N3337,N3337,sa1,1
2809,N46942 /1 undetected,output,,N46942,N46942,1,undetected,N46942,N46942,N46942,sa1,1
2810,N45872 /1 undetected,output,,N45872,N45872,1,undetected,N45872,N45872,N45872,sa1,1
2811,N949 /1 undetected,output,,N949,N949,1,undetected,N949,N949,N949,sa1,1
2812,N949 /0 undetected,output,,N949,N949,0,undetected,N949,N949,N949,sa0,1
2813,N20659 /1 undetected,output,,N20659,N20659,1,undetected,N20659,N20659,N20659,sa1,1
2814,N45291 /1 undetected,output,,N45291,N45291,1,undetected,N45291,N45291,N45291,sa1,1
2815,N3336 /1 undetected,output,,N3336,N3336,1,undetected,N3336,N3336,N3336,sa1,1
2816,N48157 /1 undetected,output,,N48157,N48157,1,undetected,N48157,N48157,N48157,sa1,1
2817,N46607 /1 undetected,output,,N46607,N46607,1,undetected,N46607,N46607,N46607,sa1,1
2818,N3335 /1 undetected,output,,N3335,N3335,1,undetected,N3335,N3335,N3335,sa1,1
2819,N46941 /1 undetected,output,,N46941,N46941,1,undetected,N46941,N46941,N46941,sa1,1
2820,N45934 /1 undetected,output,,N45934,N45934,1,undetected,N45934,N45934,N45934,sa1,1
2821,N918 /1 undetected,output,,N918,N918,1,undetected,N918,N918,N918,sa1,1
2822,N918 /0 undetected,output,,N918,N918,0,undetected,N918,N918,N918,sa0,1
2823,N20651 /1 undetected,output,,N20651,N20651,1,undetected,N20651,N20651,N20651,sa1,1
2824,N3404 /1 undetected,output,,N3404,N3404,1,undetected,N3404,N3404,N3404,sa1,1
2825,N48272 /1 undetected,output,,N48272,N48272,1,undetected,N48272,N48272,N48272,sa1,1
2826,N43831 /1 undetected,output,,N43831,N43831,1,undetected,N43831,N43831,N43831,sa1,1
2827,N3403 /1 undetected,output,,N3403,N3403,1,undetected,N3403,N3403,N3403,sa1,1
2828,N46974 /1 undetected,output,,N46974,N46974,1,undetected,N46974,N46974,N46974,sa1,1
2829,N46612 /1 undetected,output,,N46612,N46612,1,undetected,N46612,N46612,N46612,sa1,1
2830,N3402 /1 undetected,output,,N3402,N3402,1,undetected,N3402,N3402,N3402,sa1,1
2831,N48190 /1 undetected,output,,N48190,N48190,1,undetected,N48190,N48190,N48190,sa1,1
2832,N45873 /1 undetected,output,,N45873,N45873,1,undetected,N45873,N45873,N45873,sa1,1
2833,N917 /1 undetected,output,,N917,N917,1,undetected,N917,N917,N917,sa1,1
2834,N917 /0 undetected,output,,N917,N917,0,undetected,N917,N917,N917,sa0,1
2835,N20649 /1 undetected,output,,N20649,N20649,1,undetected,N20649,N20649,N20649,sa1,1
2836,N3401 /1 undetected,output,,N3401,N3401,1,undetected,N3401,N3401,N3401,sa1,1
2837,N48271 /1 undetected,output,,N48271,N48271,1,undetected,N48271,N48271,N48271,sa1,1
2838,N44493 /1 undetected,output,,N44493,N44493,1,undetected,N44493,N44493,N44493,sa1,1
2839,N3400 /1 undetected,output,,N3400,N3400,1,undetected,N3400,N3400,N3400,sa1,1
2840,N46973 /1 undetected,output,,N46973,N46973,1,undetected,N46973,N46973,N46973,sa1,1
2841,N46608 /1 undetected,output,,N46608,N46608,1,undetected,N46608,N46608,N46608,sa1,1
2842,N3399 /1 undetected,output,,N3399,N3399,1,undetected,N3399,N3399,N3399,sa1,1
2843,N48189 /1 undetected,output,,N48189,N48189,1,undetected,N48189,N48189,N48189,sa1,1
2844,N45935 /1 undetected,output,,N45935,N45935,1,undetected,N45935,N45935,N45935,sa1,1
2845,test_en->__tpi_cp_243_N32448 /0 undetected,input_edge,test_en,__tpi_cp_243_N32448,__tpi_cp_243_N32448,0,undetected,__tpi_cp_243_N32448,__tpi_cp_243_N32448,__tpi_cp_243_N32448,sa0,1
2846,test_en->__tpi_cp_100_N32447 /0 undetected,input_edge,test_en,__tpi_cp_100_N32447,__tpi_cp_100_N32447,0,undetected,__tpi_cp_100_N32447,__tpi_cp_100_N32447,__tpi_cp_100_N32447,sa0,1
2847,test_en->__tpi_cp_101_N12589 /0 undetected,input_edge,test_en,__tpi_cp_101_N12589,__tpi_cp_101_N12589,0,undetected,__tpi_cp_101_N12589,__tpi_cp_101_N12589,__tpi_cp_101_N12589,sa0,1
2848,N14535 /1 undetected,output,,N14535,N14535,1,undetected,N14535,N14535,N14535,sa1,1
2849,N58816 /1 undetected,output,,N58816,N58816,1,undetected,N58816,N58816,N58816,sa1,1
2850,N58368 /1 undetected,output,,N58368,N58368,1,undetected,N58368,N58368,N58368,sa1,1
2851,N10432 /1 undetected,output,,N10432,N10432,1,undetected,N10432,N10432,N10432,sa1,1
2852,N10432 /0 undetected,output,,N10432,N10432,0,undetected,N10432,N10432,N10432,sa0,1
2853,N44507 /1 undetected,output,,N44507,N44507,1,undetected,N44507,N44507,N44507,sa1,1
2854,N10349 /1 undetected,output,,N10349,N10349,1,undetected,N10349,N10349,N10349,sa1,1
2855,N10431 /1 undetected,output,,N10431,N10431,1,undetected,N10431,N10431,N10431,sa1,1
2856,N10431 /0 undetected,output,,N10431,N10431,0,undetected,N10431,N10431,N10431,sa0,1
2857,N44457 /1 undetected,output,,N44457,N44457,1,undetected,N44457,N44457,N44457,sa1,1
2858,N10350 /1 undetected,output,,N10350,N10350,1,undetected,N10350,N10350,N10350,sa1,1
2859,N10353 /1 undetected,output,,N10353,N10353,1,undetected,N10353,N10353,N10353,sa1,1
2860,N10353 /0 undetected,output,,N10353,N10353,0,undetected,N10353,N10353,N10353,sa0,1
2861,test_en->__tpi_cp_268_N12630 /0 undetected,input_edge,test_en,__tpi_cp_268_N12630,__tpi_cp_268_N12630,0,undetected,__tpi_cp_268_N12630,__tpi_cp_268_N12630,__tpi_cp_268_N12630,sa0,1
2862,test_en->__tpi_cp_86_N32444 /0 undetected,input_edge,test_en,__tpi_cp_86_N32444,__tpi_cp_86_N32444,0,undetected,__tpi_cp_86_N32444,__tpi_cp_86_N32444,__tpi_cp_86_N32444,sa0,1
2863,test_en->__tpi_cp_222_N32443 /0 undetected,input_edge,test_en,__tpi_cp_222_N32443,__tpi_cp_222_N32443,0,undetected,__tpi_cp_222_N32443,__tpi_cp_222_N32443,__tpi_cp_222_N32443,sa0,1
2864,test_en->__tpi_cp_96_N12588 /0 undetected,input_edge,test_en,__tpi_cp_96_N12588,__tpi_cp_96_N12588,0,undetected,__tpi_cp_96_N12588,__tpi_cp_96_N12588,__tpi_cp_96_N12588,sa0,1
2865,N12824 /1 undetected,output,,N12824,N12824,1,undetected,N12824,N12824,N12824,sa1,1
2866,N12824 /0 undetected,output,,N12824,N12824,0,undetected,N12824,N12824,N12824,sa0,1
2867,N44668 /1 undetected,output,,N44668,N44668,1,undetected,N44668,N44668,N44668,sa1,1
2868,N12747 /1 undetected,output,,N12747,N12747,1,undetected,N12747,N12747,N12747,sa1,1
2869,N39563 /1 undetected,output,,N39563,N39563,1,undetected,N39563,N39563,N39563,sa1,1
2870,N4178 /1 undetected,output,,N4178,N4178,1,undetected,N4178,N4178,N4178,sa1,1
2871,N4178 /0 undetected,output,,N4178,N4178,0,undetected,N4178,N4178,N4178,sa0,1
2872,N21498 /1 undetected,output,,N21498,N21498,1,undetected,N21498,N21498,N21498,sa1,1
2873,N6729 /1 undetected,output,,N6729,N6729,1,undetected,N6729,N6729,N6729,sa1,1
2874,N53098 /1 undetected,output,,N53098,N53098,1,undetected,N53098,N53098,N53098,sa1,1
2875,N50320 /1 undetected,output,,N50320,N50320,1,undetected,N50320,N50320,N50320,sa1,1
2876,N6728 /1 undetected,output,,N6728,N6728,1,undetected,N6728,N6728,N6728,sa1,1
2877,N54201 /1 undetected,output,,N54201,N54201,1,undetected,N54201,N54201,N54201,sa1,1
2878,N51534 /1 undetected,output,,N51534,N51534,1,undetected,N51534,N51534,N51534,sa1,1
2879,N6730 /1 undetected,output,,N6730,N6730,1,undetected,N6730,N6730,N6730,sa1,1
2880,N54283 /1 undetected,output,,N54283,N54283,1,undetected,N54283,N54283,N54283,sa1,1
2881,N50284 /1 undetected,output,,N50284,N50284,1,undetected,N50284,N50284,N50284,sa1,1
2882,N4177 /1 undetected,output,,N4177,N4177,1,undetected,N4177,N4177,N4177,sa1,1
2883,N4177 /0 undetected,output,,N4177,N4177,0,undetected,N4177,N4177,N4177,sa0,1
2884,N21496 /1 undetected,output,,N21496,N21496,1,undetected,N21496,N21496,N21496,sa1,1
2885,N6696 /1 undetected,output,,N6696,N6696,1,undetected,N6696,N6696,N6696,sa1,1
2886,N53087 /1 undetected,output,,N53087,N53087,1,undetected,N53087,N53087,N53087,sa1,1
2887,N49841 /1 undetected,output,,N49841,N49841,1,undetected,N49841,N49841,N49841,sa1,1
2888,N6695 /1 undetected,output,,N6695,N6695,1,undetected,N6695,N6695,N6695,sa1,1
2889,N54190 /1 undetected,output,,N54190,N54190,1,undetected,N54190,N54190,N54190,sa1,1
2890,N51587 /1 undetected,output,,N51587,N51587,1,undetected,N51587,N51587,N51587,sa1,1
2891,N6697 /1 undetected,output,,N6697,N6697,1,undetected,N6697,N6697,N6697,sa1,1
2892,N54272 /1 undetected,output,,N54272,N54272,1,undetected,N54272,N54272,N54272,sa1,1
2893,N50319 /1 undetected,output,,N50319,N50319,1,undetected,N50319,N50319,N50319,sa1,1
2894,N4176 /1 undetected,output,,N4176,N4176,1,undetected,N4176,N4176,N4176,sa1,1
2895,N4176 /0 undetected,output,,N4176,N4176,0,undetected,N4176,N4176,N4176,sa0,1
2896,N21494 /1 undetected,output,,N21494,N21494,1,undetected,N21494,N21494,N21494,sa1,1
2897,N6664 /1 undetected,output,,N6664,N6664,1,undetected,N6664,N6664,N6664,sa1,1
2898,N54261 /1 undetected,output,,N54261,N54261,1,undetected,N54261,N54261,N54261,sa1,1
2899,N49840 /1 undetected,output,,N49840,N49840,1,undetected,N49840,N49840,N49840,sa1,1
2900,N6662 /1 undetected,output,,N6662,N6662,1,undetected,N6662,N6662,N6662,sa1,1
2901,N54179 /1 undetected,output,,N54179,N54179,1,undetected,N54179,N54179,N54179,sa1,1
2902,N51654 /1 undetected,output,,N51654,N51654,1,undetected,N51654,N51654,N51654,sa1,1
2903,N6663 /1 undetected,output,,N6663,N6663,1,undetected,N6663,N6663,N6663,sa1,1
2904,N53076 /1 undetected,output,,N53076,N53076,1,undetected,N53076,N53076,N53076,sa1,1
2905,N49641 /1 undetected,output,,N49641,N49641,1,undetected,N49641,N49641,N49641,sa1,1
2906,N4175 /1 undetected,output,,N4175,N4175,1,undetected,N4175,N4175,N4175,sa1,1
2907,N4175 /0 undetected,output,,N4175,N4175,0,undetected,N4175,N4175,N4175,sa0,1
2908,N21492 /1 undetected,output,,N21492,N21492,1,undetected,N21492,N21492,N21492,sa1,1
2909,N6656 /1 undetected,output,,N6656,N6656,1,undetected,N6656,N6656,N6656,sa1,1
2910,N53073 /1 undetected,output,,N53073,N53073,1,undetected,N53073,N53073,N53073,sa1,1
2911,N49433 /1 undetected,output,,N49433,N49433,1,undetected,N49433,N49433,N49433,sa1,1
2912,N6655 /1 undetected,output,,N6655,N6655,1,undetected,N6655,N6655,N6655,sa1,1
2913,N54176 /1 undetected,output,,N54176,N54176,1,undetected,N54176,N54176,N54176,sa1,1
2914,N51725 /1 undetected,output,,N51725,N51725,1,undetected,N51725,N51725,N51725,sa1,1
2915,N6657 /1 undetected,output,,N6657,N6657,1,undetected,N6657,N6657,N6657,sa1,1
2916,N54260 /1 undetected,output,,N54260,N54260,1,undetected,N54260,N54260,N54260,sa1,1
2917,N49640 /1 undetected,output,,N49640,N49640,1,undetected,N49640,N49640,N49640,sa1,1
2918,N4174 /1 undetected,output,,N4174,N4174,1,undetected,N4174,N4174,N4174,sa1,1
2919,N4174 /0 undetected,output,,N4174,N4174,0,undetected,N4174,N4174,N4174,sa0,1
2920,N21490 /1 undetected,output,,N21490,N21490,1,undetected,N21490,N21490,N21490,sa1,1
2921,N6653 /1 undetected,output,,N6653,N6653,1,undetected,N6653,N6653,N6653,sa1,1
2922,N53072 /1 undetected,output,,N53072,N53072,1,undetected,N53072,N53072,N53072,sa1,1
2923,N49786 /1 undetected,output,,N49786,N49786,1,undetected,N49786,N49786,N49786,sa1,1
2924,N6652 /1 undetected,output,,N6652,N6652,1,undetected,N6652,N6652,N6652,sa1,1
2925,N54175 /1 undetected,output,,N54175,N54175,1,undetected,N54175,N54175,N54175,sa1,1
2926,N51790 /1 undetected,output,,N51790,N51790,1,undetected,N51790,N51790,N51790,sa1,1
2927,N6654 /1 undetected,output,,N6654,N6654,1,undetected,N6654,N6654,N6654,sa1,1
2928,N54259 /1 undetected,output,,N54259,N54259,1,undetected,N54259,N54259,N54259,sa1,1
2929,N49432 /1 undetected,output,,N49432,N49432,1,undetected,N49432,N49432,N49432,sa1,1
2930,N4173 /1 undetected,output,,N4173,N4173,1,undetected,N4173,N4173,N4173,sa1,1
2931,N4173 /0 undetected,output,,N4173,N4173,0,undetected,N4173,N4173,N4173,sa0,1
2932,N21488 /1 undetected,output,,N21488,N21488,1,undetected,N21488,N21488,N21488,sa1,1
2933,N6650 /1 undetected,output,,N6650,N6650,1,undetected,N6650,N6650,N6650,sa1,1
2934,N53071 /1 undetected,output,,N53071,N53071,1,undetected,N53071,N53071,N53071,sa1,1
2935,N49986 /1 undetected,output,,N49986,N49986,1,undetected,N49986,N49986,N49986,sa1,1
2936,N6649 /1 undetected,output,,N6649,N6649,1,undetected,N6649,N6649,N6649,sa1,1
2937,N54174 /1 undetected,output,,N54174,N54174,1,undetected,N54174,N54174,N54174,sa1,1
2938,N51854 /1 undetected,output,,N51854,N51854,1,undetected,N51854,N51854,N51854,sa1,1
2939,N6651 /1 undetected,output,,N6651,N6651,1,undetected,N6651,N6651,N6651,sa1,1
2940,N54258 /1 undetected,output,,N54258,N54258,1,undetected,N54258,N54258,N54258,sa1,1
2941,N49785 /1 undetected,output,,N49785,N49785,1,undetected,N49785,N49785,N49785,sa1,1
2942,N4172 /1 undetected,output,,N4172,N4172,1,undetected,N4172,N4172,N4172,sa1,1
2943,N4172 /0 undetected,output,,N4172,N4172,0,undetected,N4172,N4172,N4172,sa0,1
2944,N21486 /1 undetected,output,,N21486,N21486,1,undetected,N21486,N21486,N21486,sa1,1
2945,N6647 /1 undetected,output,,N6647,N6647,1,undetected,N6647,N6647,N6647,sa1,1
2946,N53070 /1 undetected,output,,N53070,N53070,1,undetected,N53070,N53070,N53070,sa1,1
2947,N49939 /1 undetected,output,,N49939,N49939,1,undetected,N49939,N49939,N49939,sa1,1
2948,N6646 /1 undetected,output,,N6646,N6646,1,undetected,N6646,N6646,N6646,sa1,1
2949,N54173 /1 undetected,output,,N54173,N54173,1,undetected,N54173,N54173,N54173,sa1,1
2950,N51927 /1 undetected,output,,N51927,N51927,1,undetected,N51927,N51927,N51927,sa1,1
2951,N6648 /1 undetected,output,,N6648,N6648,1,undetected,N6648,N6648,N6648,sa1,1
2952,N54257 /1 undetected,output,,N54257,N54257,1,undetected,N54257,N54257,N54257,sa1,1
2953,N49985 /1 undetected,output,,N49985,N49985,1,undetected,N49985,N49985,N49985,sa1,1
2954,N8924 /1 undetected,output,,N8924,N8924,1,undetected,N8924,N8924,N8924,sa1,1
2955,N8924 /0 undetected,output,,N8924,N8924,0,undetected,N8924,N8924,N8924,sa0,1
2956,N12826 /1 undetected,output,,N12826,N12826,1,undetected,N12826,N12826,N12826,sa1,1
2957,N12826 /0 undetected,output,,N12826,N12826,0,undetected,N12826,N12826,N12826,sa0,1
2958,N44672 /1 undetected,output,,N44672,N44672,1,undetected,N44672,N44672,N44672,sa1,1
2959,N12745 /1 undetected,output,,N12745,N12745,1,undetected,N12745,N12745,N12745,sa1,1
2960,N12825 /1 undetected,output,,N12825,N12825,1,undetected,N12825,N12825,N12825,sa1,1
2961,N12825 /0 undetected,output,,N12825,N12825,0,undetected,N12825,N12825,N12825,sa0,1
2962,N44674 /1 undetected,output,,N44674,N44674,1,undetected,N44674,N44674,N44674,sa1,1
2963,N12744 /1 undetected,output,,N12744,N12744,1,undetected,N12744,N12744,N12744,sa1,1
2964,N12823 /1 undetected,output,,N12823,N12823,1,undetected,N12823,N12823,N12823,sa1,1
2965,N12823 /0 undetected,output,,N12823,N12823,0,undetected,N12823,N12823,N12823,sa0,1
2966,N44670 /1 undetected,output,,N44670,N44670,1,undetected,N44670,N44670,N44670,sa1,1
2967,N12746 /1 undetected,output,,N12746,N12746,1,undetected,N12746,N12746,N12746,sa1,1
2968,N15771 /0 undetected,output,,N15771,N15771,0,undetected,N15771,N15771,N15771,sa0,1
2969,N4211 /1 undetected,output,,N4211,N4211,1,undetected,N4211,N4211,N4211,sa1,1
2970,N6638 /1 undetected,output,,N6638,N6638,1,undetected,N6638,N6638,N6638,sa1,1
2971,N53067 /1 undetected,output,,N53067,N53067,1,undetected,N53067,N53067,N53067,sa1,1
2972,N51481 /1 undetected,output,,N51481,N51481,1,undetected,N51481,N51481,N51481,sa1,1
2973,N6639 /1 undetected,output,,N6639,N6639,1,undetected,N6639,N6639,N6639,sa1,1
2974,N54170 /1 undetected,output,,N54170,N54170,1,undetected,N54170,N54170,N54170,sa1,1
2975,N50283 /1 undetected,output,,N50283,N50283,1,undetected,N50283,N50283,N50283,sa1,1
2976,N4210 /1 undetected,output,,N4210,N4210,1,undetected,N4210,N4210,N4210,sa1,1
2977,N6636 /1 undetected,output,,N6636,N6636,1,undetected,N6636,N6636,N6636,sa1,1
2978,N53066 /1 undetected,output,,N53066,N53066,1,undetected,N53066,N53066,N53066,sa1,1
2979,N51533 /1 undetected,output,,N51533,N51533,1,undetected,N51533,N51533,N51533,sa1,1
2980,N6637 /1 undetected,output,,N6637,N6637,1,undetected,N6637,N6637,N6637,sa1,1
2981,N54169 /1 undetected,output,,N54169,N54169,1,undetected,N54169,N54169,N54169,sa1,1
2982,N50318 /1 undetected,output,,N50318,N50318,1,undetected,N50318,N50318,N50318,sa1,1
2983,N4209 /1 undetected,output,,N4209,N4209,1,undetected,N4209,N4209,N4209,sa1,1
2984,N6614 /1 undetected,output,,N6614,N6614,1,undetected,N6614,N6614,N6614,sa1,1
2985,N53055 /1 undetected,output,,N53055,N53055,1,undetected,N53055,N53055,N53055,sa1,1
2986,N51586 /1 undetected,output,,N51586,N51586,1,undetected,N51586,N51586,N51586,sa1,1
2987,N6615 /1 undetected,output,,N6615,N6615,1,undetected,N6615,N6615,N6615,sa1,1
2988,N54158 /1 undetected,output,,N54158,N54158,1,undetected,N54158,N54158,N54158,sa1,1
2989,N49839 /1 undetected,output,,N49839,N49839,1,undetected,N49839,N49839,N49839,sa1,1
2990,N4208 /1 undetected,output,,N4208,N4208,1,undetected,N4208,N4208,N4208,sa1,1
2991,N6592 /1 undetected,output,,N6592,N6592,1,undetected,N6592,N6592,N6592,sa1,1
2992,N53044 /1 undetected,output,,N53044,N53044,1,undetected,N53044,N53044,N53044,sa1,1
2993,N51653 /1 undetected,output,,N51653,N51653,1,undetected,N51653,N51653,N51653,sa1,1
2994,N6593 /1 undetected,output,,N6593,N6593,1,undetected,N6593,N6593,N6593,sa1,1
2995,N54147 /1 undetected,output,,N54147,N54147,1,undetected,N54147,N54147,N54147,sa1,1
2996,N49639 /1 undetected,output,,N49639,N49639,1,undetected,N49639,N49639,N49639,sa1,1
2997,N4207 /1 undetected,output,,N4207,N4207,1,undetected,N4207,N4207,N4207,sa1,1
2998,N6587 /1 undetected,output,,N6587,N6587,1,undetected,N6587,N6587,N6587,sa1,1
2999,N53042 /1 undetected,output,,N53042,N53042,1,undetected,N53042,N53042,N53042,sa1,1
3000,N51724 /1 undetected,output,,N51724,N51724,1,undetected,N51724,N51724,N51724,sa1,1
3001,N6588 /1 undetected,output,,N6588,N6588,1,undetected,N6588,N6588,N6588,sa1,1
3002,N54144 /1 undetected,output,,N54144,N54144,1,undetected,N54144,N54144,N54144,sa1,1
3003,N49431 /1 undetected,output,,N49431,N49431,1,undetected,N49431,N49431,N49431,sa1,1
3004,N4206 /1 undetected,output,,N4206,N4206,1,undetected,N4206,N4206,N4206,sa1,1
3005,N6585 /1 undetected,output,,N6585,N6585,1,undetected,N6585,N6585,N6585,sa1,1
3006,N53041 /1 undetected,output,,N53041,N53041,1,undetected,N53041,N53041,N53041,sa1,1
3007,N51789 /1 undetected,output,,N51789,N51789,1,undetected,N51789,N51789,N51789,sa1,1
3008,N6586 /1 undetected,output,,N6586,N6586,1,undetected,N6586,N6586,N6586,sa1,1
3009,N54143 /1 undetected,output,,N54143,N54143,1,undetected,N54143,N54143,N54143,sa1,1
3010,N49784 /1 undetected,output,,N49784,N49784,1,undetected,N49784,N49784,N49784,sa1,1
3011,N4205 /1 undetected,output,,N4205,N4205,1,undetected,N4205,N4205,N4205,sa1,1
3012,N6583 /1 undetected,output,,N6583,N6583,1,undetected,N6583,N6583,N6583,sa1,1
3013,N53040 /1 undetected,output,,N53040,N53040,1,undetected,N53040,N53040,N53040,sa1,1
3014,N51853 /1 undetected,output,,N51853,N51853,1,undetected,N51853,N51853,N51853,sa1,1
3015,N6584 /1 undetected,output,,N6584,N6584,1,undetected,N6584,N6584,N6584,sa1,1
3016,N54142 /1 undetected,output,,N54142,N54142,1,undetected,N54142,N54142,N54142,sa1,1
3017,N49984 /1 undetected,output,,N49984,N49984,1,undetected,N49984,N49984,N49984,sa1,1
3018,N4204 /1 undetected,output,,N4204,N4204,1,undetected,N4204,N4204,N4204,sa1,1
3019,N6581 /1 undetected,output,,N6581,N6581,1,undetected,N6581,N6581,N6581,sa1,1
3020,N53039 /1 undetected,output,,N53039,N53039,1,undetected,N53039,N53039,N53039,sa1,1
3021,N51926 /1 undetected,output,,N51926,N51926,1,undetected,N51926,N51926,N51926,sa1,1
3022,N6582 /1 undetected,output,,N6582,N6582,1,undetected,N6582,N6582,N6582,sa1,1
3023,N54141 /1 undetected,output,,N54141,N54141,1,undetected,N54141,N54141,N54141,sa1,1
3024,N49937 /1 undetected,output,,N49937,N49937,1,undetected,N49937,N49937,N49937,sa1,1
3025,test_en->__tpi_cp_143_N12516 /0 undetected,input_edge,test_en,__tpi_cp_143_N12516,__tpi_cp_143_N12516,0,undetected,__tpi_cp_143_N12516,__tpi_cp_143_N12516,__tpi_cp_143_N12516,sa0,1
3026,test_en->__tpi_cp_176_N49415 /0 undetected,input_edge,test_en,__tpi_cp_176_N49415,__tpi_cp_176_N49415,0,undetected,__tpi_cp_176_N49415,__tpi_cp_176_N49415,__tpi_cp_176_N49415,sa0,1
3027,N46935 /1 undetected,output,,N46935,N46935,1,undetected,N46935,N46935,N46935,sa1,1
3028,N56484 /1 undetected,output,,N56484,N56484,1,undetected,N56484,N56484,N56484,sa1,1
3029,N6573 /1 undetected,output,,N6573,N6573,1,undetected,N6573,N6573,N6573,sa1,1
3030,N6573 /0 undetected,output,,N6573,N6573,0,undetected,N6573,N6573,N6573,sa0,1
3031,N54347 /1 undetected,output,,N54347,N54347,1,undetected,N54347,N54347,N54347,sa1,1
3032,N50282 /1 undetected,output,,N50282,N50282,1,undetected,N50282,N50282,N50282,sa1,1
3033,N6572 /1 undetected,output,,N6572,N6572,1,undetected,N6572,N6572,N6572,sa1,1
3034,N6572 /0 undetected,output,,N6572,N6572,0,undetected,N6572,N6572,N6572,sa0,1
3035,N54346 /1 undetected,output,,N54346,N54346,1,undetected,N54346,N54346,N54346,sa1,1
3036,N50317 /1 undetected,output,,N50317,N50317,1,undetected,N50317,N50317,N50317,sa1,1
3037,N6551 /1 undetected,output,,N6551,N6551,1,undetected,N6551,N6551,N6551,sa1,1
3038,N6551 /0 undetected,output,,N6551,N6551,0,undetected,N6551,N6551,N6551,sa0,1
3039,N54335 /1 undetected,output,,N54335,N54335,1,undetected,N54335,N54335,N54335,sa1,1
3040,N49838 /1 undetected,output,,N49838,N49838,1,undetected,N49838,N49838,N49838,sa1,1
3041,N951 /1 undetected,output,,N951,N951,1,undetected,N951,N951,N951,sa1,1
3042,N951 /0 undetected,output,,N951,N951,0,undetected,N951,N951,N951,sa0,1
3043,N20663 /1 undetected,output,,N20663,N20663,1,undetected,N20663,N20663,N20663,sa1,1
3044,N45293 /1 undetected,output,,N45293,N45293,1,undetected,N45293,N45293,N45293,sa1,1
3045,N3340 /1 undetected,output,,N3340,N3340,1,undetected,N3340,N3340,N3340,sa1,1
3046,N48159 /1 undetected,output,,N48159,N48159,1,undetected,N48159,N48159,N48159,sa1,1
3047,N46615 /1 undetected,output,,N46615,N46615,1,undetected,N46615,N46615,N46615,sa1,1
3048,N3339 /1 undetected,output,,N3339,N3339,1,undetected,N3339,N3339,N3339,sa1,1
3049,N46943 /1 undetected,output,,N46943,N46943,1,undetected,N46943,N46943,N46943,sa1,1
3050,N45813 /1 undetected,output,,N45813,N45813,1,undetected,N45813,N45813,N45813,sa1,1
3051,N919 /1 undetected,output,,N919,N919,1,undetected,N919,N919,N919,sa1,1
3052,N919 /0 undetected,output,,N919,N919,0,undetected,N919,N919,N919,sa0,1
3053,N20653 /1 undetected,output,,N20653,N20653,1,undetected,N20653,N20653,N20653,sa1,1
3054,N3407 /1 undetected,output,,N3407,N3407,1,undetected,N3407,N3407,N3407,sa1,1
3055,N48273 /1 undetected,output,,N48273,N48273,1,undetected,N48273,N48273,N48273,sa1,1
3056,N43878 /1 undetected,output,,N43878,N43878,1,undetected,N43878,N43878,N43878,sa1,1
3057,N3406 /1 undetected,output,,N3406,N3406,1,undetected,N3406,N3406,N3406,sa1,1
3058,N46975 /1 undetected,output,,N46975,N46975,1,undetected,N46975,N46975,N46975,sa1,1
3059,N46616 /1 undetected,output,,N46616,N46616,1,undetected,N46616,N46616,N46616,sa1,1
3060,N3405 /1 undetected,output,,N3405,N3405,1,undetected,N3405,N3405,N3405,sa1,1
3061,N48191 /1 undetected,output,,N48191,N48191,1,undetected,N48191,N48191,N48191,sa1,1
3062,N45814 /1 undetected,output,,N45814,N45814,1,undetected,N45814,N45814,N45814,sa1,1
3063,test_en->__tpi_cp_244_N32451 /0 undetected,input_edge,test_en,__tpi_cp_244_N32451,__tpi_cp_244_N32451,0,undetected,__tpi_cp_244_N32451,__tpi_cp_244_N32451,__tpi_cp_244_N32451,sa0,1
3064,N10430 /1 undetected,output,,N10430,N10430,1,undetected,N10430,N10430,N10430,sa1,1
3065,N10430 /0 undetected,output,,N10430,N10430,0,undetected,N10430,N10430,N10430,sa0,1
3066,N10429 /1 undetected,output,,N10429,N10429,1,undetected,N10429,N10429,N10429,sa1,1
3067,N56408 /1 undetected,output,,N56408,N56408,1,undetected,N56408,N56408,N56408,sa1,1
3068,N45758 /1 undetected,output,,N45758,N45758,1,undetected,N45758,N45758,N45758,sa1,1
3069,N10380 /1 undetected,output,,N10380,N10380,1,undetected,N10380,N10380,N10380,sa1,1
3070,N43694 /1 undetected,output,,N43694,N43694,1,undetected,N43694,N43694,N43694,sa1,1
3071,N10346 /1 undetected,output,,N10346,N10346,1,undetected,N10346,N10346,N10346,sa1,1
3072,N953 /1 undetected,output,,N953,N953,1,undetected,N953,N953,N953,sa1,1
3073,N953 /0 undetected,output,,N953,N953,0,undetected,N953,N953,N953,sa0,1
3074,N20667 /1 undetected,output,,N20667,N20667,1,undetected,N20667,N20667,N20667,sa1,1
3075,N45295 /1 undetected,output,,N45295,N45295,1,undetected,N45295,N45295,N45295,sa1,1
3076,N3344 /1 undetected,output,,N3344,N3344,1,undetected,N3344,N3344,N3344,sa1,1
3077,N48161 /1 undetected,output,,N48161,N48161,1,undetected,N48161,N48161,N48161,sa1,1
3078,N46623 /1 undetected,output,,N46623,N46623,1,undetected,N46623,N46623,N46623,sa1,1
3079,N3343 /1 undetected,output,,N3343,N3343,1,undetected,N3343,N3343,N3343,sa1,1
3080,N46945 /1 undetected,output,,N46945,N46945,1,undetected,N46945,N46945,N46945,sa1,1
3081,N45677 /1 undetected,output,,N45677,N45677,1,undetected,N45677,N45677,N45677,sa1,1
3082,N952 /1 undetected,output,,N952,N952,1,undetected,N952,N952,N952,sa1,1
3083,N952 /0 undetected,output,,N952,N952,0,undetected,N952,N952,N952,sa0,1
3084,N20665 /1 undetected,output,,N20665,N20665,1,undetected,N20665,N20665,N20665,sa1,1
3085,N45294 /1 undetected,output,,N45294,N45294,1,undetected,N45294,N45294,N45294,sa1,1
3086,N3342 /1 undetected,output,,N3342,N3342,1,undetected,N3342,N3342,N3342,sa1,1
3087,N48160 /1 undetected,output,,N48160,N48160,1,undetected,N48160,N48160,N48160,sa1,1
3088,N46619 /1 undetected,output,,N46619,N46619,1,undetected,N46619,N46619,N46619,sa1,1
3089,N3341 /1 undetected,output,,N3341,N3341,1,undetected,N3341,N3341,N3341,sa1,1
3090,N46944 /1 undetected,output,,N46944,N46944,1,undetected,N46944,N46944,N46944,sa1,1
3091,N45740 /1 undetected,output,,N45740,N45740,1,undetected,N45740,N45740,N45740,sa1,1
3092,N921 /1 undetected,output,,N921,N921,1,undetected,N921,N921,N921,sa1,1
3093,N921 /0 undetected,output,,N921,N921,0,undetected,N921,N921,N921,sa0,1
3094,N20657 /1 undetected,output,,N20657,N20657,1,undetected,N20657,N20657,N20657,sa1,1
3095,N3413 /1 undetected,output,,N3413,N3413,1,undetected,N3413,N3413,N3413,sa1,1
3096,N48275 /1 undetected,output,,N48275,N48275,1,undetected,N48275,N48275,N48275,sa1,1
3097,N43325 /1 undetected,output,,N43325,N43325,1,undetected,N43325,N43325,N43325,sa1,1
3098,N3412 /1 undetected,output,,N3412,N3412,1,undetected,N3412,N3412,N3412,sa1,1
3099,N46977 /1 undetected,output,,N46977,N46977,1,undetected,N46977,N46977,N46977,sa1,1
3100,N46624 /1 undetected,output,,N46624,N46624,1,undetected,N46624,N46624,N46624,sa1,1
3101,N3411 /1 undetected,output,,N3411,N3411,1,undetected,N3411,N3411,N3411,sa1,1
3102,N48193 /1 undetected,output,,N48193,N48193,1,undetected,N48193,N48193,N48193,sa1,1
3103,N45678 /1 undetected,output,,N45678,N45678,1,undetected,N45678,N45678,N45678,sa1,1
3104,N920 /1 undetected,output,,N920,N920,1,undetected,N920,N920,N920,sa1,1
3105,N920 /0 undetected,output,,N920,N920,0,undetected,N920,N920,N920,sa0,1
3106,N20655 /1 undetected,output,,N20655,N20655,1,undetected,N20655,N20655,N20655,sa1,1
3107,N3410 /1 undetected,output,,N3410,N3410,1,undetected,N3410,N3410,N3410,sa1,1
3108,N48274 /1 undetected,output,,N48274,N48274,1,undetected,N48274,N48274,N48274,sa1,1
3109,N43678 /1 undetected,output,,N43678,N43678,1,undetected,N43678,N43678,N43678,sa1,1
3110,N3409 /1 undetected,output,,N3409,N3409,1,undetected,N3409,N3409,N3409,sa1,1
3111,N46976 /1 undetected,output,,N46976,N46976,1,undetected,N46976,N46976,N46976,sa1,1
3112,N46620 /1 undetected,output,,N46620,N46620,1,undetected,N46620,N46620,N46620,sa1,1
3113,N3408 /1 undetected,output,,N3408,N3408,1,undetected,N3408,N3408,N3408,sa1,1
3114,N48192 /1 undetected,output,,N48192,N48192,1,undetected,N48192,N48192,N48192,sa1,1
3115,N45741 /1 undetected,output,,N45741,N45741,1,undetected,N45741,N45741,N45741,sa1,1
3116,N48103 /1 undetected,output,,N48103,N48103,1,undetected,N48103,N48103,N48103,sa1,1
3117,N48102 /1 undetected,output,,N48102,N48102,1,undetected,N48102,N48102,N48102,sa1,1
3118,N48101 /1 undetected,output,,N48101,N48101,1,undetected,N48101,N48101,N48101,sa1,1
3119,N4692 /1 undetected,output,,N4692,N4692,1,undetected,N4692,N4692,N4692,sa1,1
3120,N21946 /1 undetected,output,,N21946,N21946,1,undetected,N21946,N21946,N21946,sa1,1
3121,N21945 /1 undetected,output,,N21945,N21945,1,undetected,N21945,N21945,N21945,sa1,1
3122,N4691 /1 undetected,output,,N4691,N4691,1,undetected,N4691,N4691,N4691,sa1,1
3123,N21944 /1 undetected,output,,N21944,N21944,1,undetected,N21944,N21944,N21944,sa1,1
3124,N5188 /1 undetected,output,,N5188,N5188,1,undetected,N5188,N5188,N5188,sa1,1
3125,N41224 /1 undetected,output,,N41224,N41224,1,undetected,N41224,N41224,N41224,sa1,1
3126,N5187 /1 undetected,output,,N5187,N5187,1,undetected,N5187,N5187,N5187,sa1,1
3127,N41222 /1 undetected,output,,N41222,N41222,1,undetected,N41222,N41222,N41222,sa1,1
3128,N5189 /1 undetected,output,,N5189,N5189,1,undetected,N5189,N5189,N5189,sa1,1
3129,N41226 /1 undetected,output,,N41226,N41226,1,undetected,N41226,N41226,N41226,sa1,1
3130,N4690 /1 undetected,output,,N4690,N4690,1,undetected,N4690,N4690,N4690,sa1,1
3131,N21943 /1 undetected,output,,N21943,N21943,1,undetected,N21943,N21943,N21943,sa1,1
3132,N21942 /1 undetected,output,,N21942,N21942,1,undetected,N21942,N21942,N21942,sa1,1
3133,N5186 /1 undetected,output,,N5186,N5186,1,undetected,N5186,N5186,N5186,sa1,1
3134,N41220 /1 undetected,output,,N41220,N41220,1,undetected,N41220,N41220,N41220,sa1,1
3135,N5185 /1 undetected,output,,N5185,N5185,1,undetected,N5185,N5185,N5185,sa1,1
3136,N41218 /1 undetected,output,,N41218,N41218,1,undetected,N41218,N41218,N41218,sa1,1
3137,N5184 /1 undetected,output,,N5184,N5184,1,undetected,N5184,N5184,N5184,sa1,1
3138,N41216 /1 undetected,output,,N41216,N41216,1,undetected,N41216,N41216,N41216,sa1,1
3139,N5183 /1 undetected,output,,N5183,N5183,1,undetected,N5183,N5183,N5183,sa1,1
3140,N41214 /1 undetected,output,,N41214,N41214,1,undetected,N41214,N41214,N41214,sa1,1
3141,N4689 /1 undetected,output,,N4689,N4689,1,undetected,N4689,N4689,N4689,sa1,1
3142,N21941 /1 undetected,output,,N21941,N21941,1,undetected,N21941,N21941,N21941,sa1,1
3143,N21940 /1 undetected,output,,N21940,N21940,1,undetected,N21940,N21940,N21940,sa1,1
3144,N5182 /1 undetected,output,,N5182,N5182,1,undetected,N5182,N5182,N5182,sa1,1
3145,N41270 /1 undetected,output,,N41270,N41270,1,undetected,N41270,N41270,N41270,sa1,1
3146,N5181 /1 undetected,output,,N5181,N5181,1,undetected,N5181,N5181,N5181,sa1,1
3147,N41268 /1 undetected,output,,N41268,N41268,1,undetected,N41268,N41268,N41268,sa1,1
3148,N5180 /1 undetected,output,,N5180,N5180,1,undetected,N5180,N5180,N5180,sa1,1
3149,N41212 /1 undetected,output,,N41212,N41212,1,undetected,N41212,N41212,N41212,sa1,1
3150,N5179 /1 undetected,output,,N5179,N5179,1,undetected,N5179,N5179,N5179,sa1,1
3151,N41266 /1 undetected,output,,N41266,N41266,1,undetected,N41266,N41266,N41266,sa1,1
3152,N4688 /1 undetected,output,,N4688,N4688,1,undetected,N4688,N4688,N4688,sa1,1
3153,N21939 /1 undetected,output,,N21939,N21939,1,undetected,N21939,N21939,N21939,sa1,1
3154,N21938 /1 undetected,output,,N21938,N21938,1,undetected,N21938,N21938,N21938,sa1,1
3155,N5178 /1 undetected,output,,N5178,N5178,1,undetected,N5178,N5178,N5178,sa1,1
3156,N41264 /1 undetected,output,,N41264,N41264,1,undetected,N41264,N41264,N41264,sa1,1
3157,N5177 /1 undetected,output,,N5177,N5177,1,undetected,N5177,N5177,N5177,sa1,1
3158,N41262 /1 undetected,output,,N41262,N41262,1,undetected,N41262,N41262,N41262,sa1,1
3159,N5176 /1 undetected,output,,N5176,N5176,1,undetected,N5176,N5176,N5176,sa1,1
3160,N41260 /1 undetected,output,,N41260,N41260,1,undetected,N41260,N41260,N41260,sa1,1
3161,N5175 /1 undetected,output,,N5175,N5175,1,undetected,N5175,N5175,N5175,sa1,1
3162,N41258 /1 undetected,output,,N41258,N41258,1,undetected,N41258,N41258,N41258,sa1,1
3163,N4687 /1 undetected,output,,N4687,N4687,1,undetected,N4687,N4687,N4687,sa1,1
3164,N21937 /1 undetected,output,,N21937,N21937,1,undetected,N21937,N21937,N21937,sa1,1
3165,N21936 /1 undetected,output,,N21936,N21936,1,undetected,N21936,N21936,N21936,sa1,1
3166,N4686 /1 undetected,output,,N4686,N4686,1,undetected,N4686,N4686,N4686,sa1,1
3167,N21935 /1 undetected,output,,N21935,N21935,1,undetected,N21935,N21935,N21935,sa1,1
3168,N5173 /1 undetected,output,,N5173,N5173,1,undetected,N5173,N5173,N5173,sa1,1
3169,N41254 /1 undetected,output,,N41254,N41254,1,undetected,N41254,N41254,N41254,sa1,1
3170,N5172 /1 undetected,output,,N5172,N5172,1,undetected,N5172,N5172,N5172,sa1,1
3171,N41252 /1 undetected,output,,N41252,N41252,1,undetected,N41252,N41252,N41252,sa1,1
3172,N5174 /1 undetected,output,,N5174,N5174,1,undetected,N5174,N5174,N5174,sa1,1
3173,N41256 /1 undetected,output,,N41256,N41256,1,undetected,N41256,N41256,N41256,sa1,1
3174,N4685 /1 undetected,output,,N4685,N4685,1,undetected,N4685,N4685,N4685,sa1,1
3175,N21934 /1 undetected,output,,N21934,N21934,1,undetected,N21934,N21934,N21934,sa1,1
3176,N21933 /1 undetected,output,,N21933,N21933,1,undetected,N21933,N21933,N21933,sa1,1
3177,N5171 /1 undetected,output,,N5171,N5171,1,undetected,N5171,N5171,N5171,sa1,1
3178,N41250 /1 undetected,output,,N41250,N41250,1,undetected,N41250,N41250,N41250,sa1,1
3179,N5170 /1 undetected,output,,N5170,N5170,1,undetected,N5170,N5170,N5170,sa1,1
3180,N41248 /1 undetected,output,,N41248,N41248,1,undetected,N41248,N41248,N41248,sa1,1
3181,N5169 /1 undetected,output,,N5169,N5169,1,undetected,N5169,N5169,N5169,sa1,1
3182,N41246 /1 undetected,output,,N41246,N41246,1,undetected,N41246,N41246,N41246,sa1,1
3183,N5168 /1 undetected,output,,N5168,N5168,1,undetected,N5168,N5168,N5168,sa1,1
3184,N41244 /1 undetected,output,,N41244,N41244,1,undetected,N41244,N41244,N41244,sa1,1
3185,N4684 /1 undetected,output,,N4684,N4684,1,undetected,N4684,N4684,N4684,sa1,1
3186,N21932 /1 undetected,output,,N21932,N21932,1,undetected,N21932,N21932,N21932,sa1,1
3187,N21931 /1 undetected,output,,N21931,N21931,1,undetected,N21931,N21931,N21931,sa1,1
3188,N5167 /1 undetected,output,,N5167,N5167,1,undetected,N5167,N5167,N5167,sa1,1
3189,N41242 /1 undetected,output,,N41242,N41242,1,undetected,N41242,N41242,N41242,sa1,1
3190,N5166 /1 undetected,output,,N5166,N5166,1,undetected,N5166,N5166,N5166,sa1,1
3191,N41240 /1 undetected,output,,N41240,N41240,1,undetected,N41240,N41240,N41240,sa1,1
3192,N5165 /1 undetected,output,,N5165,N5165,1,undetected,N5165,N5165,N5165,sa1,1
3193,N41238 /1 undetected,output,,N41238,N41238,1,undetected,N41238,N41238,N41238,sa1,1
3194,N5164 /1 undetected,output,,N5164,N5164,1,undetected,N5164,N5164,N5164,sa1,1
3195,N41236 /1 undetected,output,,N41236,N41236,1,undetected,N41236,N41236,N41236,sa1,1
3196,N4683 /1 undetected,output,,N4683,N4683,1,undetected,N4683,N4683,N4683,sa1,1
3197,N21930 /1 undetected,output,,N21930,N21930,1,undetected,N21930,N21930,N21930,sa1,1
3198,N21929 /1 undetected,output,,N21929,N21929,1,undetected,N21929,N21929,N21929,sa1,1
3199,N5163 /1 undetected,output,,N5163,N5163,1,undetected,N5163,N5163,N5163,sa1,1
3200,N41234 /1 undetected,output,,N41234,N41234,1,undetected,N41234,N41234,N41234,sa1,1
3201,N5162 /1 undetected,output,,N5162,N5162,1,undetected,N5162,N5162,N5162,sa1,1
3202,N41232 /1 undetected,output,,N41232,N41232,1,undetected,N41232,N41232,N41232,sa1,1
3203,N5161 /1 undetected,output,,N5161,N5161,1,undetected,N5161,N5161,N5161,sa1,1
3204,N41230 /1 undetected,output,,N41230,N41230,1,undetected,N41230,N41230,N41230,sa1,1
3205,N5160 /1 undetected,output,,N5160,N5160,1,undetected,N5160,N5160,N5160,sa1,1
3206,N41228 /1 undetected,output,,N41228,N41228,1,undetected,N41228,N41228,N41228,sa1,1
3207,N15100 /0 undetected,output,,N15100,N15100,0,undetected,N15100,N15100,N15100,sa0,1
3208,N958 /1 undetected,output,,N958,N958,1,undetected,N958,N958,N958,sa1,1
3209,N958 /0 undetected,output,,N958,N958,0,undetected,N958,N958,N958,sa0,1
3210,N3398 /1 undetected,output,,N3398,N3398,1,undetected,N3398,N3398,N3398,sa1,1
3211,N48188 /1 undetected,output,,N48188,N48188,1,undetected,N48188,N48188,N48188,sa1,1
3212,N46730 /1 undetected,output,,N46730,N46730,1,undetected,N46730,N46730,N46730,sa1,1
3213,N1730 /1 undetected,output,,N1730,N1730,1,undetected,N1730,N1730,N1730,sa1,1
3214,N45289 /1 undetected,output,,N45289,N45289,1,undetected,N45289,N45289,N45289,sa1,1
3215,N3397 /1 undetected,output,,N3397,N3397,1,undetected,N3397,N3397,N3397,sa1,1
3216,N46972 /1 undetected,output,,N46972,N46972,1,undetected,N46972,N46972,N46972,sa1,1
3217,N45374 /1 undetected,output,,N45374,N45374,1,undetected,N45374,N45374,N45374,sa1,1
3218,N957 /1 undetected,output,,N957,N957,1,undetected,N957,N957,N957,sa1,1
3219,N957 /0 undetected,output,,N957,N957,0,undetected,N957,N957,N957,sa0,1
3220,N3396 /1 undetected,output,,N3396,N3396,1,undetected,N3396,N3396,N3396,sa1,1
3221,N48187 /1 undetected,output,,N48187,N48187,1,undetected,N48187,N48187,N48187,sa1,1
3222,N46687 /1 undetected,output,,N46687,N46687,1,undetected,N46687,N46687,N46687,sa1,1
3223,N1729 /1 undetected,output,,N1729,N1729,1,undetected,N1729,N1729,N1729,sa1,1
3224,N45288 /1 undetected,output,,N45288,N45288,1,undetected,N45288,N45288,N45288,sa1,1
3225,N3395 /1 undetected,output,,N3395,N3395,1,undetected,N3395,N3395,N3395,sa1,1
3226,N46971 /1 undetected,output,,N46971,N46971,1,undetected,N46971,N46971,N46971,sa1,1
3227,N45425 /1 undetected,output,,N45425,N45425,1,undetected,N45425,N45425,N45425,sa1,1
3228,N956 /1 undetected,output,,N956,N956,1,undetected,N956,N956,N956,sa1,1
3229,N956 /0 undetected,output,,N956,N956,0,undetected,N956,N956,N956,sa0,1
3230,N3374 /1 undetected,output,,N3374,N3374,1,undetected,N3374,N3374,N3374,sa1,1
3231,N48176 /1 undetected,output,,N48176,N48176,1,undetected,N48176,N48176,N48176,sa1,1
3232,N46644 /1 undetected,output,,N46644,N46644,1,undetected,N46644,N46644,N46644,sa1,1
3233,N1718 /1 undetected,output,,N1718,N1718,1,undetected,N1718,N1718,N1718,sa1,1
3234,N45277 /1 undetected,output,,N45277,N45277,1,undetected,N45277,N45277,N45277,sa1,1
3235,N3373 /1 undetected,output,,N3373,N3373,1,undetected,N3373,N3373,N3373,sa1,1
3236,N46960 /1 undetected,output,,N46960,N46960,1,undetected,N46960,N46960,N46960,sa1,1
3237,N45477 /1 undetected,output,,N45477,N45477,1,undetected,N45477,N45477,N45477,sa1,1
3238,N955 /1 undetected,output,,N955,N955,1,undetected,N955,N955,N955,sa1,1
3239,N955 /0 undetected,output,,N955,N955,0,undetected,N955,N955,N955,sa0,1
3240,N3352 /1 undetected,output,,N3352,N3352,1,undetected,N3352,N3352,N3352,sa1,1
3241,N48165 /1 undetected,output,,N48165,N48165,1,undetected,N48165,N48165,N48165,sa1,1
3242,N46631 /1 undetected,output,,N46631,N46631,1,undetected,N46631,N46631,N46631,sa1,1
3243,N1707 /1 undetected,output,,N1707,N1707,1,undetected,N1707,N1707,N1707,sa1,1
3244,N45266 /1 undetected,output,,N45266,N45266,1,undetected,N45266,N45266,N45266,sa1,1
3245,N3351 /1 undetected,output,,N3351,N3351,1,undetected,N3351,N3351,N3351,sa1,1
3246,N46949 /1 undetected,output,,N46949,N46949,1,undetected,N46949,N46949,N46949,sa1,1
3247,N45543 /1 undetected,output,,N45543,N45543,1,undetected,N45543,N45543,N45543,sa1,1
3248,N954 /1 undetected,output,,N954,N954,1,undetected,N954,N954,N954,sa1,1
3249,N954 /0 undetected,output,,N954,N954,0,undetected,N954,N954,N954,sa0,1
3250,N3346 /1 undetected,output,,N3346,N3346,1,undetected,N3346,N3346,N3346,sa1,1
3251,N48162 /1 undetected,output,,N48162,N48162,1,undetected,N48162,N48162,N48162,sa1,1
3252,N46627 /1 undetected,output,,N46627,N46627,1,undetected,N46627,N46627,N46627,sa1,1
3253,N1706 /1 undetected,output,,N1706,N1706,1,undetected,N1706,N1706,N1706,sa1,1
3254,N45265 /1 undetected,output,,N45265,N45265,1,undetected,N45265,N45265,N45265,sa1,1
3255,N3345 /1 undetected,output,,N3345,N3345,1,undetected,N3345,N3345,N3345,sa1,1
3256,N46946 /1 undetected,output,,N46946,N46946,1,undetected,N46946,N46946,N46946,sa1,1
3257,N45613 /1 undetected,output,,N45613,N45613,1,undetected,N45613,N45613,N45613,sa1,1
3258,N925 /1 undetected,output,,N925,N925,1,undetected,N925,N925,N925,sa1,1
3259,N925 /0 undetected,output,,N925,N925,0,undetected,N925,N925,N925,sa0,1
3260,N3488 /1 undetected,output,,N3488,N3488,1,undetected,N3488,N3488,N3488,sa1,1
3261,N47003 /1 undetected,output,,N47003,N47003,1,undetected,N47003,N47003,N47003,sa1,1
3262,N46688 /1 undetected,output,,N46688,N46688,1,undetected,N46688,N46688,N46688,sa1,1
3263,N1753 /1 undetected,output,,N1753,N1753,1,undetected,N1753,N1753,N1753,sa1,1
3264,N3489 /1 undetected,output,,N3489,N3489,1,undetected,N3489,N3489,N3489,sa1,1
3265,N48299 /1 undetected,output,,N48299,N48299,1,undetected,N48299,N48299,N48299,sa1,1
3266,N44177 /1 undetected,output,,N44177,N44177,1,undetected,N44177,N44177,N44177,sa1,1
3267,N3487 /1 undetected,output,,N3487,N3487,1,undetected,N3487,N3487,N3487,sa1,1
3268,N48219 /1 undetected,output,,N48219,N48219,1,undetected,N48219,N48219,N48219,sa1,1
3269,N45426 /1 undetected,output,,N45426,N45426,1,undetected,N45426,N45426,N45426,sa1,1
3270,N924 /1 undetected,output,,N924,N924,1,undetected,N924,N924,N924,sa1,1
3271,N924 /0 undetected,output,,N924,N924,0,undetected,N924,N924,N924,sa0,1
3272,N3455 /1 undetected,output,,N3455,N3455,1,undetected,N3455,N3455,N3455,sa1,1
3273,N46992 /1 undetected,output,,N46992,N46992,1,undetected,N46992,N46992,N46992,sa1,1
3274,N46645 /1 undetected,output,,N46645,N46645,1,undetected,N46645,N46645,N46645,sa1,1
3275,N1742 /1 undetected,output,,N1742,N1742,1,undetected,N1742,N1742,N1742,sa1,1
3276,N3456 /1 undetected,output,,N3456,N3456,1,undetected,N3456,N3456,N3456,sa1,1
3277,N48288 /1 undetected,output,,N48288,N48288,1,undetected,N48288,N48288,N48288,sa1,1
3278,N44212 /1 undetected,output,,N44212,N44212,1,undetected,N44212,N44212,N44212,sa1,1
3279,N3454 /1 undetected,output,,N3454,N3454,1,undetected,N3454,N3454,N3454,sa1,1
3280,N48208 /1 undetected,output,,N48208,N48208,1,undetected,N48208,N48208,N48208,sa1,1
3281,N45478 /1 undetected,output,,N45478,N45478,1,undetected,N45478,N45478,N45478,sa1,1
3282,N923 /1 undetected,output,,N923,N923,1,undetected,N923,N923,N923,sa1,1
3283,N923 /0 undetected,output,,N923,N923,0,undetected,N923,N923,N923,sa0,1
3284,N3422 /1 undetected,output,,N3422,N3422,1,undetected,N3422,N3422,N3422,sa1,1
3285,N46981 /1 undetected,output,,N46981,N46981,1,undetected,N46981,N46981,N46981,sa1,1
3286,N46632 /1 undetected,output,,N46632,N46632,1,undetected,N46632,N46632,N46632,sa1,1
3287,N1732 /1 undetected,output,,N1732,N1732,1,undetected,N1732,N1732,N1732,sa1,1
3288,N3423 /1 undetected,output,,N3423,N3423,1,undetected,N3423,N3423,N3423,sa1,1
3289,N48277 /1 undetected,output,,N48277,N48277,1,undetected,N48277,N48277,N48277,sa1,1
3290,N43733 /1 undetected,output,,N43733,N43733,1,undetected,N43733,N43733,N43733,sa1,1
3291,N3421 /1 undetected,output,,N3421,N3421,1,undetected,N3421,N3421,N3421,sa1,1
3292,N48197 /1 undetected,output,,N48197,N48197,1,undetected,N48197,N48197,N48197,sa1,1
3293,N45544 /1 undetected,output,,N45544,N45544,1,undetected,N45544,N45544,N45544,sa1,1
3294,N922 /1 undetected,output,,N922,N922,1,undetected,N922,N922,N922,sa1,1
3295,N922 /0 undetected,output,,N922,N922,0,undetected,N922,N922,N922,sa0,1
3296,N3415 /1 undetected,output,,N3415,N3415,1,undetected,N3415,N3415,N3415,sa1,1
3297,N46978 /1 undetected,output,,N46978,N46978,1,undetected,N46978,N46978,N46978,sa1,1
3298,N46628 /1 undetected,output,,N46628,N46628,1,undetected,N46628,N46628,N46628,sa1,1
3299,N1731 /1 undetected,output,,N1731,N1731,1,undetected,N1731,N1731,N1731,sa1,1
3300,N3416 /1 undetected,output,,N3416,N3416,1,undetected,N3416,N3416,N3416,sa1,1
3301,N48276 /1 undetected,output,,N48276,N48276,1,undetected,N48276,N48276,N48276,sa1,1
3302,N43533 /1 undetected,output,,N43533,N43533,1,undetected,N43533,N43533,N43533,sa1,1
3303,N3414 /1 undetected,output,,N3414,N3414,1,undetected,N3414,N3414,N3414,sa1,1
3304,N48194 /1 undetected,output,,N48194,N48194,1,undetected,N48194,N48194,N48194,sa1,1
3305,N45614 /1 undetected,output,,N45614,N45614,1,undetected,N45614,N45614,N45614,sa1,1
3306,test_en->__tpi_cp_225_N32452 /0 undetected,input_edge,test_en,__tpi_cp_225_N32452,__tpi_cp_225_N32452,0,undetected,__tpi_cp_225_N32452,__tpi_cp_225_N32452,__tpi_cp_225_N32452,sa0,1
3307,N2723 /1 undetected,output,,N2723,N2723,1,undetected,N2723,N2723,N2723,sa1,1
3308,N46936 /1 undetected,output,,N46936,N46936,1,undetected,N46936,N46936,N46936,sa1,1
3309,N56485 /1 undetected,output,,N56485,N56485,1,undetected,N56485,N56485,N56485,sa1,1
3310,N51073 /1 undetected,output,,N51073,N51073,1,undetected,N51073,N51073,N51073,sa1,1
3311,N6802 /1 undetected,output,,N6802,N6802,1,undetected,N6802,N6802,N6802,sa1,1
3312,N41210 /1 undetected,output,,N41210,N41210,1,undetected,N41210,N41210,N41210,sa1,1
3313,N6806 /1 undetected,output,,N6806,N6806,1,undetected,N6806,N6806,N6806,sa1,1
3314,N41208 /1 undetected,output,,N41208,N41208,1,undetected,N41208,N41208,N41208,sa1,1
3315,N51074 /1 undetected,output,,N51074,N51074,1,undetected,N51074,N51074,N51074,sa1,1
3316,N10435 /1 undetected,output,,N10435,N10435,1,undetected,N10435,N10435,N10435,sa1,1
3317,N10435 /0 undetected,output,,N10435,N10435,0,undetected,N10435,N10435,N10435,sa0,1
3318,N43340 /1 undetected,output,,N43340,N43340,1,undetected,N43340,N43340,N43340,sa1,1
3319,N10347 /1 undetected,output,,N10347,N10347,1,undetected,N10347,N10347,N10347,sa1,1
3320,test_en->__tpi_cp_265_N24239 /0 undetected,input_edge,test_en,__tpi_cp_265_N24239,__tpi_cp_265_N24239,0,undetected,__tpi_cp_265_N24239,__tpi_cp_265_N24239,__tpi_cp_265_N24239,sa0,1
3321,N46908 /1 undetected,output,,N46908,N46908,1,undetected,N46908,N46908,N46908,sa1,1
3322,N56457 /1 undetected,output,,N56457,N56457,1,undetected,N56457,N56457,N56457,sa1,1
3323,test_en->__tpi_cp_218_N24238 /0 undetected,input_edge,test_en,__tpi_cp_218_N24238,__tpi_cp_218_N24238,0,undetected,__tpi_cp_218_N24238,__tpi_cp_218_N24238,__tpi_cp_218_N24238,sa0,1
3324,N46907 /1 undetected,output,,N46907,N46907,1,undetected,N46907,N46907,N46907,sa1,1
3325,N56456 /1 undetected,output,,N56456,N56456,1,undetected,N56456,N56456,N56456,sa1,1
3326,test_en->__tpi_cp_261_N24237 /0 undetected,input_edge,test_en,__tpi_cp_261_N24237,__tpi_cp_261_N24237,0,undetected,__tpi_cp_261_N24237,__tpi_cp_261_N24237,__tpi_cp_261_N24237,sa0,1
3327,N46906 /1 undetected,output,,N46906,N46906,1,undetected,N46906,N46906,N46906,sa1,1
3328,N56455 /1 undetected,output,,N56455,N56455,1,undetected,N56455,N56455,N56455,sa1,1
3329,N1442 /1 undetected,output,,N1442,N1442,1,undetected,N1442,N1442,N1442,sa1,1
3330,N21048 /1 undetected,output,,N21048,N21048,1,undetected,N21048,N21048,N21048,sa1,1
3331,N21047 /1 undetected,output,,N21047,N21047,1,undetected,N21047,N21047,N21047,sa1,1
3332,N1441 /1 undetected,output,,N1441,N1441,1,undetected,N1441,N1441,N1441,sa1,1
3333,N21046 /1 undetected,output,,N21046,N21046,1,undetected,N21046,N21046,N21046,sa1,1
3334,N1976 /1 undetected,output,,N1976,N1976,1,undetected,N1976,N1976,N1976,sa1,1
3335,N40166 /1 undetected,output,,N40166,N40166,1,undetected,N40166,N40166,N40166,sa1,1
3336,N1975 /1 undetected,output,,N1975,N1975,1,undetected,N1975,N1975,N1975,sa1,1
3337,N40164 /1 undetected,output,,N40164,N40164,1,undetected,N40164,N40164,N40164,sa1,1
3338,N1977 /1 undetected,output,,N1977,N1977,1,undetected,N1977,N1977,N1977,sa1,1
3339,N40168 /1 undetected,output,,N40168,N40168,1,undetected,N40168,N40168,N40168,sa1,1
3340,N1440 /1 undetected,output,,N1440,N1440,1,undetected,N1440,N1440,N1440,sa1,1
3341,N21045 /1 undetected,output,,N21045,N21045,1,undetected,N21045,N21045,N21045,sa1,1
3342,N21044 /1 undetected,output,,N21044,N21044,1,undetected,N21044,N21044,N21044,sa1,1
3343,N1974 /1 undetected,output,,N1974,N1974,1,undetected,N1974,N1974,N1974,sa1,1
3344,N40162 /1 undetected,output,,N40162,N40162,1,undetected,N40162,N40162,N40162,sa1,1
3345,N1973 /1 undetected,output,,N1973,N1973,1,undetected,N1973,N1973,N1973,sa1,1
3346,N40160 /1 undetected,output,,N40160,N40160,1,undetected,N40160,N40160,N40160,sa1,1
3347,N1972 /1 undetected,output,,N1972,N1972,1,undetected,N1972,N1972,N1972,sa1,1
3348,N40158 /1 undetected,output,,N40158,N40158,1,undetected,N40158,N40158,N40158,sa1,1
3349,N1971 /1 undetected,output,,N1971,N1971,1,undetected,N1971,N1971,N1971,sa1,1
3350,N40156 /1 undetected,output,,N40156,N40156,1,undetected,N40156,N40156,N40156,sa1,1
3351,N1439 /1 undetected,output,,N1439,N1439,1,undetected,N1439,N1439,N1439,sa1,1
3352,N21043 /1 undetected,output,,N21043,N21043,1,undetected,N21043,N21043,N21043,sa1,1
3353,N21042 /1 undetected,output,,N21042,N21042,1,undetected,N21042,N21042,N21042,sa1,1
3354,N1970 /1 undetected,output,,N1970,N1970,1,undetected,N1970,N1970,N1970,sa1,1
3355,N40212 /1 undetected,output,,N40212,N40212,1,undetected,N40212,N40212,N40212,sa1,1
3356,N1969 /1 undetected,output,,N1969,N1969,1,undetected,N1969,N1969,N1969,sa1,1
3357,N40210 /1 undetected,output,,N40210,N40210,1,undetected,N40210,N40210,N40210,sa1,1
3358,N1968 /1 undetected,output,,N1968,N1968,1,undetected,N1968,N1968,N1968,sa1,1
3359,N40154 /1 undetected,output,,N40154,N40154,1,undetected,N40154,N40154,N40154,sa1,1
3360,N1967 /1 undetected,output,,N1967,N1967,1,undetected,N1967,N1967,N1967,sa1,1
3361,N40208 /1 undetected,output,,N40208,N40208,1,undetected,N40208,N40208,N40208,sa1,1
3362,N1438 /1 undetected,output,,N1438,N1438,1,undetected,N1438,N1438,N1438,sa1,1
3363,N21041 /1 undetected,output,,N21041,N21041,1,undetected,N21041,N21041,N21041,sa1,1
3364,N21040 /1 undetected,output,,N21040,N21040,1,undetected,N21040,N21040,N21040,sa1,1
3365,N1966 /1 undetected,output,,N1966,N1966,1,undetected,N1966,N1966,N1966,sa1,1
3366,N40206 /1 undetected,output,,N40206,N40206,1,undetected,N40206,N40206,N40206,sa1,1
3367,N1965 /1 undetected,output,,N1965,N1965,1,undetected,N1965,N1965,N1965,sa1,1
3368,N40204 /1 undetected,output,,N40204,N40204,1,undetected,N40204,N40204,N40204,sa1,1
3369,N1964 /1 undetected,output,,N1964,N1964,1,undetected,N1964,N1964,N1964,sa1,1
3370,N40202 /1 undetected,output,,N40202,N40202,1,undetected,N40202,N40202,N40202,sa1,1
3371,N1963 /1 undetected,output,,N1963,N1963,1,undetected,N1963,N1963,N1963,sa1,1
3372,N40200 /1 undetected,output,,N40200,N40200,1,undetected,N40200,N40200,N40200,sa1,1
3373,N21039 /1 undetected,output,,N21039,N21039,1,undetected,N21039,N21039,N21039,sa1,1
3374,N21038 /1 undetected,output,,N21038,N21038,1,undetected,N21038,N21038,N21038,sa1,1
3375,N1436 /1 undetected,output,,N1436,N1436,1,undetected,N1436,N1436,N1436,sa1,1
3376,N21037 /1 undetected,output,,N21037,N21037,1,undetected,N21037,N21037,N21037,sa1,1
3377,N1961 /1 undetected,output,,N1961,N1961,1,undetected,N1961,N1961,N1961,sa1,1
3378,N40196 /1 undetected,output,,N40196,N40196,1,undetected,N40196,N40196,N40196,sa1,1
3379,N1960 /1 undetected,output,,N1960,N1960,1,undetected,N1960,N1960,N1960,sa1,1
3380,N40194 /1 undetected,output,,N40194,N40194,1,undetected,N40194,N40194,N40194,sa1,1
3381,N1962 /1 undetected,output,,N1962,N1962,1,undetected,N1962,N1962,N1962,sa1,1
3382,N40198 /1 undetected,output,,N40198,N40198,1,undetected,N40198,N40198,N40198,sa1,1
3383,N1435 /1 undetected,output,,N1435,N1435,1,undetected,N1435,N1435,N1435,sa1,1
3384,N21036 /1 undetected,output,,N21036,N21036,1,undetected,N21036,N21036,N21036,sa1,1
3385,N21035 /1 undetected,output,,N21035,N21035,1,undetected,N21035,N21035,N21035,sa1,1
3386,N1959 /1 undetected,output,,N1959,N1959,1,undetected,N1959,N1959,N1959,sa1,1
3387,N40192 /1 undetected,output,,N40192,N40192,1,undetected,N40192,N40192,N40192,sa1,1
3388,N1958 /1 undetected,output,,N1958,N1958,1,undetected,N1958,N1958,N1958,sa1,1
3389,N40190 /1 undetected,output,,N40190,N40190,1,undetected,N40190,N40190,N40190,sa1,1
3390,N1957 /1 undetected,output,,N1957,N1957,1,undetected,N1957,N1957,N1957,sa1,1
3391,N40188 /1 undetected,output,,N40188,N40188,1,undetected,N40188,N40188,N40188,sa1,1
3392,N1956 /1 undetected,output,,N1956,N1956,1,undetected,N1956,N1956,N1956,sa1,1
3393,N40186 /1 undetected,output,,N40186,N40186,1,undetected,N40186,N40186,N40186,sa1,1
3394,N1434 /1 undetected,output,,N1434,N1434,1,undetected,N1434,N1434,N1434,sa1,1
3395,N21034 /1 undetected,output,,N21034,N21034,1,undetected,N21034,N21034,N21034,sa1,1
3396,N21033 /1 undetected,output,,N21033,N21033,1,undetected,N21033,N21033,N21033,sa1,1
3397,N1955 /1 undetected,output,,N1955,N1955,1,undetected,N1955,N1955,N1955,sa1,1
3398,N40184 /1 undetected,output,,N40184,N40184,1,undetected,N40184,N40184,N40184,sa1,1
3399,N1954 /1 undetected,output,,N1954,N1954,1,undetected,N1954,N1954,N1954,sa1,1
3400,N40182 /1 undetected,output,,N40182,N40182,1,undetected,N40182,N40182,N40182,sa1,1
3401,N1953 /1 undetected,output,,N1953,N1953,1,undetected,N1953,N1953,N1953,sa1,1
3402,N40180 /1 undetected,output,,N40180,N40180,1,undetected,N40180,N40180,N40180,sa1,1
3403,N1952 /1 undetected,output,,N1952,N1952,1,undetected,N1952,N1952,N1952,sa1,1
3404,N40178 /1 undetected,output,,N40178,N40178,1,undetected,N40178,N40178,N40178,sa1,1
3405,N1433 /1 undetected,output,,N1433,N1433,1,undetected,N1433,N1433,N1433,sa1,1
3406,N21032 /1 undetected,output,,N21032,N21032,1,undetected,N21032,N21032,N21032,sa1,1
3407,N21031 /1 undetected,output,,N21031,N21031,1,undetected,N21031,N21031,N21031,sa1,1
3408,N1951 /1 undetected,output,,N1951,N1951,1,undetected,N1951,N1951,N1951,sa1,1
3409,N40176 /1 undetected,output,,N40176,N40176,1,undetected,N40176,N40176,N40176,sa1,1
3410,N1950 /1 undetected,output,,N1950,N1950,1,undetected,N1950,N1950,N1950,sa1,1
3411,N40174 /1 undetected,output,,N40174,N40174,1,undetected,N40174,N40174,N40174,sa1,1
3412,N1949 /1 undetected,output,,N1949,N1949,1,undetected,N1949,N1949,N1949,sa1,1
3413,N40172 /1 undetected,output,,N40172,N40172,1,undetected,N40172,N40172,N40172,sa1,1
3414,N1948 /1 undetected,output,,N1948,N1948,1,undetected,N1948,N1948,N1948,sa1,1
3415,N40170 /1 undetected,output,,N40170,N40170,1,undetected,N40170,N40170,N40170,sa1,1
3416,N46937 /1 undetected,output,,N46937,N46937,1,undetected,N46937,N46937,N46937,sa1,1
3417,N56486 /1 undetected,output,,N56486,N56486,1,undetected,N56486,N56486,N56486,sa1,1
3418,N46926 /1 undetected,output,,N46926,N46926,1,undetected,N46926,N46926,N46926,sa1,1
3419,N56475 /1 undetected,output,,N56475,N56475,1,undetected,N56475,N56475,N56475,sa1,1
3420,N46915 /1 undetected,output,,N46915,N46915,1,undetected,N46915,N46915,N46915,sa1,1
3421,N56464 /1 undetected,output,,N56464,N56464,1,undetected,N56464,N56464,N56464,sa1,1
3422,N4027 /1 undetected,output,,N4027,N4027,1,undetected,N4027,N4027,N4027,sa1,1
3423,N46913 /1 undetected,output,,N46913,N46913,1,undetected,N46913,N46913,N46913,sa1,1
3424,N4025 /1 undetected,output,,N4025,N4025,1,undetected,N4025,N4025,N4025,sa1,1
3425,N43312 /1 undetected,output,,N43312,N43312,1,undetected,N43312,N43312,N43312,sa1,1
3426,N8864 /1 undetected,output,,N8864,N8864,1,undetected,N8864,N8864,N8864,sa1,1
3427,N8866 /1 undetected,output,,N8866,N8866,1,undetected,N8866,N8866,N8866,sa1,1
3428,N55442 /1 undetected,output,,N55442,N55442,1,undetected,N55442,N55442,N55442,sa1,1
3429,N43204 /1 undetected,output,,N43204,N43204,1,undetected,N43204,N43204,N43204,sa1,1
3430,N46912 /1 undetected,output,,N46912,N46912,1,undetected,N46912,N46912,N46912,sa1,1
3431,N56461 /1 undetected,output,,N56461,N56461,1,undetected,N56461,N56461,N56461,sa1,1
3432,N46911 /1 undetected,output,,N46911,N46911,1,undetected,N46911,N46911,N46911,sa1,1
3433,N56460 /1 undetected,output,,N56460,N56460,1,undetected,N56460,N56460,N56460,sa1,1
3434,N46910 /1 undetected,output,,N46910,N46910,1,undetected,N46910,N46910,N46910,sa1,1
3435,N56459 /1 undetected,output,,N56459,N56459,1,undetected,N56459,N56459,N56459,sa1,1
3436,N46909 /1 undetected,output,,N46909,N46909,1,undetected,N46909,N46909,N46909,sa1,1
3437,N56458 /1 undetected,output,,N56458,N56458,1,undetected,N56458,N56458,N56458,sa1,1
3438,N10439 /1 undetected,output,,N10439,N10439,1,undetected,N10439,N10439,N10439,sa1,1
3439,N10439 /0 undetected,output,,N10439,N10439,0,undetected,N10439,N10439,N10439,sa0,1
3440,N43549 /1 undetected,output,,N43549,N43549,1,undetected,N43549,N43549,N43549,sa1,1
3441,N10345 /1 undetected,output,,N10345,N10345,1,undetected,N10345,N10345,N10345,sa1,1
3442,N10339 /1 undetected,output,,N10339,N10339,1,undetected,N10339,N10339,N10339,sa1,1
3443,N10339 /0 undetected,output,,N10339,N10339,0,undetected,N10339,N10339,N10339,sa0,1
3444,N10437 /1 undetected,output,,N10437,N10437,1,undetected,N10437,N10437,N10437,sa1,1
3445,N44188 /1 undetected,output,,N44188,N44188,1,undetected,N44188,N44188,N44188,sa1,1
3446,N10337 /1 undetected,output,,N10337,N10337,1,undetected,N10337,N10337,N10337,sa1,1
3447,N10436 /1 undetected,output,,N10436,N10436,1,undetected,N10436,N10436,N10436,sa1,1
3448,N30976 /1 undetected,output,,N30976,N30976,1,undetected,N30976,N30976,N30976,sa1,1
3449,N45386 /1 undetected,output,,N45386,N45386,1,undetected,N45386,N45386,N45386,sa1,1
3450,N10338 /1 undetected,output,,N10338,N10338,1,undetected,N10338,N10338,N10338,sa1,1
3451,N30975 /1 undetected,output,,N30975,N30975,1,undetected,N30975,N30975,N30975,sa1,1
3452,N43052 /1 undetected,output,,N43052,N43052,1,undetected,N43052,N43052,N43052,sa1,1
3453,N44955 /1 undetected,output,,N44955,N44955,1,undetected,N44955,N44955,N44955,sa1,1
3454,N3550 /1 undetected,output,,N3550,N3550,1,undetected,N3550,N3550,N3550,sa1,1
3455,N40152 /1 undetected,output,,N40152,N40152,1,undetected,N40152,N40152,N40152,sa1,1
3456,N3554 /1 undetected,output,,N3554,N3554,1,undetected,N3554,N3554,N3554,sa1,1
3457,N40150 /1 undetected,output,,N40150,N40150,1,undetected,N40150,N40150,N40150,sa1,1
3458,N44956 /1 undetected,output,,N44956,N44956,1,undetected,N44956,N44956,N44956,sa1,1
3459,N6512 /1 undetected,output,,N6512,N6512,1,undetected,N6512,N6512,N6512,sa1,1
3460,N6512 /0 undetected,output,,N6512,N6512,0,undetected,N6512,N6512,N6512,sa0,1
3461,__tpi_not_test_en->__tpi_cp_29_N6576 /1 undetected,input_edge,__tpi_not_test_en,__tpi_cp_29_N6576,__tpi_cp_29_N6576,1,undetected,__tpi_cp_29_N6576,__tpi_cp_29_N6576,__tpi_cp_29_N6576,sa1,1
3462,test_en->__tpi_cp_149_N22256 /0 undetected,input_edge,test_en,__tpi_cp_149_N22256,__tpi_cp_149_N22256,0,undetected,__tpi_cp_149_N22256,__tpi_cp_149_N22256,__tpi_cp_149_N22256,sa0,1
3463,N10333 /1 undetected,output,,N10333,N10333,1,undetected,N10333,N10333,N10333,sa1,1
3464,N10333 /0 undetected,output,,N10333,N10333,0,undetected,N10333,N10333,N10333,sa0,1
3465,N8863 /0 undetected,output,,N8863,N8863,0,undetected,N8863,N8863,N8863,sa0,1
3466,N959 /1 undetected,output,,N959,N959,1,undetected,N959,N959,N959,sa1,1
3467,N959 /0 undetected,output,,N959,N959,0,undetected,N959,N959,N959,sa0,1
3468,N46939 /1 undetected,output,,N46939,N46939,1,undetected,N46939,N46939,N46939,sa1,1
3469,N45260 /1 undetected,output,,N45260,N45260,1,undetected,N45260,N45260,N45260,sa1,1
3470,N59228 /1 undetected,output,,N59228,N59228,1,undetected,N59228,N59228,N59228,sa1,1
3471,N59247 /1 undetected,output,,N59247,N59247,1,undetected,N59247,N59247,N59247,sa1,1
3472,N960 /1 undetected,output,,N960,N960,1,undetected,N960,N960,N960,sa1,1
3473,N44988 /1 undetected,output,,N44988,N44988,1,undetected,N44988,N44988,N44988,sa1,1
3474,N4213 /1 undetected,output,,N4213,N4213,1,undetected,N4213,N4213,N4213,sa1,1
3475,N59246 /1 undetected,output,,N59246,N59246,1,undetected,N59246,N59246,N59246,sa1,1
3476,N59181 /1 undetected,output,,N59181,N59181,1,undetected,N59181,N59181,N59181,sa1,1
3477,N14877 /1 undetected,output,,N14877,N14877,1,undetected,N14877,N14877,N14877,sa1,1
3478,N59198 /1 undetected,output,,N59198,N59198,1,undetected,N59198,N59198,N59198,sa1,1
3479,N59172 /1 undetected,output,,N59172,N59172,1,undetected,N59172,N59172,N59172,sa1,1
3480,N4212 /1 undetected,output,,N4212,N4212,1,undetected,N4212,N4212,N4212,sa1,1
3481,N51410 /1 undetected,output,,N51410,N51410,1,undetected,N51410,N51410,N51410,sa1,1
3482,N51391 /1 undetected,output,,N51391,N51391,1,undetected,N51391,N51391,N51391,sa1,1
3483,N6574 /1 undetected,output,,N6574,N6574,1,undetected,N6574,N6574,N6574,sa1,1
3484,N54293 /1 undetected,output,,N54293,N54293,1,undetected,N54293,N54293,N54293,sa1,1
3485,N51451 /1 undetected,output,,N51451,N51451,1,undetected,N51451,N51451,N51451,sa1,1
3486,N14796 /1 undetected,output,,N14796,N14796,1,undetected,N14796,N14796,N14796,sa1,1
3487,N59197 /1 undetected,output,,N59197,N59197,1,undetected,N59197,N59197,N59197,sa1,1
3488,N14834 /1 undetected,output,,N14834,N14834,1,undetected,N14834,N14834,N14834,sa1,1
3489,N14766 /1 undetected,output,,N14766,N14766,1,undetected,N14766,N14766,N14766,sa1,1
3490,N55355 /1 undetected,output,,N55355,N55355,1,undetected,N55355,N55355,N55355,sa1,1
3491,N55421 /1 undetected,output,,N55421,N55421,1,undetected,N55421,N55421,N55421,sa1,1
3492,N54303 /1 undetected,output,,N54303,N54303,1,undetected,N54303,N54303,N54303,sa1,1
3493,N59179 /1 undetected,output,,N59179,N59179,1,undetected,N59179,N59179,N59179,sa1,1
3494,N14857 /1 undetected,output,,N14857,N14857,1,undetected,N14857,N14857,N14857,sa1,1
3495,N55420 /1 undetected,output,,N55420,N55420,1,undetected,N55420,N55420,N55420,sa1,1
3496,N45303 /1 undetected,output,,N45303,N45303,1,undetected,N45303,N45303,N45303,sa1,1
3497,N14839 /0 undetected,output,,N14839,N14839,0,undetected,N14839,N14839,N14839,sa0,1
3498,N14893 /1 undetected,output,,N14893,N14893,1,undetected,N14893,N14893,N14893,sa1,1
3499,N51398 /1 undetected,output,,N51398,N51398,1,undetected,N51398,N51398,N51398,sa1,1
3500,N14879 /1 undetected,output,,N14879,N14879,1,undetected,N14879,N14879,N14879,sa1,1
3501,N59202 /1 undetected,output,,N59202,N59202,1,undetected,N59202,N59202,N59202,sa1,1
3502,N59170 /1 undetected,output,,N59170,N59170,1,undetected,N59170,N59170,N59170,sa1,1
3503,N14764 /1 undetected,output,,N14764,N14764,1,undetected,N14764,N14764,N14764,sa1,1
3504,N34094 /1 undetected,output,,N34094,N34094,1,undetected,N34094,N34094,N34094,sa1,1
3505,N8806 /1 undetected,output,,N8806,N8806,1,undetected,N8806,N8806,N8806,sa1,1
3506,N14891 /1 undetected,output,,N14891,N14891,1,undetected,N14891,N14891,N14891,sa1,1
3507,N59227 /1 undetected,output,,N59227,N59227,1,undetected,N59227,N59227,N59227,sa1,1
3508,N59230 /1 undetected,output,,N59230,N59230,1,undetected,N59230,N59230,N59230,sa1,1
3509,N14758 /1 undetected,output,,N14758,N14758,1,undetected,N14758,N14758,N14758,sa1,1
3510,N59201 /1 undetected,output,,N59201,N59201,1,undetected,N59201,N59201,N59201,sa1,1
3511,N8833 /1 undetected,output,,N8833,N8833,1,undetected,N8833,N8833,N8833,sa1,1
3512,N55400 /1 undetected,output,,N55400,N55400,1,undetected,N55400,N55400,N55400,sa1,1
3513,N59249 /1 undetected,output,,N59249,N59249,1,undetected,N59249,N59249,N59249,sa1,1
3514,N14837 /1 undetected,output,,N14837,N14837,1,undetected,N14837,N14837,N14837,sa1,1
3515,N59105 /1 undetected,output,,N59105,N59105,1,undetected,N59105,N59105,N59105,sa1,1
3516,N14885 /1 undetected,output,,N14885,N14885,1,undetected,N14885,N14885,N14885,sa1,1
3517,N14808 /1 undetected,output,,N14808,N14808,1,undetected,N14808,N14808,N14808,sa1,1
3518,N59217 /1 undetected,output,,N59217,N59217,1,undetected,N59217,N59217,N59217,sa1,1
3519,N14832 /0 undetected,output,,N14832,N14832,0,undetected,N14832,N14832,N14832,sa0,1
3520,N55401 /1 undetected,output,,N55401,N55401,1,undetected,N55401,N55401,N55401,sa1,1
3521,N55360 /1 undetected,output,,N55360,N55360,1,undetected,N55360,N55360,N55360,sa1,1
3522,N14838 /0 undetected,output,,N14838,N14838,0,undetected,N14838,N14838,N14838,sa0,1
3523,N59248 /1 undetected,output,,N59248,N59248,1,undetected,N59248,N59248,N59248,sa1,1
3524,N59167 /1 undetected,output,,N59167,N59167,1,undetected,N59167,N59167,N59167,sa1,1
3525,N8768 /1 undetected,output,,N8768,N8768,1,undetected,N8768,N8768,N8768,sa1,1
3526,N29777 /1 undetected,output,,N29777,N29777,1,undetected,N29777,N29777,N29777,sa1,1
3527,N29776 /1 undetected,output,,N29776,N29776,1,undetected,N29776,N29776,N29776,sa1,1
3528,N55431 /1 undetected,output,,N55431,N55431,1,undetected,N55431,N55431,N55431,sa1,1
3529,N55430 /1 undetected,output,,N55430,N55430,1,undetected,N55430,N55430,N55430,sa1,1
3530,N59215 /1 undetected,output,,N59215,N59215,1,undetected,N59215,N59215,N59215,sa1,1
3531,N59175 /1 undetected,output,,N59175,N59175,1,undetected,N59175,N59175,N59175,sa1,1
3532,N14816 /1 undetected,output,,N14816,N14816,1,undetected,N14816,N14816,N14816,sa1,1
3533,N14765 /1 undetected,output,,N14765,N14765,1,undetected,N14765,N14765,N14765,sa1,1
3534,N14787 /1 undetected,output,,N14787,N14787,1,undetected,N14787,N14787,N14787,sa1,1
3535,N39249 /1 undetected,output,,N39249,N39249,1,undetected,N39249,N39249,N39249,sa1,1
3536,N39248 /1 undetected,output,,N39248,N39248,1,undetected,N39248,N39248,N39248,sa1,1
3537,N39246 /1 undetected,output,,N39246,N39246,1,undetected,N39246,N39246,N39246,sa1,1
3538,N39245 /1 undetected,output,,N39245,N39245,1,undetected,N39245,N39245,N39245,sa1,1
3539,N55425 /1 undetected,output,,N55425,N55425,1,undetected,N55425,N55425,N55425,sa1,1
3540,N8829 /1 undetected,output,,N8829,N8829,1,undetected,N8829,N8829,N8829,sa1,1
3541,N55396 /1 undetected,output,,N55396,N55396,1,undetected,N55396,N55396,N55396,sa1,1
3542,N14836 /1 undetected,output,,N14836,N14836,1,undetected,N14836,N14836,N14836,sa1,1
3543,N14759 /1 undetected,output,,N14759,N14759,1,undetected,N14759,N14759,N14759,sa1,1
3544,N14757 /1 undetected,output,,N14757,N14757,1,undetected,N14757,N14757,N14757,sa1,1
3545,N14778 /1 undetected,output,,N14778,N14778,1,undetected,N14778,N14778,N14778,sa1,1
3546,N59205 /1 undetected,output,,N59205,N59205,1,undetected,N59205,N59205,N59205,sa1,1
3547,N59103 /1 undetected,output,,N59103,N59103,1,undetected,N59103,N59103,N59103,sa1,1
3548,N55429 /1 undetected,output,,N55429,N55429,1,undetected,N55429,N55429,N55429,sa1,1
3549,N8825 /1 undetected,output,,N8825,N8825,1,undetected,N8825,N8825,N8825,sa1,1
3550,N8753 /1 undetected,output,,N8753,N8753,1,undetected,N8753,N8753,N8753,sa1,1
3551,N38982 /1 undetected,output,,N38982,N38982,1,undetected,N38982,N38982,N38982,sa1,1
3552,N38981 /1 undetected,output,,N38981,N38981,1,undetected,N38981,N38981,N38981,sa1,1
3553,N38979 /1 undetected,output,,N38979,N38979,1,undetected,N38979,N38979,N38979,sa1,1
3554,N38978 /1 undetected,output,,N38978,N38978,1,undetected,N38978,N38978,N38978,sa1,1
3555,N38976 /1 undetected,output,,N38976,N38976,1,undetected,N38976,N38976,N38976,sa1,1
3556,N38975 /1 undetected,output,,N38975,N38975,1,undetected,N38975,N38975,N38975,sa1,1
3557,N38973 /1 undetected,output,,N38973,N38973,1,undetected,N38973,N38973,N38973,sa1,1
3558,N38972 /1 undetected,output,,N38972,N38972,1,undetected,N38972,N38972,N38972,sa1,1
3559,N8752 /1 undetected,output,,N8752,N8752,1,undetected,N8752,N8752,N8752,sa1,1
3560,N8751 /1 undetected,output,,N8751,N8751,1,undetected,N8751,N8751,N8751,sa1,1
3561,N38970 /1 undetected,output,,N38970,N38970,1,undetected,N38970,N38970,N38970,sa1,1
3562,N38969 /1 undetected,output,,N38969,N38969,1,undetected,N38969,N38969,N38969,sa1,1
3563,N38967 /1 undetected,output,,N38967,N38967,1,undetected,N38967,N38967,N38967,sa1,1
3564,N38966 /1 undetected,output,,N38966,N38966,1,undetected,N38966,N38966,N38966,sa1,1
3565,N8750 /1 undetected,output,,N8750,N8750,1,undetected,N8750,N8750,N8750,sa1,1
3566,N38964 /1 undetected,output,,N38964,N38964,1,undetected,N38964,N38964,N38964,sa1,1
3567,N38963 /1 undetected,output,,N38963,N38963,1,undetected,N38963,N38963,N38963,sa1,1
3568,N38961 /1 undetected,output,,N38961,N38961,1,undetected,N38961,N38961,N38961,sa1,1
3569,N38960 /1 undetected,output,,N38960,N38960,1,undetected,N38960,N38960,N38960,sa1,1
3570,N8749 /1 undetected,output,,N8749,N8749,1,undetected,N8749,N8749,N8749,sa1,1
3571,N38958 /1 undetected,output,,N38958,N38958,1,undetected,N38958,N38958,N38958,sa1,1
3572,N38957 /1 undetected,output,,N38957,N38957,1,undetected,N38957,N38957,N38957,sa1,1
3573,N38955 /1 undetected,output,,N38955,N38955,1,undetected,N38955,N38955,N38955,sa1,1
3574,N38954 /1 undetected,output,,N38954,N38954,1,undetected,N38954,N38954,N38954,sa1,1
3575,N38952 /1 undetected,output,,N38952,N38952,1,undetected,N38952,N38952,N38952,sa1,1
3576,N38951 /1 undetected,output,,N38951,N38951,1,undetected,N38951,N38951,N38951,sa1,1
3577,N38949 /1 undetected,output,,N38949,N38949,1,undetected,N38949,N38949,N38949,sa1,1
3578,N38948 /1 undetected,output,,N38948,N38948,1,undetected,N38948,N38948,N38948,sa1,1
3579,N8748 /1 undetected,output,,N8748,N8748,1,undetected,N8748,N8748,N8748,sa1,1
3580,N8747 /1 undetected,output,,N8747,N8747,1,undetected,N8747,N8747,N8747,sa1,1
3581,N38946 /1 undetected,output,,N38946,N38946,1,undetected,N38946,N38946,N38946,sa1,1
3582,N38945 /1 undetected,output,,N38945,N38945,1,undetected,N38945,N38945,N38945,sa1,1
3583,N38943 /1 undetected,output,,N38943,N38943,1,undetected,N38943,N38943,N38943,sa1,1
3584,N38942 /1 undetected,output,,N38942,N38942,1,undetected,N38942,N38942,N38942,sa1,1
3585,N8746 /1 undetected,output,,N8746,N8746,1,undetected,N8746,N8746,N8746,sa1,1
3586,N38940 /1 undetected,output,,N38940,N38940,1,undetected,N38940,N38940,N38940,sa1,1
3587,N38939 /1 undetected,output,,N38939,N38939,1,undetected,N38939,N38939,N38939,sa1,1
3588,N38937 /1 undetected,output,,N38937,N38937,1,undetected,N38937,N38937,N38937,sa1,1
3589,N38936 /1 undetected,output,,N38936,N38936,1,undetected,N38936,N38936,N38936,sa1,1
3590,N14887 /1 undetected,output,,N14887,N14887,1,undetected,N14887,N14887,N14887,sa1,1
3591,N14762 /1 undetected,output,,N14762,N14762,1,undetected,N14762,N14762,N14762,sa1,1
3592,N59223 /1 undetected,output,,N59223,N59223,1,undetected,N59223,N59223,N59223,sa1,1
3593,N14883 /1 undetected,output,,N14883,N14883,1,undetected,N14883,N14883,N14883,sa1,1
3594,N14805 /1 undetected,output,,N14805,N14805,1,undetected,N14805,N14805,N14805,sa1,1
3595,N59212 /1 undetected,output,,N59212,N59212,1,undetected,N59212,N59212,N59212,sa1,1
3596,N14881 /1 undetected,output,,N14881,N14881,1,undetected,N14881,N14881,N14881,sa1,1
3597,N59206 /1 undetected,output,,N59206,N59206,1,undetected,N59206,N59206,N59206,sa1,1
3598,N59208 /1 undetected,output,,N59208,N59208,1,undetected,N59208,N59208,N59208,sa1,1
3599,N8856 /1 undetected,output,,N8856,N8856,1,undetected,N8856,N8856,N8856,sa1,1
3600,N8782 /1 undetected,output,,N8782,N8782,1,undetected,N8782,N8782,N8782,sa1,1
3601,N55393 /1 undetected,output,,N55393,N55393,1,undetected,N55393,N55393,N55393,sa1,1
3602,N14809 /1 undetected,output,,N14809,N14809,1,undetected,N14809,N14809,N14809,sa1,1
3603,N14761 /1 undetected,output,,N14761,N14761,1,undetected,N14761,N14761,N14761,sa1,1
3604,N59222 /1 undetected,output,,N59222,N59222,1,undetected,N59222,N59222,N59222,sa1,1
3605,N14784 /1 undetected,output,,N14784,N14784,1,undetected,N14784,N14784,N14784,sa1,1
3606,N59173 /1 undetected,output,,N59173,N59173,1,undetected,N59173,N59173,N59173,sa1,1
3607,N14863 /1 undetected,output,,N14863,N14863,1,undetected,N14863,N14863,N14863,sa1,1
3608,N41125 /1 undetected,output,,N41125,N41125,1,undetected,N41125,N41125,N41125,sa1,1
3609,N59220 /1 undetected,output,,N59220,N59220,1,undetected,N59220,N59220,N59220,sa1,1
3610,N59257 /1 undetected,output,,N59257,N59257,1,undetected,N59257,N59257,N59257,sa1,1
3611,N59256 /1 undetected,output,,N59256,N59256,1,undetected,N59256,N59256,N59256,sa1,1
3612,N59255 /1 undetected,output,,N59255,N59255,1,undetected,N59255,N59255,N59255,sa1,1
3613,N8860 /1 undetected,output,,N8860,N8860,1,undetected,N8860,N8860,N8860,sa1,1
3614,N55397 /1 undetected,output,,N55397,N55397,1,undetected,N55397,N55397,N55397,sa1,1
3615,N55357 /1 undetected,output,,N55357,N55357,1,undetected,N55357,N55357,N55357,sa1,1
3616,N8850 /1 undetected,output,,N8850,N8850,1,undetected,N8850,N8850,N8850,sa1,1
3617,N55380 /1 undetected,output,,N55380,N55380,1,undetected,N55380,N55380,N55380,sa1,1
3618,N55354 /1 undetected,output,,N55354,N55354,1,undetected,N55354,N55354,N55354,sa1,1
3619,N8842 /1 undetected,output,,N8842,N8842,1,undetected,N8842,N8842,N8842,sa1,1
3620,N22505 /1 undetected,output,,N22505,N22505,1,undetected,N22505,N22505,N22505,sa1,1
3621,N22504 /1 undetected,output,,N22504,N22504,1,undetected,N22504,N22504,N22504,sa1,1
3622,N8696 /1 undetected,output,,N8696,N8696,1,undetected,N8696,N8696,N8696,sa1,1
3623,N38685 /1 undetected,output,,N38685,N38685,1,undetected,N38685,N38685,N38685,sa1,1
3624,N38684 /1 undetected,output,,N38684,N38684,1,undetected,N38684,N38684,N38684,sa1,1
3625,N38682 /1 undetected,output,,N38682,N38682,1,undetected,N38682,N38682,N38682,sa1,1
3626,N38681 /1 undetected,output,,N38681,N38681,1,undetected,N38681,N38681,N38681,sa1,1
3627,N8695 /1 undetected,output,,N8695,N8695,1,undetected,N8695,N8695,N8695,sa1,1
3628,N38679 /1 undetected,output,,N38679,N38679,1,undetected,N38679,N38679,N38679,sa1,1
3629,N38678 /1 undetected,output,,N38678,N38678,1,undetected,N38678,N38678,N38678,sa1,1
3630,N38676 /1 undetected,output,,N38676,N38676,1,undetected,N38676,N38676,N38676,sa1,1
3631,N38675 /1 undetected,output,,N38675,N38675,1,undetected,N38675,N38675,N38675,sa1,1
3632,N8694 /1 undetected,output,,N8694,N8694,1,undetected,N8694,N8694,N8694,sa1,1
3633,N38673 /1 undetected,output,,N38673,N38673,1,undetected,N38673,N38673,N38673,sa1,1
3634,N38672 /1 undetected,output,,N38672,N38672,1,undetected,N38672,N38672,N38672,sa1,1
3635,N38670 /1 undetected,output,,N38670,N38670,1,undetected,N38670,N38670,N38670,sa1,1
3636,N38669 /1 undetected,output,,N38669,N38669,1,undetected,N38669,N38669,N38669,sa1,1
3637,N8693 /1 undetected,output,,N8693,N8693,1,undetected,N8693,N8693,N8693,sa1,1
3638,N38667 /1 undetected,output,,N38667,N38667,1,undetected,N38667,N38667,N38667,sa1,1
3639,N38666 /1 undetected,output,,N38666,N38666,1,undetected,N38666,N38666,N38666,sa1,1
3640,N38664 /1 undetected,output,,N38664,N38664,1,undetected,N38664,N38664,N38664,sa1,1
3641,N38663 /1 undetected,output,,N38663,N38663,1,undetected,N38663,N38663,N38663,sa1,1
3642,N38661 /1 undetected,output,,N38661,N38661,1,undetected,N38661,N38661,N38661,sa1,1
3643,N38660 /1 undetected,output,,N38660,N38660,1,undetected,N38660,N38660,N38660,sa1,1
3644,N22494 /1 undetected,output,,N22494,N22494,1,undetected,N22494,N22494,N22494,sa1,1
3645,N22493 /1 undetected,output,,N22493,N22493,1,undetected,N22493,N22493,N22493,sa1,1
3646,N8691 /1 undetected,output,,N8691,N8691,1,undetected,N8691,N8691,N8691,sa1,1
3647,N38658 /1 undetected,output,,N38658,N38658,1,undetected,N38658,N38658,N38658,sa1,1
3648,N38657 /1 undetected,output,,N38657,N38657,1,undetected,N38657,N38657,N38657,sa1,1
3649,N38655 /1 undetected,output,,N38655,N38655,1,undetected,N38655,N38655,N38655,sa1,1
3650,N38654 /1 undetected,output,,N38654,N38654,1,undetected,N38654,N38654,N38654,sa1,1
3651,N8690 /1 undetected,output,,N8690,N8690,1,undetected,N8690,N8690,N8690,sa1,1
3652,N38652 /1 undetected,output,,N38652,N38652,1,undetected,N38652,N38652,N38652,sa1,1
3653,N38651 /1 undetected,output,,N38651,N38651,1,undetected,N38651,N38651,N38651,sa1,1
3654,N38649 /1 undetected,output,,N38649,N38649,1,undetected,N38649,N38649,N38649,sa1,1
3655,N38648 /1 undetected,output,,N38648,N38648,1,undetected,N38648,N38648,N38648,sa1,1
3656,N38646 /1 undetected,output,,N38646,N38646,1,undetected,N38646,N38646,N38646,sa1,1
3657,N38645 /1 undetected,output,,N38645,N38645,1,undetected,N38645,N38645,N38645,sa1,1
3658,N8689 /1 undetected,output,,N8689,N8689,1,undetected,N8689,N8689,N8689,sa1,1
3659,N38643 /1 undetected,output,,N38643,N38643,1,undetected,N38643,N38643,N38643,sa1,1
3660,N38642 /1 undetected,output,,N38642,N38642,1,undetected,N38642,N38642,N38642,sa1,1
3661,N38640 /1 undetected,output,,N38640,N38640,1,undetected,N38640,N38640,N38640,sa1,1
3662,N38639 /1 undetected,output,,N38639,N38639,1,undetected,N38639,N38639,N38639,sa1,1
3663,N8688 /1 undetected,output,,N8688,N8688,1,undetected,N8688,N8688,N8688,sa1,1
3664,N38637 /1 undetected,output,,N38637,N38637,1,undetected,N38637,N38637,N38637,sa1,1
3665,N38636 /1 undetected,output,,N38636,N38636,1,undetected,N38636,N38636,N38636,sa1,1
3666,N38634 /1 undetected,output,,N38634,N38634,1,undetected,N38634,N38634,N38634,sa1,1
3667,N38633 /1 undetected,output,,N38633,N38633,1,undetected,N38633,N38633,N38633,sa1,1
3668,N38631 /1 undetected,output,,N38631,N38631,1,undetected,N38631,N38631,N38631,sa1,1
3669,N38630 /1 undetected,output,,N38630,N38630,1,undetected,N38630,N38630,N38630,sa1,1
3670,N8851 /1 undetected,output,,N8851,N8851,1,undetected,N8851,N8851,N8851,sa1,1
3671,N40097 /1 undetected,output,,N40097,N40097,1,undetected,N40097,N40097,N40097,sa1,1
3672,N55391 /1 undetected,output,,N55391,N55391,1,undetected,N55391,N55391,N55391,sa1,1
3673,N55428 /1 undetected,output,,N55428,N55428,1,undetected,N55428,N55428,N55428,sa1,1
3674,N55427 /1 undetected,output,,N55427,N55427,1,undetected,N55427,N55427,N55427,sa1,1
3675,N55426 /1 undetected,output,,N55426,N55426,1,undetected,N55426,N55426,N55426,sa1,1
3676,N8811 /1 undetected,output,,N8811,N8811,1,undetected,N8811,N8811,N8811,sa1,1
3677,N8745 /1 undetected,output,,N8745,N8745,1,undetected,N8745,N8745,N8745,sa1,1
3678,N22605 /1 undetected,output,,N22605,N22605,1,undetected,N22605,N22605,N22605,sa1,1
3679,N8743 /1 undetected,output,,N8743,N8743,1,undetected,N8743,N8743,N8743,sa1,1
3680,N29773 /1 undetected,output,,N29773,N29773,1,undetected,N29773,N29773,N29773,sa1,1
3681,N29772 /1 undetected,output,,N29772,N29772,1,undetected,N29772,N29772,N29772,sa1,1
3682,N8742 /1 undetected,output,,N8742,N8742,1,undetected,N8742,N8742,N8742,sa1,1
3683,N29771 /1 undetected,output,,N29771,N29771,1,undetected,N29771,N29771,N29771,sa1,1
3684,N29770 /1 undetected,output,,N29770,N29770,1,undetected,N29770,N29770,N29770,sa1,1
3685,N8744 /1 undetected,output,,N8744,N8744,1,undetected,N8744,N8744,N8744,sa1,1
3686,N29775 /1 undetected,output,,N29775,N29775,1,undetected,N29775,N29775,N29775,sa1,1
3687,N29774 /1 undetected,output,,N29774,N29774,1,undetected,N29774,N29774,N29774,sa1,1
3688,N59254 /1 undetected,output,,N59254,N59254,1,undetected,N59254,N59254,N59254,sa1,1
3689,N14853 /1 undetected,output,,N14853,N14853,1,undetected,N14853,N14853,N14853,sa1,1
3690,N59226 /1 undetected,output,,N59226,N59226,1,undetected,N59226,N59226,N59226,sa1,1
3691,N14867 /0 undetected,output,,N14867,N14867,0,undetected,N14867,N14867,N14867,sa0,1
3692,N55352 /1 undetected,output,,N55352,N55352,1,undetected,N55352,N55352,N55352,sa1,1
3693,N55434 /1 undetected,output,,N55434,N55434,1,undetected,N55434,N55434,N55434,sa1,1
3694,N8854 /1 undetected,output,,N8854,N8854,1,undetected,N8854,N8854,N8854,sa1,1
3695,N8779 /1 undetected,output,,N8779,N8779,1,undetected,N8779,N8779,N8779,sa1,1
3696,N55388 /1 undetected,output,,N55388,N55388,1,undetected,N55388,N55388,N55388,sa1,1
3697,N55433 /1 undetected,output,,N55433,N55433,1,undetected,N55433,N55433,N55433,sa1,1
3698,N8840 /1 undetected,output,,N8840,N8840,1,undetected,N8840,N8840,N8840,sa1,1
3699,N8687 /1 undetected,output,,N8687,N8687,1,undetected,N8687,N8687,N8687,sa1,1
3700,N22482 /1 undetected,output,,N22482,N22482,1,undetected,N22482,N22482,N22482,sa1,1
3701,N22481 /1 undetected,output,,N22481,N22481,1,undetected,N22481,N22481,N22481,sa1,1
3702,N8686 /1 undetected,output,,N8686,N8686,1,undetected,N8686,N8686,N8686,sa1,1
3703,N38628 /1 undetected,output,,N38628,N38628,1,undetected,N38628,N38628,N38628,sa1,1
3704,N38627 /1 undetected,output,,N38627,N38627,1,undetected,N38627,N38627,N38627,sa1,1
3705,N38625 /1 undetected,output,,N38625,N38625,1,undetected,N38625,N38625,N38625,sa1,1
3706,N38624 /1 undetected,output,,N38624,N38624,1,undetected,N38624,N38624,N38624,sa1,1
3707,N8685 /1 undetected,output,,N8685,N8685,1,undetected,N8685,N8685,N8685,sa1,1
3708,N38622 /1 undetected,output,,N38622,N38622,1,undetected,N38622,N38622,N38622,sa1,1
3709,N38621 /1 undetected,output,,N38621,N38621,1,undetected,N38621,N38621,N38621,sa1,1
3710,N38619 /1 undetected,output,,N38619,N38619,1,undetected,N38619,N38619,N38619,sa1,1
3711,N38618 /1 undetected,output,,N38618,N38618,1,undetected,N38618,N38618,N38618,sa1,1
3712,N38616 /1 undetected,output,,N38616,N38616,1,undetected,N38616,N38616,N38616,sa1,1
3713,N38615 /1 undetected,output,,N38615,N38615,1,undetected,N38615,N38615,N38615,sa1,1
3714,N8684 /1 undetected,output,,N8684,N8684,1,undetected,N8684,N8684,N8684,sa1,1
3715,N38613 /1 undetected,output,,N38613,N38613,1,undetected,N38613,N38613,N38613,sa1,1
3716,N38612 /1 undetected,output,,N38612,N38612,1,undetected,N38612,N38612,N38612,sa1,1
3717,N38610 /1 undetected,output,,N38610,N38610,1,undetected,N38610,N38610,N38610,sa1,1
3718,N38609 /1 undetected,output,,N38609,N38609,1,undetected,N38609,N38609,N38609,sa1,1
3719,N8683 /1 undetected,output,,N8683,N8683,1,undetected,N8683,N8683,N8683,sa1,1
3720,N38607 /1 undetected,output,,N38607,N38607,1,undetected,N38607,N38607,N38607,sa1,1
3721,N38606 /1 undetected,output,,N38606,N38606,1,undetected,N38606,N38606,N38606,sa1,1
3722,N38604 /1 undetected,output,,N38604,N38604,1,undetected,N38604,N38604,N38604,sa1,1
3723,N38603 /1 undetected,output,,N38603,N38603,1,undetected,N38603,N38603,N38603,sa1,1
3724,N38601 /1 undetected,output,,N38601,N38601,1,undetected,N38601,N38601,N38601,sa1,1
3725,N38600 /1 undetected,output,,N38600,N38600,1,undetected,N38600,N38600,N38600,sa1,1
3726,N8682 /1 undetected,output,,N8682,N8682,1,undetected,N8682,N8682,N8682,sa1,1
3727,N22470 /1 undetected,output,,N22470,N22470,1,undetected,N22470,N22470,N22470,sa1,1
3728,N22469 /1 undetected,output,,N22469,N22469,1,undetected,N22469,N22469,N22469,sa1,1
3729,N8681 /1 undetected,output,,N8681,N8681,1,undetected,N8681,N8681,N8681,sa1,1
3730,N38598 /1 undetected,output,,N38598,N38598,1,undetected,N38598,N38598,N38598,sa1,1
3731,N38597 /1 undetected,output,,N38597,N38597,1,undetected,N38597,N38597,N38597,sa1,1
3732,N38595 /1 undetected,output,,N38595,N38595,1,undetected,N38595,N38595,N38595,sa1,1
3733,N38594 /1 undetected,output,,N38594,N38594,1,undetected,N38594,N38594,N38594,sa1,1
3734,N8680 /1 undetected,output,,N8680,N8680,1,undetected,N8680,N8680,N8680,sa1,1
3735,N38592 /1 undetected,output,,N38592,N38592,1,undetected,N38592,N38592,N38592,sa1,1
3736,N38591 /1 undetected,output,,N38591,N38591,1,undetected,N38591,N38591,N38591,sa1,1
3737,N38589 /1 undetected,output,,N38589,N38589,1,undetected,N38589,N38589,N38589,sa1,1
3738,N38588 /1 undetected,output,,N38588,N38588,1,undetected,N38588,N38588,N38588,sa1,1
3739,N38586 /1 undetected,output,,N38586,N38586,1,undetected,N38586,N38586,N38586,sa1,1
3740,N38585 /1 undetected,output,,N38585,N38585,1,undetected,N38585,N38585,N38585,sa1,1
3741,N8679 /1 undetected,output,,N8679,N8679,1,undetected,N8679,N8679,N8679,sa1,1
3742,N38583 /1 undetected,output,,N38583,N38583,1,undetected,N38583,N38583,N38583,sa1,1
3743,N38582 /1 undetected,output,,N38582,N38582,1,undetected,N38582,N38582,N38582,sa1,1
3744,N38580 /1 undetected,output,,N38580,N38580,1,undetected,N38580,N38580,N38580,sa1,1
3745,N38579 /1 undetected,output,,N38579,N38579,1,undetected,N38579,N38579,N38579,sa1,1
3746,N8678 /1 undetected,output,,N8678,N8678,1,undetected,N8678,N8678,N8678,sa1,1
3747,N38577 /1 undetected,output,,N38577,N38577,1,undetected,N38577,N38577,N38577,sa1,1
3748,N38576 /1 undetected,output,,N38576,N38576,1,undetected,N38576,N38576,N38576,sa1,1
3749,N38574 /1 undetected,output,,N38574,N38574,1,undetected,N38574,N38574,N38574,sa1,1
3750,N38573 /1 undetected,output,,N38573,N38573,1,undetected,N38573,N38573,N38573,sa1,1
3751,N38571 /1 undetected,output,,N38571,N38571,1,undetected,N38571,N38571,N38571,sa1,1
3752,N38570 /1 undetected,output,,N38570,N38570,1,undetected,N38570,N38570,N38570,sa1,1
3753,N14846 /1 undetected,output,,N14846,N14846,1,undetected,N14846,N14846,N14846,sa1,1
3754,N14785 /1 undetected,output,,N14785,N14785,1,undetected,N14785,N14785,N14785,sa1,1
3755,N39243 /1 undetected,output,,N39243,N39243,1,undetected,N39243,N39243,N39243,sa1,1
3756,N39242 /1 undetected,output,,N39242,N39242,1,undetected,N39242,N39242,N39242,sa1,1
3757,N39240 /1 undetected,output,,N39240,N39240,1,undetected,N39240,N39240,N39240,sa1,1
3758,N39239 /1 undetected,output,,N39239,N39239,1,undetected,N39239,N39239,N39239,sa1,1
3759,N14845 /1 undetected,output,,N14845,N14845,1,undetected,N14845,N14845,N14845,sa1,1
3760,N14786 /1 undetected,output,,N14786,N14786,1,undetected,N14786,N14786,N14786,sa1,1
3761,N34092 /1 undetected,output,,N34092,N34092,1,undetected,N34092,N34092,N34092,sa1,1
3762,N34091 /1 undetected,output,,N34091,N34091,1,undetected,N34091,N34091,N34091,sa1,1
3763,N14811 /1 undetected,output,,N14811,N14811,1,undetected,N14811,N14811,N14811,sa1,1
3764,N14783 /1 undetected,output,,N14783,N14783,1,undetected,N14783,N14783,N14783,sa1,1
3765,N39237 /1 undetected,output,,N39237,N39237,1,undetected,N39237,N39237,N39237,sa1,1
3766,N39236 /1 undetected,output,,N39236,N39236,1,undetected,N39236,N39236,N39236,sa1,1
3767,N39234 /1 undetected,output,,N39234,N39234,1,undetected,N39234,N39234,N39234,sa1,1
3768,N39233 /1 undetected,output,,N39233,N39233,1,undetected,N39233,N39233,N39233,sa1,1
3769,N39231 /1 undetected,output,,N39231,N39231,1,undetected,N39231,N39231,N39231,sa1,1
3770,N39230 /1 undetected,output,,N39230,N39230,1,undetected,N39230,N39230,N39230,sa1,1
3771,N14806 /1 undetected,output,,N14806,N14806,1,undetected,N14806,N14806,N14806,sa1,1
3772,N23219 /1 undetected,output,,N23219,N23219,1,undetected,N23219,N23219,N23219,sa1,1
3773,N59106 /1 undetected,output,,N59106,N59106,1,undetected,N59106,N59106,N59106,sa1,1
3774,N59102 /1 undetected,output,,N59102,N59102,1,undetected,N59102,N59102,N59102,sa1,1
3775,N14803 /1 undetected,output,,N14803,N14803,1,undetected,N14803,N14803,N14803,sa1,1
3776,N23217 /1 undetected,output,,N23217,N23217,1,undetected,N23217,N23217,N23217,sa1,1
3777,N59104 /1 undetected,output,,N59104,N59104,1,undetected,N59104,N59104,N59104,sa1,1
3778,N59101 /1 undetected,output,,N59101,N59101,1,undetected,N59101,N59101,N59101,sa1,1
3779,N14760 /1 undetected,output,,N14760,N14760,1,undetected,N14760,N14760,N14760,sa1,1
3780,N14782 /1 undetected,output,,N14782,N14782,1,undetected,N14782,N14782,N14782,sa1,1
3781,N23208 /1 undetected,output,,N23208,N23208,1,undetected,N23208,N23208,N23208,sa1,1
3782,N14780 /1 undetected,output,,N14780,N14780,1,undetected,N14780,N14780,N14780,sa1,1
3783,N34088 /1 undetected,output,,N34088,N34088,1,undetected,N34088,N34088,N34088,sa1,1
3784,N34087 /1 undetected,output,,N34087,N34087,1,undetected,N34087,N34087,N34087,sa1,1
3785,N14779 /1 undetected,output,,N14779,N14779,1,undetected,N14779,N14779,N14779,sa1,1
3786,N34086 /1 undetected,output,,N34086,N34086,1,undetected,N34086,N34086,N34086,sa1,1
3787,N34085 /1 undetected,output,,N34085,N34085,1,undetected,N34085,N34085,N34085,sa1,1
3788,N14781 /1 undetected,output,,N14781,N14781,1,undetected,N14781,N14781,N14781,sa1,1
3789,N34090 /1 undetected,output,,N34090,N34090,1,undetected,N34090,N34090,N34090,sa1,1
3790,N34089 /1 undetected,output,,N34089,N34089,1,undetected,N34089,N34089,N34089,sa1,1
3791,N14756 /1 undetected,output,,N14756,N14756,1,undetected,N14756,N14756,N14756,sa1,1
3792,N59100 /1 undetected,output,,N59100,N59100,1,undetected,N59100,N59100,N59100,sa1,1
3793,N8816 /0 undetected,output,,N8816,N8816,0,undetected,N8816,N8816,N8816,sa0,1
3794,N8807 /0 undetected,output,,N8807,N8807,0,undetected,N8807,N8807,N8807,sa0,1
3795,N55384 /1 undetected,output,,N55384,N55384,1,undetected,N55384,N55384,N55384,sa1,1
3796,N8821 /1 undetected,output,,N8821,N8821,1,undetected,N8821,N8821,N8821,sa1,1
3797,N22550 /1 undetected,output,,N22550,N22550,1,undetected,N22550,N22550,N22550,sa1,1
3798,N22549 /1 undetected,output,,N22549,N22549,1,undetected,N22549,N22549,N22549,sa1,1
3799,N8716 /1 undetected,output,,N8716,N8716,1,undetected,N8716,N8716,N8716,sa1,1
3800,N38796 /1 undetected,output,,N38796,N38796,1,undetected,N38796,N38796,N38796,sa1,1
3801,N38795 /1 undetected,output,,N38795,N38795,1,undetected,N38795,N38795,N38795,sa1,1
3802,N38793 /1 undetected,output,,N38793,N38793,1,undetected,N38793,N38793,N38793,sa1,1
3803,N38792 /1 undetected,output,,N38792,N38792,1,undetected,N38792,N38792,N38792,sa1,1
3804,N8715 /1 undetected,output,,N8715,N8715,1,undetected,N8715,N8715,N8715,sa1,1
3805,N38790 /1 undetected,output,,N38790,N38790,1,undetected,N38790,N38790,N38790,sa1,1
3806,N38789 /1 undetected,output,,N38789,N38789,1,undetected,N38789,N38789,N38789,sa1,1
3807,N38787 /1 undetected,output,,N38787,N38787,1,undetected,N38787,N38787,N38787,sa1,1
3808,N38786 /1 undetected,output,,N38786,N38786,1,undetected,N38786,N38786,N38786,sa1,1
3809,N8714 /1 undetected,output,,N8714,N8714,1,undetected,N8714,N8714,N8714,sa1,1
3810,N38784 /1 undetected,output,,N38784,N38784,1,undetected,N38784,N38784,N38784,sa1,1
3811,N38783 /1 undetected,output,,N38783,N38783,1,undetected,N38783,N38783,N38783,sa1,1
3812,N38781 /1 undetected,output,,N38781,N38781,1,undetected,N38781,N38781,N38781,sa1,1
3813,N38780 /1 undetected,output,,N38780,N38780,1,undetected,N38780,N38780,N38780,sa1,1
3814,N8713 /1 undetected,output,,N8713,N8713,1,undetected,N8713,N8713,N8713,sa1,1
3815,N38778 /1 undetected,output,,N38778,N38778,1,undetected,N38778,N38778,N38778,sa1,1
3816,N38777 /1 undetected,output,,N38777,N38777,1,undetected,N38777,N38777,N38777,sa1,1
3817,N38775 /1 undetected,output,,N38775,N38775,1,undetected,N38775,N38775,N38775,sa1,1
3818,N38774 /1 undetected,output,,N38774,N38774,1,undetected,N38774,N38774,N38774,sa1,1
3819,N38772 /1 undetected,output,,N38772,N38772,1,undetected,N38772,N38772,N38772,sa1,1
3820,N38771 /1 undetected,output,,N38771,N38771,1,undetected,N38771,N38771,N38771,sa1,1
3821,N8712 /1 undetected,output,,N8712,N8712,1,undetected,N8712,N8712,N8712,sa1,1
3822,N22539 /1 undetected,output,,N22539,N22539,1,undetected,N22539,N22539,N22539,sa1,1
3823,N22538 /1 undetected,output,,N22538,N22538,1,undetected,N22538,N22538,N22538,sa1,1
3824,N8711 /1 undetected,output,,N8711,N8711,1,undetected,N8711,N8711,N8711,sa1,1
3825,N38769 /1 undetected,output,,N38769,N38769,1,undetected,N38769,N38769,N38769,sa1,1
3826,N38768 /1 undetected,output,,N38768,N38768,1,undetected,N38768,N38768,N38768,sa1,1
3827,N38766 /1 undetected,output,,N38766,N38766,1,undetected,N38766,N38766,N38766,sa1,1
3828,N38765 /1 undetected,output,,N38765,N38765,1,undetected,N38765,N38765,N38765,sa1,1
3829,N8710 /1 undetected,output,,N8710,N8710,1,undetected,N8710,N8710,N8710,sa1,1
3830,N38763 /1 undetected,output,,N38763,N38763,1,undetected,N38763,N38763,N38763,sa1,1
3831,N38762 /1 undetected,output,,N38762,N38762,1,undetected,N38762,N38762,N38762,sa1,1
3832,N38760 /1 undetected,output,,N38760,N38760,1,undetected,N38760,N38760,N38760,sa1,1
3833,N38759 /1 undetected,output,,N38759,N38759,1,undetected,N38759,N38759,N38759,sa1,1
3834,N8709 /1 undetected,output,,N8709,N8709,1,undetected,N8709,N8709,N8709,sa1,1
3835,N38757 /1 undetected,output,,N38757,N38757,1,undetected,N38757,N38757,N38757,sa1,1
3836,N38756 /1 undetected,output,,N38756,N38756,1,undetected,N38756,N38756,N38756,sa1,1
3837,N38754 /1 undetected,output,,N38754,N38754,1,undetected,N38754,N38754,N38754,sa1,1
3838,N38753 /1 undetected,output,,N38753,N38753,1,undetected,N38753,N38753,N38753,sa1,1
3839,N8708 /1 undetected,output,,N8708,N8708,1,undetected,N8708,N8708,N8708,sa1,1
3840,N38751 /1 undetected,output,,N38751,N38751,1,undetected,N38751,N38751,N38751,sa1,1
3841,N38750 /1 undetected,output,,N38750,N38750,1,undetected,N38750,N38750,N38750,sa1,1
3842,N38748 /1 undetected,output,,N38748,N38748,1,undetected,N38748,N38748,N38748,sa1,1
3843,N38747 /1 undetected,output,,N38747,N38747,1,undetected,N38747,N38747,N38747,sa1,1
3844,N38745 /1 undetected,output,,N38745,N38745,1,undetected,N38745,N38745,N38745,sa1,1
3845,N38744 /1 undetected,output,,N38744,N38744,1,undetected,N38744,N38744,N38744,sa1,1
3846,N8809 /1 undetected,output,,N8809,N8809,1,undetected,N8809,N8809,N8809,sa1,1
3847,N39078 /1 undetected,output,,N39078,N39078,1,undetected,N39078,N39078,N39078,sa1,1
3848,N39075 /1 undetected,output,,N39075,N39075,1,undetected,N39075,N39075,N39075,sa1,1
3849,N39074 /1 undetected,output,,N39074,N39074,1,undetected,N39074,N39074,N39074,sa1,1
3850,N39072 /1 undetected,output,,N39072,N39072,1,undetected,N39072,N39072,N39072,sa1,1
3851,N39071 /1 undetected,output,,N39071,N39071,1,undetected,N39071,N39071,N39071,sa1,1
3852,N39069 /1 undetected,output,,N39069,N39069,1,undetected,N39069,N39069,N39069,sa1,1
3853,N39068 /1 undetected,output,,N39068,N39068,1,undetected,N39068,N39068,N39068,sa1,1
3854,N8761 /1 undetected,output,,N8761,N8761,1,undetected,N8761,N8761,N8761,sa1,1
3855,N39066 /1 undetected,output,,N39066,N39066,1,undetected,N39066,N39066,N39066,sa1,1
3856,N39065 /1 undetected,output,,N39065,N39065,1,undetected,N39065,N39065,N39065,sa1,1
3857,N39063 /1 undetected,output,,N39063,N39063,1,undetected,N39063,N39063,N39063,sa1,1
3858,N39062 /1 undetected,output,,N39062,N39062,1,undetected,N39062,N39062,N39062,sa1,1
3859,N39060 /1 undetected,output,,N39060,N39060,1,undetected,N39060,N39060,N39060,sa1,1
3860,N39059 /1 undetected,output,,N39059,N39059,1,undetected,N39059,N39059,N39059,sa1,1
3861,N39057 /1 undetected,output,,N39057,N39057,1,undetected,N39057,N39057,N39057,sa1,1
3862,N39056 /1 undetected,output,,N39056,N39056,1,undetected,N39056,N39056,N39056,sa1,1
3863,N39054 /1 undetected,output,,N39054,N39054,1,undetected,N39054,N39054,N39054,sa1,1
3864,N39051 /1 undetected,output,,N39051,N39051,1,undetected,N39051,N39051,N39051,sa1,1
3865,N39048 /1 undetected,output,,N39048,N39048,1,undetected,N39048,N39048,N39048,sa1,1
3866,N39045 /1 undetected,output,,N39045,N39045,1,undetected,N39045,N39045,N39045,sa1,1
3867,N39044 /1 undetected,output,,N39044,N39044,1,undetected,N39044,N39044,N39044,sa1,1
3868,N8759 /1 undetected,output,,N8759,N8759,1,undetected,N8759,N8759,N8759,sa1,1
3869,N39042 /1 undetected,output,,N39042,N39042,1,undetected,N39042,N39042,N39042,sa1,1
3870,N39041 /1 undetected,output,,N39041,N39041,1,undetected,N39041,N39041,N39041,sa1,1
3871,N39039 /1 undetected,output,,N39039,N39039,1,undetected,N39039,N39039,N39039,sa1,1
3872,N39038 /1 undetected,output,,N39038,N39038,1,undetected,N39038,N39038,N39038,sa1,1
3873,N39036 /1 undetected,output,,N39036,N39036,1,undetected,N39036,N39036,N39036,sa1,1
3874,N39035 /1 undetected,output,,N39035,N39035,1,undetected,N39035,N39035,N39035,sa1,1
3875,N39033 /1 undetected,output,,N39033,N39033,1,undetected,N39033,N39033,N39033,sa1,1
3876,N39032 /1 undetected,output,,N39032,N39032,1,undetected,N39032,N39032,N39032,sa1,1
3877,N8808 /1 undetected,output,,N8808,N8808,1,undetected,N8808,N8808,N8808,sa1,1
3878,N8766 /1 undetected,output,,N8766,N8766,1,undetected,N8766,N8766,N8766,sa1,1
3879,N39123 /1 undetected,output,,N39123,N39123,1,undetected,N39123,N39123,N39123,sa1,1
3880,N39122 /1 undetected,output,,N39122,N39122,1,undetected,N39122,N39122,N39122,sa1,1
3881,N39120 /1 undetected,output,,N39120,N39120,1,undetected,N39120,N39120,N39120,sa1,1
3882,N39119 /1 undetected,output,,N39119,N39119,1,undetected,N39119,N39119,N39119,sa1,1
3883,N39117 /1 undetected,output,,N39117,N39117,1,undetected,N39117,N39117,N39117,sa1,1
3884,N39116 /1 undetected,output,,N39116,N39116,1,undetected,N39116,N39116,N39116,sa1,1
3885,N8765 /1 undetected,output,,N8765,N8765,1,undetected,N8765,N8765,N8765,sa1,1
3886,N39114 /1 undetected,output,,N39114,N39114,1,undetected,N39114,N39114,N39114,sa1,1
3887,N39113 /1 undetected,output,,N39113,N39113,1,undetected,N39113,N39113,N39113,sa1,1
3888,N39111 /1 undetected,output,,N39111,N39111,1,undetected,N39111,N39111,N39111,sa1,1
3889,N39110 /1 undetected,output,,N39110,N39110,1,undetected,N39110,N39110,N39110,sa1,1
3890,N39108 /1 undetected,output,,N39108,N39108,1,undetected,N39108,N39108,N39108,sa1,1
3891,N39107 /1 undetected,output,,N39107,N39107,1,undetected,N39107,N39107,N39107,sa1,1
3892,N39105 /1 undetected,output,,N39105,N39105,1,undetected,N39105,N39105,N39105,sa1,1
3893,N39104 /1 undetected,output,,N39104,N39104,1,undetected,N39104,N39104,N39104,sa1,1
3894,N39102 /1 undetected,output,,N39102,N39102,1,undetected,N39102,N39102,N39102,sa1,1
3895,N39099 /1 undetected,output,,N39099,N39099,1,undetected,N39099,N39099,N39099,sa1,1
3896,N39096 /1 undetected,output,,N39096,N39096,1,undetected,N39096,N39096,N39096,sa1,1
3897,N39095 /1 undetected,output,,N39095,N39095,1,undetected,N39095,N39095,N39095,sa1,1
3898,N39093 /1 undetected,output,,N39093,N39093,1,undetected,N39093,N39093,N39093,sa1,1
3899,N39092 /1 undetected,output,,N39092,N39092,1,undetected,N39092,N39092,N39092,sa1,1
3900,N39090 /1 undetected,output,,N39090,N39090,1,undetected,N39090,N39090,N39090,sa1,1
3901,N39087 /1 undetected,output,,N39087,N39087,1,undetected,N39087,N39087,N39087,sa1,1
3902,N39084 /1 undetected,output,,N39084,N39084,1,undetected,N39084,N39084,N39084,sa1,1
3903,N39081 /1 undetected,output,,N39081,N39081,1,undetected,N39081,N39081,N39081,sa1,1
3904,N8783 /1 undetected,output,,N8783,N8783,1,undetected,N8783,N8783,N8783,sa1,1
3905,N22672 /1 undetected,output,,N22672,N22672,1,undetected,N22672,N22672,N22672,sa1,1
3906,N8755 /1 undetected,output,,N8755,N8755,1,undetected,N8755,N8755,N8755,sa1,1
3907,N38994 /1 undetected,output,,N38994,N38994,1,undetected,N38994,N38994,N38994,sa1,1
3908,N38993 /1 undetected,output,,N38993,N38993,1,undetected,N38993,N38993,N38993,sa1,1
3909,N38991 /1 undetected,output,,N38991,N38991,1,undetected,N38991,N38991,N38991,sa1,1
3910,N38990 /1 undetected,output,,N38990,N38990,1,undetected,N38990,N38990,N38990,sa1,1
3911,N8754 /1 undetected,output,,N8754,N8754,1,undetected,N8754,N8754,N8754,sa1,1
3912,N38988 /1 undetected,output,,N38988,N38988,1,undetected,N38988,N38988,N38988,sa1,1
3913,N38987 /1 undetected,output,,N38987,N38987,1,undetected,N38987,N38987,N38987,sa1,1
3914,N38985 /1 undetected,output,,N38985,N38985,1,undetected,N38985,N38985,N38985,sa1,1
3915,N38984 /1 undetected,output,,N38984,N38984,1,undetected,N38984,N38984,N38984,sa1,1
3916,N8756 /1 undetected,output,,N8756,N8756,1,undetected,N8756,N8756,N8756,sa1,1
3917,N39006 /1 undetected,output,,N39006,N39006,1,undetected,N39006,N39006,N39006,sa1,1
3918,N39005 /1 undetected,output,,N39005,N39005,1,undetected,N39005,N39005,N39005,sa1,1
3919,N39003 /1 undetected,output,,N39003,N39003,1,undetected,N39003,N39003,N39003,sa1,1
3920,N39002 /1 undetected,output,,N39002,N39002,1,undetected,N39002,N39002,N39002,sa1,1
3921,N39000 /1 undetected,output,,N39000,N39000,1,undetected,N39000,N39000,N39000,sa1,1
3922,N38999 /1 undetected,output,,N38999,N38999,1,undetected,N38999,N38999,N38999,sa1,1
3923,N38997 /1 undetected,output,,N38997,N38997,1,undetected,N38997,N38997,N38997,sa1,1
3924,N38996 /1 undetected,output,,N38996,N38996,1,undetected,N38996,N38996,N38996,sa1,1
3925,N39030 /1 undetected,output,,N39030,N39030,1,undetected,N39030,N39030,N39030,sa1,1
3926,N39027 /1 undetected,output,,N39027,N39027,1,undetected,N39027,N39027,N39027,sa1,1
3927,N39026 /1 undetected,output,,N39026,N39026,1,undetected,N39026,N39026,N39026,sa1,1
3928,N39024 /1 undetected,output,,N39024,N39024,1,undetected,N39024,N39024,N39024,sa1,1
3929,N39023 /1 undetected,output,,N39023,N39023,1,undetected,N39023,N39023,N39023,sa1,1
3930,N39021 /1 undetected,output,,N39021,N39021,1,undetected,N39021,N39021,N39021,sa1,1
3931,N39020 /1 undetected,output,,N39020,N39020,1,undetected,N39020,N39020,N39020,sa1,1
3932,N8757 /1 undetected,output,,N8757,N8757,1,undetected,N8757,N8757,N8757,sa1,1
3933,N39018 /1 undetected,output,,N39018,N39018,1,undetected,N39018,N39018,N39018,sa1,1
3934,N39017 /1 undetected,output,,N39017,N39017,1,undetected,N39017,N39017,N39017,sa1,1
3935,N39015 /1 undetected,output,,N39015,N39015,1,undetected,N39015,N39015,N39015,sa1,1
3936,N39014 /1 undetected,output,,N39014,N39014,1,undetected,N39014,N39014,N39014,sa1,1
3937,N39012 /1 undetected,output,,N39012,N39012,1,undetected,N39012,N39012,N39012,sa1,1
3938,N39011 /1 undetected,output,,N39011,N39011,1,undetected,N39011,N39011,N39011,sa1,1
3939,N39009 /1 undetected,output,,N39009,N39009,1,undetected,N39009,N39009,N39009,sa1,1
3940,N39008 /1 undetected,output,,N39008,N39008,1,undetected,N39008,N39008,N39008,sa1,1
3941,N55386 /1 undetected,output,,N55386,N55386,1,undetected,N55386,N55386,N55386,sa1,1
3942,N55432 /1 undetected,output,,N55432,N55432,1,undetected,N55432,N55432,N55432,sa1,1
3943,N8815 /1 undetected,output,,N8815,N8815,1,undetected,N8815,N8815,N8815,sa1,1
3944,N22458 /1 undetected,output,,N22458,N22458,1,undetected,N22458,N22458,N22458,sa1,1
3945,N22457 /1 undetected,output,,N22457,N22457,1,undetected,N22457,N22457,N22457,sa1,1
3946,N8676 /1 undetected,output,,N8676,N8676,1,undetected,N8676,N8676,N8676,sa1,1
3947,N38568 /1 undetected,output,,N38568,N38568,1,undetected,N38568,N38568,N38568,sa1,1
3948,N38567 /1 undetected,output,,N38567,N38567,1,undetected,N38567,N38567,N38567,sa1,1
3949,N38565 /1 undetected,output,,N38565,N38565,1,undetected,N38565,N38565,N38565,sa1,1
3950,N38564 /1 undetected,output,,N38564,N38564,1,undetected,N38564,N38564,N38564,sa1,1
3951,N8675 /1 undetected,output,,N8675,N8675,1,undetected,N8675,N8675,N8675,sa1,1
3952,N38562 /1 undetected,output,,N38562,N38562,1,undetected,N38562,N38562,N38562,sa1,1
3953,N38561 /1 undetected,output,,N38561,N38561,1,undetected,N38561,N38561,N38561,sa1,1
3954,N38559 /1 undetected,output,,N38559,N38559,1,undetected,N38559,N38559,N38559,sa1,1
3955,N38558 /1 undetected,output,,N38558,N38558,1,undetected,N38558,N38558,N38558,sa1,1
3956,N38556 /1 undetected,output,,N38556,N38556,1,undetected,N38556,N38556,N38556,sa1,1
3957,N38555 /1 undetected,output,,N38555,N38555,1,undetected,N38555,N38555,N38555,sa1,1
3958,N8674 /1 undetected,output,,N8674,N8674,1,undetected,N8674,N8674,N8674,sa1,1
3959,N38553 /1 undetected,output,,N38553,N38553,1,undetected,N38553,N38553,N38553,sa1,1
3960,N38552 /1 undetected,output,,N38552,N38552,1,undetected,N38552,N38552,N38552,sa1,1
3961,N38550 /1 undetected,output,,N38550,N38550,1,undetected,N38550,N38550,N38550,sa1,1
3962,N38549 /1 undetected,output,,N38549,N38549,1,undetected,N38549,N38549,N38549,sa1,1
3963,N8673 /1 undetected,output,,N8673,N8673,1,undetected,N8673,N8673,N8673,sa1,1
3964,N38547 /1 undetected,output,,N38547,N38547,1,undetected,N38547,N38547,N38547,sa1,1
3965,N38546 /1 undetected,output,,N38546,N38546,1,undetected,N38546,N38546,N38546,sa1,1
3966,N38544 /1 undetected,output,,N38544,N38544,1,undetected,N38544,N38544,N38544,sa1,1
3967,N38543 /1 undetected,output,,N38543,N38543,1,undetected,N38543,N38543,N38543,sa1,1
3968,N38541 /1 undetected,output,,N38541,N38541,1,undetected,N38541,N38541,N38541,sa1,1
3969,N38540 /1 undetected,output,,N38540,N38540,1,undetected,N38540,N38540,N38540,sa1,1
3970,N8672 /1 undetected,output,,N8672,N8672,1,undetected,N8672,N8672,N8672,sa1,1
3971,N22446 /1 undetected,output,,N22446,N22446,1,undetected,N22446,N22446,N22446,sa1,1
3972,N22445 /1 undetected,output,,N22445,N22445,1,undetected,N22445,N22445,N22445,sa1,1
3973,N8671 /1 undetected,output,,N8671,N8671,1,undetected,N8671,N8671,N8671,sa1,1
3974,N38538 /1 undetected,output,,N38538,N38538,1,undetected,N38538,N38538,N38538,sa1,1
3975,N38537 /1 undetected,output,,N38537,N38537,1,undetected,N38537,N38537,N38537,sa1,1
3976,N38535 /1 undetected,output,,N38535,N38535,1,undetected,N38535,N38535,N38535,sa1,1
3977,N38534 /1 undetected,output,,N38534,N38534,1,undetected,N38534,N38534,N38534,sa1,1
3978,N8670 /1 undetected,output,,N8670,N8670,1,undetected,N8670,N8670,N8670,sa1,1
3979,N38532 /1 undetected,output,,N38532,N38532,1,undetected,N38532,N38532,N38532,sa1,1
3980,N38531 /1 undetected,output,,N38531,N38531,1,undetected,N38531,N38531,N38531,sa1,1
3981,N38529 /1 undetected,output,,N38529,N38529,1,undetected,N38529,N38529,N38529,sa1,1
3982,N38528 /1 undetected,output,,N38528,N38528,1,undetected,N38528,N38528,N38528,sa1,1
3983,N38526 /1 undetected,output,,N38526,N38526,1,undetected,N38526,N38526,N38526,sa1,1
3984,N38525 /1 undetected,output,,N38525,N38525,1,undetected,N38525,N38525,N38525,sa1,1
3985,N8669 /1 undetected,output,,N8669,N8669,1,undetected,N8669,N8669,N8669,sa1,1
3986,N38523 /1 undetected,output,,N38523,N38523,1,undetected,N38523,N38523,N38523,sa1,1
3987,N38522 /1 undetected,output,,N38522,N38522,1,undetected,N38522,N38522,N38522,sa1,1
3988,N38520 /1 undetected,output,,N38520,N38520,1,undetected,N38520,N38520,N38520,sa1,1
3989,N38519 /1 undetected,output,,N38519,N38519,1,undetected,N38519,N38519,N38519,sa1,1
3990,N38517 /1 undetected,output,,N38517,N38517,1,undetected,N38517,N38517,N38517,sa1,1
3991,N38516 /1 undetected,output,,N38516,N38516,1,undetected,N38516,N38516,N38516,sa1,1
3992,N8668 /1 undetected,output,,N8668,N8668,1,undetected,N8668,N8668,N8668,sa1,1
3993,N38514 /1 undetected,output,,N38514,N38514,1,undetected,N38514,N38514,N38514,sa1,1
3994,N38513 /1 undetected,output,,N38513,N38513,1,undetected,N38513,N38513,N38513,sa1,1
3995,N38511 /1 undetected,output,,N38511,N38511,1,undetected,N38511,N38511,N38511,sa1,1
3996,N38510 /1 undetected,output,,N38510,N38510,1,undetected,N38510,N38510,N38510,sa1,1
3997,N38508 /1 undetected,output,,N38508,N38508,1,undetected,N38508,N38508,N38508,sa1,1
3998,N38507 /1 undetected,output,,N38507,N38507,1,undetected,N38507,N38507,N38507,sa1,1
3999,N8778 /1 undetected,output,,N8778,N8778,1,undetected,N8778,N8778,N8778,sa1,1
4000,N22528 /1 undetected,output,,N22528,N22528,1,undetected,N22528,N22528,N22528,sa1,1
4001,N22527 /1 undetected,output,,N22527,N22527,1,undetected,N22527,N22527,N22527,sa1,1
4002,N8706 /1 undetected,output,,N8706,N8706,1,undetected,N8706,N8706,N8706,sa1,1
4003,N38742 /1 undetected,output,,N38742,N38742,1,undetected,N38742,N38742,N38742,sa1,1
4004,N38741 /1 undetected,output,,N38741,N38741,1,undetected,N38741,N38741,N38741,sa1,1
4005,N38739 /1 undetected,output,,N38739,N38739,1,undetected,N38739,N38739,N38739,sa1,1
4006,N38738 /1 undetected,output,,N38738,N38738,1,undetected,N38738,N38738,N38738,sa1,1
4007,N8705 /1 undetected,output,,N8705,N8705,1,undetected,N8705,N8705,N8705,sa1,1
4008,N38736 /1 undetected,output,,N38736,N38736,1,undetected,N38736,N38736,N38736,sa1,1
4009,N38735 /1 undetected,output,,N38735,N38735,1,undetected,N38735,N38735,N38735,sa1,1
4010,N38733 /1 undetected,output,,N38733,N38733,1,undetected,N38733,N38733,N38733,sa1,1
4011,N38732 /1 undetected,output,,N38732,N38732,1,undetected,N38732,N38732,N38732,sa1,1
4012,N8704 /1 undetected,output,,N8704,N8704,1,undetected,N8704,N8704,N8704,sa1,1
4013,N38730 /1 undetected,output,,N38730,N38730,1,undetected,N38730,N38730,N38730,sa1,1
4014,N38729 /1 undetected,output,,N38729,N38729,1,undetected,N38729,N38729,N38729,sa1,1
4015,N38727 /1 undetected,output,,N38727,N38727,1,undetected,N38727,N38727,N38727,sa1,1
4016,N38726 /1 undetected,output,,N38726,N38726,1,undetected,N38726,N38726,N38726,sa1,1
4017,N8703 /1 undetected,output,,N8703,N8703,1,undetected,N8703,N8703,N8703,sa1,1
4018,N38724 /1 undetected,output,,N38724,N38724,1,undetected,N38724,N38724,N38724,sa1,1
4019,N38723 /1 undetected,output,,N38723,N38723,1,undetected,N38723,N38723,N38723,sa1,1
4020,N38721 /1 undetected,output,,N38721,N38721,1,undetected,N38721,N38721,N38721,sa1,1
4021,N38720 /1 undetected,output,,N38720,N38720,1,undetected,N38720,N38720,N38720,sa1,1
4022,N38718 /1 undetected,output,,N38718,N38718,1,undetected,N38718,N38718,N38718,sa1,1
4023,N38717 /1 undetected,output,,N38717,N38717,1,undetected,N38717,N38717,N38717,sa1,1
4024,N22517 /1 undetected,output,,N22517,N22517,1,undetected,N22517,N22517,N22517,sa1,1
4025,N22516 /1 undetected,output,,N22516,N22516,1,undetected,N22516,N22516,N22516,sa1,1
4026,N8701 /1 undetected,output,,N8701,N8701,1,undetected,N8701,N8701,N8701,sa1,1
4027,N38715 /1 undetected,output,,N38715,N38715,1,undetected,N38715,N38715,N38715,sa1,1
4028,N38714 /1 undetected,output,,N38714,N38714,1,undetected,N38714,N38714,N38714,sa1,1
4029,N38712 /1 undetected,output,,N38712,N38712,1,undetected,N38712,N38712,N38712,sa1,1
4030,N38711 /1 undetected,output,,N38711,N38711,1,undetected,N38711,N38711,N38711,sa1,1
4031,N8700 /1 undetected,output,,N8700,N8700,1,undetected,N8700,N8700,N8700,sa1,1
4032,N38709 /1 undetected,output,,N38709,N38709,1,undetected,N38709,N38709,N38709,sa1,1
4033,N38708 /1 undetected,output,,N38708,N38708,1,undetected,N38708,N38708,N38708,sa1,1
4034,N38706 /1 undetected,output,,N38706,N38706,1,undetected,N38706,N38706,N38706,sa1,1
4035,N38705 /1 undetected,output,,N38705,N38705,1,undetected,N38705,N38705,N38705,sa1,1
4036,N38703 /1 undetected,output,,N38703,N38703,1,undetected,N38703,N38703,N38703,sa1,1
4037,N38702 /1 undetected,output,,N38702,N38702,1,undetected,N38702,N38702,N38702,sa1,1
4038,N8699 /1 undetected,output,,N8699,N8699,1,undetected,N8699,N8699,N8699,sa1,1
4039,N38700 /1 undetected,output,,N38700,N38700,1,undetected,N38700,N38700,N38700,sa1,1
4040,N38699 /1 undetected,output,,N38699,N38699,1,undetected,N38699,N38699,N38699,sa1,1
4041,N38697 /1 undetected,output,,N38697,N38697,1,undetected,N38697,N38697,N38697,sa1,1
4042,N38696 /1 undetected,output,,N38696,N38696,1,undetected,N38696,N38696,N38696,sa1,1
4043,N8698 /1 undetected,output,,N8698,N8698,1,undetected,N8698,N8698,N8698,sa1,1
4044,N38694 /1 undetected,output,,N38694,N38694,1,undetected,N38694,N38694,N38694,sa1,1
4045,N38693 /1 undetected,output,,N38693,N38693,1,undetected,N38693,N38693,N38693,sa1,1
4046,N38691 /1 undetected,output,,N38691,N38691,1,undetected,N38691,N38691,N38691,sa1,1
4047,N38690 /1 undetected,output,,N38690,N38690,1,undetected,N38690,N38690,N38690,sa1,1
4048,N38688 /1 undetected,output,,N38688,N38688,1,undetected,N38688,N38688,N38688,sa1,1
4049,N38687 /1 undetected,output,,N38687,N38687,1,undetected,N38687,N38687,N38687,sa1,1
4050,N8645 /1 undetected,output,,N8645,N8645,1,undetected,N8645,N8645,N8645,sa1,1
4051,N38934 /1 undetected,output,,N38934,N38934,1,undetected,N38934,N38934,N38934,sa1,1
4052,N38933 /1 undetected,output,,N38933,N38933,1,undetected,N38933,N38933,N38933,sa1,1
4053,N38931 /1 undetected,output,,N38931,N38931,1,undetected,N38931,N38931,N38931,sa1,1
4054,N38930 /1 undetected,output,,N38930,N38930,1,undetected,N38930,N38930,N38930,sa1,1
4055,N38928 /1 undetected,output,,N38928,N38928,1,undetected,N38928,N38928,N38928,sa1,1
4056,N38927 /1 undetected,output,,N38927,N38927,1,undetected,N38927,N38927,N38927,sa1,1
4057,N38925 /1 undetected,output,,N38925,N38925,1,undetected,N38925,N38925,N38925,sa1,1
4058,N38921 /1 undetected,output,,N38921,N38921,1,undetected,N38921,N38921,N38921,sa1,1
4059,N38919 /1 undetected,output,,N38919,N38919,1,undetected,N38919,N38919,N38919,sa1,1
4060,N38918 /1 undetected,output,,N38918,N38918,1,undetected,N38918,N38918,N38918,sa1,1
4061,N38916 /1 undetected,output,,N38916,N38916,1,undetected,N38916,N38916,N38916,sa1,1
4062,N38913 /1 undetected,output,,N38913,N38913,1,undetected,N38913,N38913,N38913,sa1,1
4063,N38910 /1 undetected,output,,N38910,N38910,1,undetected,N38910,N38910,N38910,sa1,1
4064,N38907 /1 undetected,output,,N38907,N38907,1,undetected,N38907,N38907,N38907,sa1,1
4065,N38904 /1 undetected,output,,N38904,N38904,1,undetected,N38904,N38904,N38904,sa1,1
4066,N38901 /1 undetected,output,,N38901,N38901,1,undetected,N38901,N38901,N38901,sa1,1
4067,N8644 /1 undetected,output,,N8644,N8644,1,undetected,N8644,N8644,N8644,sa1,1
4068,N22433 /1 undetected,output,,N22433,N22433,1,undetected,N22433,N22433,N22433,sa1,1
4069,N22432 /1 undetected,output,,N22432,N22432,1,undetected,N22432,N22432,N22432,sa1,1
4070,N8666 /1 undetected,output,,N8666,N8666,1,undetected,N8666,N8666,N8666,sa1,1
4071,N38505 /1 undetected,output,,N38505,N38505,1,undetected,N38505,N38505,N38505,sa1,1
4072,N38504 /1 undetected,output,,N38504,N38504,1,undetected,N38504,N38504,N38504,sa1,1
4073,N38502 /1 undetected,output,,N38502,N38502,1,undetected,N38502,N38502,N38502,sa1,1
4074,N38501 /1 undetected,output,,N38501,N38501,1,undetected,N38501,N38501,N38501,sa1,1
4075,N8665 /1 undetected,output,,N8665,N8665,1,undetected,N8665,N8665,N8665,sa1,1
4076,N38499 /1 undetected,output,,N38499,N38499,1,undetected,N38499,N38499,N38499,sa1,1
4077,N38498 /1 undetected,output,,N38498,N38498,1,undetected,N38498,N38498,N38498,sa1,1
4078,N38496 /1 undetected,output,,N38496,N38496,1,undetected,N38496,N38496,N38496,sa1,1
4079,N38495 /1 undetected,output,,N38495,N38495,1,undetected,N38495,N38495,N38495,sa1,1
4080,N38493 /1 undetected,output,,N38493,N38493,1,undetected,N38493,N38493,N38493,sa1,1
4081,N38492 /1 undetected,output,,N38492,N38492,1,undetected,N38492,N38492,N38492,sa1,1
4082,N8664 /1 undetected,output,,N8664,N8664,1,undetected,N8664,N8664,N8664,sa1,1
4083,N38490 /1 undetected,output,,N38490,N38490,1,undetected,N38490,N38490,N38490,sa1,1
4084,N38489 /1 undetected,output,,N38489,N38489,1,undetected,N38489,N38489,N38489,sa1,1
4085,N38487 /1 undetected,output,,N38487,N38487,1,undetected,N38487,N38487,N38487,sa1,1
4086,N38486 /1 undetected,output,,N38486,N38486,1,undetected,N38486,N38486,N38486,sa1,1
4087,N38484 /1 undetected,output,,N38484,N38484,1,undetected,N38484,N38484,N38484,sa1,1
4088,N38483 /1 undetected,output,,N38483,N38483,1,undetected,N38483,N38483,N38483,sa1,1
4089,N8663 /1 undetected,output,,N8663,N8663,1,undetected,N8663,N8663,N8663,sa1,1
4090,N38481 /1 undetected,output,,N38481,N38481,1,undetected,N38481,N38481,N38481,sa1,1
4091,N38480 /1 undetected,output,,N38480,N38480,1,undetected,N38480,N38480,N38480,sa1,1
4092,N38478 /1 undetected,output,,N38478,N38478,1,undetected,N38478,N38478,N38478,sa1,1
4093,N38477 /1 undetected,output,,N38477,N38477,1,undetected,N38477,N38477,N38477,sa1,1
4094,N38475 /1 undetected,output,,N38475,N38475,1,undetected,N38475,N38475,N38475,sa1,1
4095,N38474 /1 undetected,output,,N38474,N38474,1,undetected,N38474,N38474,N38474,sa1,1
4096,N8662 /1 undetected,output,,N8662,N8662,1,undetected,N8662,N8662,N8662,sa1,1
4097,N22420 /1 undetected,output,,N22420,N22420,1,undetected,N22420,N22420,N22420,sa1,1
4098,N22419 /1 undetected,output,,N22419,N22419,1,undetected,N22419,N22419,N22419,sa1,1
4099,N8661 /1 undetected,output,,N8661,N8661,1,undetected,N8661,N8661,N8661,sa1,1
4100,N38472 /1 undetected,output,,N38472,N38472,1,undetected,N38472,N38472,N38472,sa1,1
4101,N38471 /1 undetected,output,,N38471,N38471,1,undetected,N38471,N38471,N38471,sa1,1
4102,N38469 /1 undetected,output,,N38469,N38469,1,undetected,N38469,N38469,N38469,sa1,1
4103,N38468 /1 undetected,output,,N38468,N38468,1,undetected,N38468,N38468,N38468,sa1,1
4104,N8660 /1 undetected,output,,N8660,N8660,1,undetected,N8660,N8660,N8660,sa1,1
4105,N38466 /1 undetected,output,,N38466,N38466,1,undetected,N38466,N38466,N38466,sa1,1
4106,N38465 /1 undetected,output,,N38465,N38465,1,undetected,N38465,N38465,N38465,sa1,1
4107,N38463 /1 undetected,output,,N38463,N38463,1,undetected,N38463,N38463,N38463,sa1,1
4108,N38462 /1 undetected,output,,N38462,N38462,1,undetected,N38462,N38462,N38462,sa1,1
4109,N38460 /1 undetected,output,,N38460,N38460,1,undetected,N38460,N38460,N38460,sa1,1
4110,N38459 /1 undetected,output,,N38459,N38459,1,undetected,N38459,N38459,N38459,sa1,1
4111,N8659 /1 undetected,output,,N8659,N8659,1,undetected,N8659,N8659,N8659,sa1,1
4112,N38457 /1 undetected,output,,N38457,N38457,1,undetected,N38457,N38457,N38457,sa1,1
4113,N38456 /1 undetected,output,,N38456,N38456,1,undetected,N38456,N38456,N38456,sa1,1
4114,N38454 /1 undetected,output,,N38454,N38454,1,undetected,N38454,N38454,N38454,sa1,1
4115,N38453 /1 undetected,output,,N38453,N38453,1,undetected,N38453,N38453,N38453,sa1,1
4116,N38451 /1 undetected,output,,N38451,N38451,1,undetected,N38451,N38451,N38451,sa1,1
4117,N38450 /1 undetected,output,,N38450,N38450,1,undetected,N38450,N38450,N38450,sa1,1
4118,N8658 /1 undetected,output,,N8658,N8658,1,undetected,N8658,N8658,N8658,sa1,1
4119,N38448 /1 undetected,output,,N38448,N38448,1,undetected,N38448,N38448,N38448,sa1,1
4120,N38447 /1 undetected,output,,N38447,N38447,1,undetected,N38447,N38447,N38447,sa1,1
4121,N38445 /1 undetected,output,,N38445,N38445,1,undetected,N38445,N38445,N38445,sa1,1
4122,N38444 /1 undetected,output,,N38444,N38444,1,undetected,N38444,N38444,N38444,sa1,1
4123,N38442 /1 undetected,output,,N38442,N38442,1,undetected,N38442,N38442,N38442,sa1,1
4124,N38441 /1 undetected,output,,N38441,N38441,1,undetected,N38441,N38441,N38441,sa1,1
4125,N14729 /0 undetected,output,,N14729,N14729,0,undetected,N14729,N14729,N14729,sa0,1
4126,N14775 /1 undetected,output,,N14775,N14775,1,undetected,N14775,N14775,N14775,sa1,1
4127,N39210 /1 undetected,output,,N39210,N39210,1,undetected,N39210,N39210,N39210,sa1,1
4128,N39209 /1 undetected,output,,N39209,N39209,1,undetected,N39209,N39209,N39209,sa1,1
4129,N39207 /1 undetected,output,,N39207,N39207,1,undetected,N39207,N39207,N39207,sa1,1
4130,N39206 /1 undetected,output,,N39206,N39206,1,undetected,N39206,N39206,N39206,sa1,1
4131,N39204 /1 undetected,output,,N39204,N39204,1,undetected,N39204,N39204,N39204,sa1,1
4132,N39203 /1 undetected,output,,N39203,N39203,1,undetected,N39203,N39203,N39203,sa1,1
4133,N39201 /1 undetected,output,,N39201,N39201,1,undetected,N39201,N39201,N39201,sa1,1
4134,N39198 /1 undetected,output,,N39198,N39198,1,undetected,N39198,N39198,N39198,sa1,1
4135,N14773 /1 undetected,output,,N14773,N14773,1,undetected,N14773,N14773,N14773,sa1,1
4136,N39192 /1 undetected,output,,N39192,N39192,1,undetected,N39192,N39192,N39192,sa1,1
4137,N39191 /1 undetected,output,,N39191,N39191,1,undetected,N39191,N39191,N39191,sa1,1
4138,N39189 /1 undetected,output,,N39189,N39189,1,undetected,N39189,N39189,N39189,sa1,1
4139,N39188 /1 undetected,output,,N39188,N39188,1,undetected,N39188,N39188,N39188,sa1,1
4140,N39186 /1 undetected,output,,N39186,N39186,1,undetected,N39186,N39186,N39186,sa1,1
4141,N39185 /1 undetected,output,,N39185,N39185,1,undetected,N39185,N39185,N39185,sa1,1
4142,N39183 /1 undetected,output,,N39183,N39183,1,undetected,N39183,N39183,N39183,sa1,1
4143,N39180 /1 undetected,output,,N39180,N39180,1,undetected,N39180,N39180,N39180,sa1,1
4144,N39177 /1 undetected,output,,N39177,N39177,1,undetected,N39177,N39177,N39177,sa1,1
4145,N39176 /1 undetected,output,,N39176,N39176,1,undetected,N39176,N39176,N39176,sa1,1
4146,N39174 /1 undetected,output,,N39174,N39174,1,undetected,N39174,N39174,N39174,sa1,1
4147,N39173 /1 undetected,output,,N39173,N39173,1,undetected,N39173,N39173,N39173,sa1,1
4148,N8780 /1 undetected,output,,N8780,N8780,1,undetected,N8780,N8780,N8780,sa1,1
4149,N22570 /1 undetected,output,,N22570,N22570,1,undetected,N22570,N22570,N22570,sa1,1
4150,N8726 /1 undetected,output,,N8726,N8726,1,undetected,N8726,N8726,N8726,sa1,1
4151,N38847 /1 undetected,output,,N38847,N38847,1,undetected,N38847,N38847,N38847,sa1,1
4152,N38846 /1 undetected,output,,N38846,N38846,1,undetected,N38846,N38846,N38846,sa1,1
4153,N38844 /1 undetected,output,,N38844,N38844,1,undetected,N38844,N38844,N38844,sa1,1
4154,N38843 /1 undetected,output,,N38843,N38843,1,undetected,N38843,N38843,N38843,sa1,1
4155,N8725 /1 undetected,output,,N8725,N8725,1,undetected,N8725,N8725,N8725,sa1,1
4156,N38841 /1 undetected,output,,N38841,N38841,1,undetected,N38841,N38841,N38841,sa1,1
4157,N38840 /1 undetected,output,,N38840,N38840,1,undetected,N38840,N38840,N38840,sa1,1
4158,N38838 /1 undetected,output,,N38838,N38838,1,undetected,N38838,N38838,N38838,sa1,1
4159,N38837 /1 undetected,output,,N38837,N38837,1,undetected,N38837,N38837,N38837,sa1,1
4160,N8724 /1 undetected,output,,N8724,N8724,1,undetected,N8724,N8724,N8724,sa1,1
4161,N38835 /1 undetected,output,,N38835,N38835,1,undetected,N38835,N38835,N38835,sa1,1
4162,N38834 /1 undetected,output,,N38834,N38834,1,undetected,N38834,N38834,N38834,sa1,1
4163,N38832 /1 undetected,output,,N38832,N38832,1,undetected,N38832,N38832,N38832,sa1,1
4164,N38831 /1 undetected,output,,N38831,N38831,1,undetected,N38831,N38831,N38831,sa1,1
4165,N8723 /1 undetected,output,,N8723,N8723,1,undetected,N8723,N8723,N8723,sa1,1
4166,N38829 /1 undetected,output,,N38829,N38829,1,undetected,N38829,N38829,N38829,sa1,1
4167,N38828 /1 undetected,output,,N38828,N38828,1,undetected,N38828,N38828,N38828,sa1,1
4168,N38826 /1 undetected,output,,N38826,N38826,1,undetected,N38826,N38826,N38826,sa1,1
4169,N38825 /1 undetected,output,,N38825,N38825,1,undetected,N38825,N38825,N38825,sa1,1
4170,N22560 /1 undetected,output,,N22560,N22560,1,undetected,N22560,N22560,N22560,sa1,1
4171,N8721 /1 undetected,output,,N8721,N8721,1,undetected,N8721,N8721,N8721,sa1,1
4172,N38823 /1 undetected,output,,N38823,N38823,1,undetected,N38823,N38823,N38823,sa1,1
4173,N38822 /1 undetected,output,,N38822,N38822,1,undetected,N38822,N38822,N38822,sa1,1
4174,N38820 /1 undetected,output,,N38820,N38820,1,undetected,N38820,N38820,N38820,sa1,1
4175,N38819 /1 undetected,output,,N38819,N38819,1,undetected,N38819,N38819,N38819,sa1,1
4176,N8720 /1 undetected,output,,N8720,N8720,1,undetected,N8720,N8720,N8720,sa1,1
4177,N38817 /1 undetected,output,,N38817,N38817,1,undetected,N38817,N38817,N38817,sa1,1
4178,N38816 /1 undetected,output,,N38816,N38816,1,undetected,N38816,N38816,N38816,sa1,1
4179,N38814 /1 undetected,output,,N38814,N38814,1,undetected,N38814,N38814,N38814,sa1,1
4180,N38813 /1 undetected,output,,N38813,N38813,1,undetected,N38813,N38813,N38813,sa1,1
4181,N8719 /1 undetected,output,,N8719,N8719,1,undetected,N8719,N8719,N8719,sa1,1
4182,N38811 /1 undetected,output,,N38811,N38811,1,undetected,N38811,N38811,N38811,sa1,1
4183,N38810 /1 undetected,output,,N38810,N38810,1,undetected,N38810,N38810,N38810,sa1,1
4184,N38808 /1 undetected,output,,N38808,N38808,1,undetected,N38808,N38808,N38808,sa1,1
4185,N38807 /1 undetected,output,,N38807,N38807,1,undetected,N38807,N38807,N38807,sa1,1
4186,N8718 /1 undetected,output,,N8718,N8718,1,undetected,N8718,N8718,N8718,sa1,1
4187,N38805 /1 undetected,output,,N38805,N38805,1,undetected,N38805,N38805,N38805,sa1,1
4188,N38804 /1 undetected,output,,N38804,N38804,1,undetected,N38804,N38804,N38804,sa1,1
4189,N38802 /1 undetected,output,,N38802,N38802,1,undetected,N38802,N38802,N38802,sa1,1
4190,N38801 /1 undetected,output,,N38801,N38801,1,undetected,N38801,N38801,N38801,sa1,1
4191,N38799 /1 undetected,output,,N38799,N38799,1,undetected,N38799,N38799,N38799,sa1,1
4192,N38798 /1 undetected,output,,N38798,N38798,1,undetected,N38798,N38798,N38798,sa1,1
4193,N8812 /1 undetected,output,,N8812,N8812,1,undetected,N8812,N8812,N8812,sa1,1
4194,N8736 /1 undetected,output,,N8736,N8736,1,undetected,N8736,N8736,N8736,sa1,1
4195,N38895 /1 undetected,output,,N38895,N38895,1,undetected,N38895,N38895,N38895,sa1,1
4196,N38894 /1 undetected,output,,N38894,N38894,1,undetected,N38894,N38894,N38894,sa1,1
4197,N38892 /1 undetected,output,,N38892,N38892,1,undetected,N38892,N38892,N38892,sa1,1
4198,N38891 /1 undetected,output,,N38891,N38891,1,undetected,N38891,N38891,N38891,sa1,1
4199,N8735 /1 undetected,output,,N8735,N8735,1,undetected,N8735,N8735,N8735,sa1,1
4200,N38889 /1 undetected,output,,N38889,N38889,1,undetected,N38889,N38889,N38889,sa1,1
4201,N38888 /1 undetected,output,,N38888,N38888,1,undetected,N38888,N38888,N38888,sa1,1
4202,N38886 /1 undetected,output,,N38886,N38886,1,undetected,N38886,N38886,N38886,sa1,1
4203,N38885 /1 undetected,output,,N38885,N38885,1,undetected,N38885,N38885,N38885,sa1,1
4204,N8734 /1 undetected,output,,N8734,N8734,1,undetected,N8734,N8734,N8734,sa1,1
4205,N38883 /1 undetected,output,,N38883,N38883,1,undetected,N38883,N38883,N38883,sa1,1
4206,N38882 /1 undetected,output,,N38882,N38882,1,undetected,N38882,N38882,N38882,sa1,1
4207,N38880 /1 undetected,output,,N38880,N38880,1,undetected,N38880,N38880,N38880,sa1,1
4208,N38879 /1 undetected,output,,N38879,N38879,1,undetected,N38879,N38879,N38879,sa1,1
4209,N8733 /1 undetected,output,,N8733,N8733,1,undetected,N8733,N8733,N8733,sa1,1
4210,N38877 /1 undetected,output,,N38877,N38877,1,undetected,N38877,N38877,N38877,sa1,1
4211,N38876 /1 undetected,output,,N38876,N38876,1,undetected,N38876,N38876,N38876,sa1,1
4212,N38874 /1 undetected,output,,N38874,N38874,1,undetected,N38874,N38874,N38874,sa1,1
4213,N38873 /1 undetected,output,,N38873,N38873,1,undetected,N38873,N38873,N38873,sa1,1
4214,N22581 /1 undetected,output,,N22581,N22581,1,undetected,N22581,N22581,N22581,sa1,1
4215,N22580 /1 undetected,output,,N22580,N22580,1,undetected,N22580,N22580,N22580,sa1,1
4216,N8731 /1 undetected,output,,N8731,N8731,1,undetected,N8731,N8731,N8731,sa1,1
4217,N38871 /1 undetected,output,,N38871,N38871,1,undetected,N38871,N38871,N38871,sa1,1
4218,N38870 /1 undetected,output,,N38870,N38870,1,undetected,N38870,N38870,N38870,sa1,1
4219,N38868 /1 undetected,output,,N38868,N38868,1,undetected,N38868,N38868,N38868,sa1,1
4220,N38867 /1 undetected,output,,N38867,N38867,1,undetected,N38867,N38867,N38867,sa1,1
4221,N8730 /1 undetected,output,,N8730,N8730,1,undetected,N8730,N8730,N8730,sa1,1
4222,N38865 /1 undetected,output,,N38865,N38865,1,undetected,N38865,N38865,N38865,sa1,1
4223,N38864 /1 undetected,output,,N38864,N38864,1,undetected,N38864,N38864,N38864,sa1,1
4224,N38862 /1 undetected,output,,N38862,N38862,1,undetected,N38862,N38862,N38862,sa1,1
4225,N38861 /1 undetected,output,,N38861,N38861,1,undetected,N38861,N38861,N38861,sa1,1
4226,N8729 /1 undetected,output,,N8729,N8729,1,undetected,N8729,N8729,N8729,sa1,1
4227,N38859 /1 undetected,output,,N38859,N38859,1,undetected,N38859,N38859,N38859,sa1,1
4228,N38858 /1 undetected,output,,N38858,N38858,1,undetected,N38858,N38858,N38858,sa1,1
4229,N38856 /1 undetected,output,,N38856,N38856,1,undetected,N38856,N38856,N38856,sa1,1
4230,N38855 /1 undetected,output,,N38855,N38855,1,undetected,N38855,N38855,N38855,sa1,1
4231,N8728 /1 undetected,output,,N8728,N8728,1,undetected,N8728,N8728,N8728,sa1,1
4232,N38853 /1 undetected,output,,N38853,N38853,1,undetected,N38853,N38853,N38853,sa1,1
4233,N38852 /1 undetected,output,,N38852,N38852,1,undetected,N38852,N38852,N38852,sa1,1
4234,N38850 /1 undetected,output,,N38850,N38850,1,undetected,N38850,N38850,N38850,sa1,1
4235,N38849 /1 undetected,output,,N38849,N38849,1,undetected,N38849,N38849,N38849,sa1,1
4236,N14726 /1 undetected,output,,N14726,N14726,1,undetected,N14726,N14726,N14726,sa1,1
4237,N14726 /0 undetected,output,,N14726,N14726,0,undetected,N14726,N14726,N14726,sa0,1
4238,N14777 /1 undetected,output,,N14777,N14777,1,undetected,N14777,N14777,N14777,sa1,1
4239,N39228 /1 undetected,output,,N39228,N39228,1,undetected,N39228,N39228,N39228,sa1,1
4240,N39227 /1 undetected,output,,N39227,N39227,1,undetected,N39227,N39227,N39227,sa1,1
4241,N39225 /1 undetected,output,,N39225,N39225,1,undetected,N39225,N39225,N39225,sa1,1
4242,N39224 /1 undetected,output,,N39224,N39224,1,undetected,N39224,N39224,N39224,sa1,1
4243,N39222 /1 undetected,output,,N39222,N39222,1,undetected,N39222,N39222,N39222,sa1,1
4244,N39221 /1 undetected,output,,N39221,N39221,1,undetected,N39221,N39221,N39221,sa1,1
4245,N14776 /1 undetected,output,,N14776,N14776,1,undetected,N14776,N14776,N14776,sa1,1
4246,N39219 /1 undetected,output,,N39219,N39219,1,undetected,N39219,N39219,N39219,sa1,1
4247,N39218 /1 undetected,output,,N39218,N39218,1,undetected,N39218,N39218,N39218,sa1,1
4248,N39216 /1 undetected,output,,N39216,N39216,1,undetected,N39216,N39216,N39216,sa1,1
4249,N39215 /1 undetected,output,,N39215,N39215,1,undetected,N39215,N39215,N39215,sa1,1
4250,N39213 /1 undetected,output,,N39213,N39213,1,undetected,N39213,N39213,N39213,sa1,1
4251,N39212 /1 undetected,output,,N39212,N39212,1,undetected,N39212,N39212,N39212,sa1,1
4252,N39144 /1 undetected,output,,N39144,N39144,1,undetected,N39144,N39144,N39144,sa1,1
4253,N14727 /1 undetected,output,,N14727,N14727,1,undetected,N14727,N14727,N14727,sa1,1
4254,N14727 /0 undetected,output,,N14727,N14727,0,undetected,N14727,N14727,N14727,sa0,1
4255,N39141 /1 undetected,output,,N39141,N39141,1,undetected,N39141,N39141,N39141,sa1,1
4256,N39140 /1 undetected,output,,N39140,N39140,1,undetected,N39140,N39140,N39140,sa1,1
4257,N39138 /1 undetected,output,,N39138,N39138,1,undetected,N39138,N39138,N39138,sa1,1
4258,N39137 /1 undetected,output,,N39137,N39137,1,undetected,N39137,N39137,N39137,sa1,1
4259,N41185 /1 undetected,output,,N41185,N41185,1,undetected,N41185,N41185,N41185,sa1,1
4260,N52838 /1 undetected,output,,N52838,N52838,1,undetected,N52838,N52838,N52838,sa1,1
4261,N40127 /1 undetected,output,,N40127,N40127,1,undetected,N40127,N40127,N40127,sa1,1
4262,N46745 /1 undetected,output,,N46745,N46745,1,undetected,N46745,N46745,N46745,sa1,1
4263,N14728 /1 undetected,output,,N14728,N14728,1,undetected,N14728,N14728,N14728,sa1,1
4264,N14728 /0 undetected,output,,N14728,N14728,0,undetected,N14728,N14728,N14728,sa0,1
4265,N34066 /1 undetected,output,,N34066,N34066,1,undetected,N34066,N34066,N34066,sa1,1
4266,N34065 /1 undetected,output,,N34065,N34065,1,undetected,N34065,N34065,N34065,sa1,1
4267,N14818 /0 undetected,output,,N14818,N14818,0,undetected,N14818,N14818,N14818,sa0,1
4268,N14815 /1 undetected,output,,N14815,N14815,1,undetected,N14815,N14815,N14815,sa1,1
4269,N14815 /0 undetected,output,,N14815,N14815,0,undetected,N14815,N14815,N14815,sa0,1
4270,N14802 /1 undetected,output,,N14802,N14802,1,undetected,N14802,N14802,N14802,sa1,1
4271,N14802 /0 undetected,output,,N14802,N14802,0,undetected,N14802,N14802,N14802,sa0,1
4272,N14800 /1 undetected,output,,N14800,N14800,1,undetected,N14800,N14800,N14800,sa1,1
4273,N14800 /0 undetected,output,,N14800,N14800,0,undetected,N14800,N14800,N14800,sa0,1
4274,N14798 /1 undetected,output,,N14798,N14798,1,undetected,N14798,N14798,N14798,sa1,1
4275,N14798 /0 undetected,output,,N14798,N14798,0,undetected,N14798,N14798,N14798,sa0,1
4276,N8789 /1 undetected,output,,N8789,N8789,1,undetected,N8789,N8789,N8789,sa1,1
4277,N8787 /1 undetected,output,,N8787,N8787,1,undetected,N8787,N8787,N8787,sa1,1
4278,N8787 /0 undetected,output,,N8787,N8787,0,undetected,N8787,N8787,N8787,sa0,1
4279,N8775 /1 undetected,output,,N8775,N8775,1,undetected,N8775,N8775,N8775,sa1,1
4280,N8775 /0 undetected,output,,N8775,N8775,0,undetected,N8775,N8775,N8775,sa0,1
