node,total_undetected_faults,output_sa0,output_sa1,input_edge_sa0,input_edge_sa1
N18381,3,1,1,0,1
__tpi_cp_368_N26330,3,1,1,0,1
__tpi_cp_391_N24161,3,1,1,0,1
N12823,2,1,1,0,0
N12825,2,1,1,0,0
N12960,2,1,1,0,0
N12967,2,1,1,0,0
N12979,2,1,1,0,0
N12981,2,1,1,0,0
N12983,2,1,1,0,0
N14397,2,0,1,0,1
N14399,2,0,1,0,1
N1750,2,0,1,0,1
N1755,2,0,1,0,1
N18286,2,1,1,0,0
N18288,2,1,1,0,0
N18295,2,1,1,0,0
N18297,2,1,1,0,0
N18384,2,1,1,0,0
N18454,2,0,1,0,1
N18526,2,1,1,0,0
N18529,2,1,1,0,0
N19271,2,1,1,0,0
N19278,2,1,1,0,0
N19286,2,1,1,0,0
N19290,2,1,1,0,0
N19292,2,1,1,0,0
N19294,2,1,1,0,0
N23885,2,1,1,0,0
N23955,2,1,1,0,0
N23959,2,1,1,0,0
N23961,2,1,1,0,0
N23965,2,1,1,0,0
N24043,2,1,1,0,0
N24044,2,1,1,0,0
N24045,2,1,1,0,0
N24046,2,1,1,0,0
N24072,2,1,1,0,0
N24092,2,1,1,0,0
N24163,2,1,1,0,0
N24164,2,1,1,0,0
N24168,2,1,1,0,0
N24169,2,1,1,0,0
N26329,2,1,1,0,0
N26352,2,1,1,0,0
N26367,2,1,1,0,0
N26371,2,1,1,0,0
N26425,2,1,1,0,0
N26426,2,1,1,0,0
N26432,2,1,1,0,0
N26433,2,1,1,0,0
N30492,2,0,1,0,1
N30493,2,0,1,0,1
N30496,2,0,1,0,1
N30498,2,0,1,0,1
N30501,2,0,1,0,1
N30502,2,0,1,0,1
N30505,2,0,1,0,1
N30507,2,0,1,0,1
N30647,2,0,1,0,1
N30653,2,0,1,0,1
N30656,2,0,1,0,1
N31353,2,0,1,0,1
N31355,2,0,1,0,1
N31358,2,0,1,0,1
N31362,2,0,1,0,1
N31364,2,0,1,0,1
N31366,2,0,1,0,1
N31527,2,0,1,0,1
N31530,2,0,1,0,1
N31532,2,0,1,0,1
N31534,2,0,1,0,1
N31538,2,0,1,0,1
N31541,2,0,1,0,1
N31543,2,0,1,0,1
N33487,2,0,1,0,1
N33503,2,0,1,0,1
N33507,2,0,1,0,1
N33510,2,0,1,0,1
N33513,2,0,1,0,1
N33515,2,0,1,0,1
N33532,2,0,1,0,1
N33542,2,0,1,0,1
N33553,2,0,1,0,1
N33555,2,0,1,0,1
N33560,2,0,1,0,1
N33563,2,0,1,0,1
N4570,2,1,1,0,0
N4572,2,1,1,0,0
N4575,2,1,1,0,0
N4576,2,1,1,0,0
N4992,2,0,1,0,1
N4994,2,0,1,0,1
N4997,2,0,1,0,1
N4998,2,0,1,0,1
N4999,2,0,1,0,1
N5215,2,0,1,0,1
N5218,2,0,1,0,1
N5221,2,0,1,0,1
N5264,2,0,1,0,1
N5278,2,0,1,0,1
N7658,2,1,1,0,0
N7659,2,1,1,0,0
N7661,2,1,1,0,0
N7662,2,1,1,0,0
N7663,2,1,1,0,0
N7664,2,1,1,0,0
N7665,2,1,1,0,0
N7668,2,1,1,0,0
N7669,2,1,1,0,0
N7670,2,1,1,0,0
N7671,2,1,1,0,0
N7672,2,1,1,0,0
N7673,2,1,1,0,0
N7674,2,1,1,0,0
N7675,2,1,1,0,0
N7676,2,1,1,0,0
N7677,2,1,1,0,0
N7691,2,1,1,0,0
N7692,2,1,1,0,0
N7693,2,1,1,0,0
N7694,2,1,1,0,0
N7695,2,1,1,0,0
N7696,2,1,1,0,0
N7697,2,1,1,0,0
N7700,2,1,1,0,0
N7701,2,1,1,0,0
N7702,2,1,1,0,0
N7703,2,1,1,0,0
N7704,2,1,1,0,0
N7705,2,1,1,0,0
N7706,2,1,1,0,0
N7707,2,1,1,0,0
N7708,2,1,1,0,0
N7709,2,1,1,0,0
N7710,2,1,1,0,0
N7711,2,1,1,0,0
N8086,2,1,1,0,0
N8087,2,1,1,0,0
N8088,2,1,1,0,0
N8089,2,1,1,0,0
N8090,2,1,1,0,0
N8091,2,1,1,0,0
N8094,2,1,1,0,0
N8105,2,1,1,0,0
N8109,2,1,1,0,0
N8110,2,1,1,0,0
N8111,2,1,1,0,0
N8112,2,1,1,0,0
N8113,2,1,1,0,0
N8114,2,1,1,0,0
N8115,2,1,1,0,0
N8116,2,1,1,0,0
__tpi_cp_101_N13020,2,0,1,0,1
__tpi_cp_102_N8329,2,0,1,1,0
__tpi_cp_108_N8333,2,0,1,1,0
__tpi_cp_110_N18523,2,0,1,0,1
__tpi_cp_112_N13022,2,0,1,0,1
__tpi_cp_114_N18560,2,0,1,0,1
__tpi_cp_126_N18592,2,0,1,0,1
__tpi_cp_127_N18553,2,0,1,0,1
__tpi_cp_129_N18580,2,0,1,0,1
__tpi_cp_131_N18518,2,0,1,0,1
__tpi_cp_132_N13002,2,1,0,1,0
__tpi_cp_134_N13024,2,0,1,0,1
__tpi_cp_136_N19339,2,0,1,0,1
__tpi_cp_137_N19310,2,1,0,1,0
__tpi_cp_142_N19315,2,1,0,1,0
__tpi_cp_148_N8331,2,0,1,1,0
__tpi_cp_151_N13008,2,1,0,1,0
__tpi_cp_154_N19301,2,1,0,1,0
__tpi_cp_155_N12999,2,1,0,1,0
__tpi_cp_160_N12990,2,1,0,1,0
__tpi_cp_165_N12933,2,0,1,0,1
__tpi_cp_174_N24189,2,0,1,0,1
__tpi_cp_176_N8325,2,0,1,1,0
__tpi_cp_177_N24119,2,0,1,1,0
__tpi_cp_178_N18571,2,0,1,0,1
__tpi_cp_179_N18572,2,0,1,0,1
__tpi_cp_180_N18581,2,0,1,0,1
__tpi_cp_181_N24124,2,0,1,1,0
__tpi_cp_183_N24132,2,0,1,1,0
__tpi_cp_189_N19343,2,0,1,0,1
__tpi_cp_191_N24207,2,0,1,0,1
__tpi_cp_192_N14523,2,0,1,0,1
__tpi_cp_199_N13057,2,0,1,0,1
__tpi_cp_202_N13032,2,0,1,0,1
__tpi_cp_203_N13028,2,0,1,0,1
__tpi_cp_223_N24131,2,0,1,1,0
__tpi_cp_228_N26404,2,0,1,1,0
__tpi_cp_229_N26403,2,0,1,1,0
__tpi_cp_230_N26408,2,0,1,1,0
__tpi_cp_280_N23994,2,1,0,1,0
__tpi_cp_282_N26398,2,0,1,1,0
__tpi_cp_283_N26397,2,0,1,1,0
__tpi_cp_288_N26405,2,0,1,1,0
__tpi_cp_294_N26477,2,0,1,1,0
__tpi_cp_296_N26456,2,0,1,1,0
__tpi_cp_2_N5343,2,0,1,0,1
__tpi_cp_301_N24210,2,0,1,0,1
__tpi_cp_353_N26402,2,0,1,1,0
__tpi_cp_371_N26396,2,0,1,1,0
__tpi_cp_377_N26400,2,0,1,0,1
__tpi_cp_37_N5219,2,0,1,1,0
__tpi_cp_390_N26523,2,0,1,0,1
__tpi_cp_393_N24123,2,0,1,1,0
__tpi_cp_394_N24129,2,0,1,1,0
__tpi_cp_395_N24126,2,0,1,1,0
__tpi_cp_396_N24125,2,0,1,1,0
__tpi_cp_406_N24180,2,0,1,0,1
__tpi_cp_441_N26395,2,0,1,0,1
__tpi_cp_446_N24016,2,0,1,0,1
__tpi_cp_44_N3822,2,0,1,0,1
__tpi_cp_46_N7123,2,0,1,0,1
__tpi_cp_47_N7119,2,0,1,0,1
__tpi_cp_486_N24203,2,0,1,0,1
__tpi_cp_51_N3980,2,0,1,0,1
__tpi_cp_52_N3976,2,0,1,0,1
__tpi_cp_55_N1989,2,0,1,1,0
__tpi_cp_56_N18387,2,1,0,1,0
__tpi_cp_60_N5220,2,0,1,1,0
__tpi_cp_66_N5216,2,0,1,1,0
__tpi_cp_67_N8335,2,0,1,1,0
__tpi_cp_69_N4995,2,0,1,1,0
__tpi_cp_6_N4430,2,0,1,0,1
__tpi_cp_70_N19319,2,1,0,1,0
__tpi_cp_83_N13010,2,0,1,0,1
__tpi_cp_84_N13014,2,0,1,0,1
__tpi_cp_85_N13016,2,0,1,0,1
__tpi_cp_86_N19321,2,0,1,0,1
__tpi_cp_89_N19331,2,0,1,0,1
__tpi_cp_92_N26410,2,0,1,1,0
__tpi_cp_93_N10497,2,0,1,0,1
__tpi_cp_94_N7574,2,0,1,0,1
__tpi_cp_96_N13041,2,0,1,0,1
__tpi_cp_97_N13018,2,0,1,0,1
__tpi_cp_98_N19366,2,0,1,0,1
N10036,1,0,1,0,0
N10038,1,0,1,0,0
N10040,1,0,1,0,0
N10052,1,0,1,0,0
N10059,1,0,1,0,0
N10066,1,0,1,0,0
N10073,1,0,1,0,0
N10080,1,0,1,0,0
N10087,1,0,1,0,0
N10094,1,0,1,0,0
N10101,1,0,1,0,0
N10108,1,0,1,0,0
N10115,1,0,1,0,0
N10122,1,0,1,0,0
N10129,1,0,1,0,0
N10136,1,0,1,0,0
N10143,1,0,1,0,0
N10150,1,0,1,0,0
N10157,1,0,1,0,0
N10164,1,0,1,0,0
N10171,1,0,1,0,0
N10176,1,0,1,0,0
N10401,1,0,1,0,0
N10402,1,0,1,0,0
N10403,1,0,1,0,0
N10404,1,0,1,0,0
N10405,1,0,1,0,0
N10406,1,0,1,0,0
N10407,1,0,1,0,0
N10408,1,0,1,0,0
N10409,1,0,1,0,0
N10410,1,0,1,0,0
N10411,1,0,1,0,0
N10412,1,0,1,0,0
N10413,1,0,1,0,0
N10414,1,0,1,0,0
N10415,1,0,1,0,0
N10416,1,0,1,0,0
N10417,1,0,1,0,0
N10418,1,0,1,0,0
N10419,1,0,1,0,0
N10420,1,0,1,0,0
N10421,1,0,1,0,0
N10422,1,0,1,0,0
N10423,1,0,1,0,0
N10424,1,0,1,0,0
N10425,1,0,1,0,0
N10426,1,0,1,0,0
N10427,1,0,1,0,0
N10428,1,0,1,0,0
N10429,1,0,1,0,0
N10430,1,0,1,0,0
N10431,1,0,1,0,0
N10432,1,0,1,0,0
N10433,1,0,1,0,0
N10434,1,0,1,0,0
N10435,1,0,1,0,0
N10436,1,0,1,0,0
N10437,1,0,1,0,0
N10438,1,0,1,0,0
N10439,1,0,1,0,0
N10440,1,0,1,0,0
N10441,1,0,1,0,0
N10442,1,0,1,0,0
N10443,1,0,1,0,0
N10444,1,0,1,0,0
N10445,1,0,1,0,0
N10446,1,0,1,0,0
N10447,1,0,1,0,0
N10448,1,0,1,0,0
N10449,1,0,1,0,0
N10450,1,0,1,0,0
N10451,1,0,1,0,0
N10452,1,0,1,0,0
N10453,1,0,1,0,0
N10454,1,0,1,0,0
N10455,1,0,1,0,0
N10456,1,0,1,0,0
N10457,1,0,1,0,0
N10458,1,0,1,0,0
N10459,1,0,1,0,0
N10460,1,0,1,0,0
N10461,1,0,1,0,0
N10462,1,0,1,0,0
N10463,1,0,1,0,0
N10464,1,0,1,0,0
N10465,1,0,1,0,0
N10466,1,0,1,0,0
N10467,1,0,1,0,0
N10468,1,0,1,0,0
N10469,1,0,1,0,0
N10470,1,0,1,0,0
N10471,1,0,1,0,0
N10472,1,0,1,0,0
N10473,1,0,1,0,0
N10474,1,0,1,0,0
N10475,1,0,1,0,0
N10476,1,0,1,0,0
N10477,1,0,1,0,0
N10478,1,0,1,0,0
N10479,1,0,1,0,0
N10480,1,0,1,0,0
N10481,1,0,1,0,0
N10482,1,0,1,0,0
N10483,1,0,1,0,0
N10484,1,0,1,0,0
N10485,1,0,1,0,0
N10486,1,0,1,0,0
N10487,1,0,1,0,0
N10488,1,0,1,0,0
N10489,1,0,1,0,0
N10490,1,0,1,0,0
N10491,1,0,1,0,0
N10492,1,0,1,0,0
N10493,1,0,1,0,0
N10494,1,0,1,0,0
N10495,1,0,1,0,0
N10496,1,0,1,0,0
N10497,1,0,1,0,0
N10508,1,0,1,0,0
N10509,1,0,1,0,0
N10510,1,0,1,0,0
N10511,1,0,1,0,0
N10512,1,0,1,0,0
N10513,1,0,1,0,0
N10514,1,0,1,0,0
N10515,1,0,1,0,0
N10516,1,0,1,0,0
N10517,1,0,1,0,0
N10518,1,0,1,0,0
N10519,1,0,1,0,0
N10520,1,0,1,0,0
N10522,1,0,1,0,0
N10524,1,0,1,0,0
N10525,1,0,1,0,0
N10532,1,0,1,0,0
N10536,1,0,1,0,0
N10537,1,0,1,0,0
N10538,1,0,1,0,0
N10539,1,0,1,0,0
N10546,1,0,1,0,0
N10547,1,0,1,0,0
N10554,1,0,1,0,0
N10555,1,0,1,0,0
N10556,1,0,1,0,0
N10557,1,0,1,0,0
N10558,1,0,1,0,0
N10559,1,0,1,0,0
N10560,1,0,1,0,0
N10561,1,0,1,0,0
N10562,1,0,1,0,0
N10563,1,0,1,0,0
N10564,1,0,1,0,0
N10565,1,0,1,0,0
N10566,1,0,1,0,0
N10567,1,0,1,0,0
N10568,1,0,1,0,0
N10569,1,0,1,0,0
N10570,1,0,1,0,0
N10571,1,0,1,0,0
N12232,1,0,1,0,0
N12233,1,0,1,0,0
N12234,1,0,1,0,0
N12235,1,0,1,0,0
N12236,1,0,1,0,0
N12237,1,0,1,0,0
N12238,1,0,1,0,0
N12239,1,0,1,0,0
N12240,1,0,1,0,0
N12241,1,0,1,0,0
N12242,1,0,1,0,0
N12290,1,1,0,0,0
N12291,1,1,0,0,0
N12292,1,1,0,0,0
N12293,1,1,0,0,0
N12294,1,1,0,0,0
N12295,1,1,0,0,0
N12319,1,0,1,0,0
N12321,1,0,1,0,0
N12323,1,0,1,0,0
N12325,1,0,1,0,0
N12331,1,0,1,0,0
N12680,1,0,1,0,0
N12681,1,0,1,0,0
N12682,1,0,1,0,0
N12683,1,0,1,0,0
N12684,1,0,1,0,0
N12694,1,0,1,0,0
N12695,1,0,1,0,0
N12696,1,0,1,0,0
N12697,1,0,1,0,0
N12698,1,0,1,0,0
N12699,1,0,1,0,0
N12700,1,0,1,0,0
N12701,1,0,1,0,0
N12702,1,0,1,0,0
N12703,1,0,1,0,0
N12704,1,0,1,0,0
N12705,1,0,1,0,0
N12706,1,0,1,0,0
N12707,1,0,1,0,0
N12709,1,0,1,0,0
N12710,1,0,1,0,0
N12711,1,0,1,0,0
N12712,1,0,1,0,0
N12713,1,0,1,0,0
N12714,1,0,1,0,0
N12715,1,0,1,0,0
N12716,1,0,1,0,0
N12717,1,0,1,0,0
N12719,1,0,1,0,0
N12720,1,0,1,0,0
N12721,1,0,1,0,0
N12722,1,0,1,0,0
N12723,1,0,1,0,0
N12724,1,0,1,0,0
N12725,1,0,1,0,0
N12726,1,0,1,0,0
N12727,1,0,1,0,0
N12729,1,0,1,0,0
N12730,1,0,1,0,0
N12731,1,0,1,0,0
N12732,1,0,1,0,0
N12734,1,0,1,0,0
N12735,1,0,1,0,0
N12736,1,0,1,0,0
N12737,1,0,1,0,0
N12739,1,0,1,0,0
N12740,1,0,1,0,0
N12741,1,0,1,0,0
N12742,1,0,1,0,0
N12743,1,0,1,0,0
N12744,1,0,1,0,0
N12745,1,0,1,0,0
N12746,1,0,1,0,0
N12747,1,0,1,0,0
N12749,1,0,1,0,0
N12750,1,0,1,0,0
N12751,1,0,1,0,0
N12752,1,0,1,0,0
N12753,1,0,1,0,0
N12754,1,0,1,0,0
N12755,1,0,1,0,0
N12756,1,0,1,0,0
N12757,1,0,1,0,0
N12759,1,0,1,0,0
N12760,1,0,1,0,0
N12761,1,0,1,0,0
N12762,1,0,1,0,0
N12763,1,0,1,0,0
N12769,1,0,1,0,0
N12770,1,0,1,0,0
N12771,1,0,1,0,0
N12772,1,0,1,0,0
N12773,1,1,0,0,0
N12778,1,0,1,0,0
N12779,1,0,1,0,0
N12780,1,0,1,0,0
N12781,1,0,1,0,0
N12782,1,0,1,0,0
N12783,1,0,1,0,0
N12784,1,0,1,0,0
N12785,1,0,1,0,0
N12786,1,0,1,0,0
N12787,1,0,1,0,0
N12789,1,0,1,0,0
N12790,1,0,1,0,0
N12791,1,0,1,0,0
N12792,1,0,1,0,0
N12794,1,0,1,0,0
N12795,1,0,1,0,0
N12796,1,0,1,0,0
N12799,1,0,1,0,0
N12804,1,0,1,0,0
N12811,1,0,1,0,0
N12814,1,0,1,0,0
N12815,1,0,1,0,0
N12816,1,0,1,0,0
N12818,1,0,1,0,0
N12819,1,0,1,0,0
N12840,1,1,0,0,0
N12842,1,0,1,0,0
N12843,1,1,0,0,0
N12844,1,0,1,0,0
N12845,1,0,1,0,0
N12847,1,0,1,0,0
N12851,1,0,1,0,0
N12852,1,1,0,0,0
N12857,1,0,1,0,0
N12861,1,0,1,0,0
N12865,1,0,1,0,0
N12869,1,0,1,0,0
N12875,1,0,1,0,0
N12876,1,0,1,0,0
N12878,1,0,1,0,0
N12883,1,0,1,0,0
N12884,1,0,1,0,0
N12887,1,0,1,0,0
N12890,1,0,1,0,0
N12892,1,0,1,0,0
N12896,1,0,1,0,0
N12898,1,0,1,0,0
N12899,1,1,0,0,0
N12900,1,0,1,0,0
N12901,1,1,0,0,0
N12902,1,0,1,0,0
N12929,1,0,1,0,0
N12933,1,0,1,0,0
N12934,1,0,1,0,0
N12936,1,0,1,0,0
N12937,1,0,1,0,0
N12939,1,0,1,0,0
N12940,1,0,1,0,0
N12945,1,0,1,0,0
N12946,1,0,1,0,0
N12947,1,0,1,0,0
N12948,1,0,1,0,0
N12949,1,0,1,0,0
N12950,1,0,1,0,0
N12951,1,0,1,0,0
N12952,1,0,1,0,0
N12953,1,0,1,0,0
N12956,1,0,1,0,0
N12957,1,0,1,0,0
N12958,1,0,1,0,0
N12959,1,0,1,0,0
N12964,1,0,1,0,0
N12965,1,0,1,0,0
N12990,1,1,0,0,0
N12999,1,1,0,0,0
N13002,1,1,0,0,0
N13003,1,1,0,0,0
N13005,1,1,0,0,0
N13006,1,1,0,0,0
N13007,1,1,0,0,0
N13008,1,1,0,0,0
N13010,1,0,1,0,0
N13014,1,0,1,0,0
N13016,1,0,1,0,0
N13018,1,0,1,0,0
N13020,1,0,1,0,0
N13022,1,0,1,0,0
N13024,1,0,1,0,0
N13028,1,0,1,0,0
N13032,1,0,1,0,0
N13035,1,0,1,0,0
N13039,1,0,1,0,0
N13041,1,0,1,0,0
N13043,1,0,1,0,0
N13045,1,0,1,0,0
N13047,1,0,1,0,0
N13049,1,0,1,0,0
N13053,1,0,1,0,0
N13055,1,0,1,0,0
N13057,1,0,1,0,0
N14396,1,0,1,0,0
N14398,1,0,1,0,0
N14400,1,0,1,0,0
N14404,1,0,0,0,1
N14430,1,0,1,0,0
N14431,1,0,1,0,0
N14433,1,0,1,0,0
N14434,1,0,1,0,0
N14435,1,0,1,0,0
N14437,1,0,1,0,0
N14439,1,0,1,0,0
N14440,1,0,1,0,0
N14441,1,0,1,0,0
N14442,1,0,1,0,0
N14445,1,0,1,0,0
N14446,1,0,1,0,0
N14447,1,0,1,0,0
N14448,1,0,1,0,0
N14451,1,0,1,0,0
N14452,1,0,1,0,0
N14455,1,0,1,0,0
N14500,1,0,1,0,0
N14523,1,0,1,0,0
N17211,1,0,1,0,0
N17290,1,0,1,0,0
N1749,1,0,1,0,0
N1751,1,0,1,0,0
N1753,1,0,1,0,0
N1754,1,0,1,0,0
N1756,1,0,1,0,0
N1758,1,0,1,0,0
N18026,1,1,0,0,0
N18045,1,0,1,0,0
N18046,1,0,1,0,0
N18047,1,0,1,0,0
N18048,1,0,1,0,0
N18049,1,0,1,0,0
N18050,1,0,1,0,0
N18051,1,0,1,0,0
N18052,1,0,1,0,0
N18053,1,0,1,0,0
N18054,1,0,1,0,0
N18055,1,0,1,0,0
N18056,1,0,1,0,0
N18057,1,0,1,0,0
N18058,1,0,1,0,0
N18059,1,0,1,0,0
N18060,1,0,1,0,0
N18061,1,0,1,0,0
N18062,1,0,1,0,0
N18063,1,0,1,0,0
N18064,1,0,1,0,0
N18065,1,0,1,0,0
N18066,1,0,1,0,0
N18067,1,0,1,0,0
N18068,1,0,1,0,0
N18069,1,0,1,0,0
N18070,1,0,1,0,0
N18099,1,0,1,0,0
N18103,1,0,1,0,0
N18116,1,1,0,0,0
N18117,1,1,0,0,0
N18118,1,1,0,0,0
N18119,1,1,0,0,0
N18120,1,1,0,0,0
N18121,1,1,0,0,0
N18122,1,1,0,0,0
N18123,1,1,0,0,0
N18124,1,1,0,0,0
N18125,1,1,0,0,0
N18126,1,1,0,0,0
N18127,1,1,0,0,0
N18142,1,0,1,0,0
N18144,1,0,1,0,0
N18146,1,0,1,0,0
N18148,1,0,1,0,0
N18150,1,0,1,0,0
N18152,1,0,1,0,0
N18154,1,0,1,0,0
N18156,1,0,1,0,0
N18158,1,0,1,0,0
N18160,1,0,1,0,0
N18162,1,0,1,0,0
N18164,1,0,1,0,0
N18166,1,0,1,0,0
N18202,1,0,1,0,0
N18203,1,0,1,0,0
N18204,1,0,1,0,0
N18205,1,0,1,0,0
N18206,1,0,1,0,0
N18207,1,0,1,0,0
N18208,1,0,1,0,0
N18209,1,0,1,0,0
N18211,1,0,1,0,0
N18212,1,0,1,0,0
N18221,1,0,1,0,0
N18222,1,0,1,0,0
N18223,1,0,1,0,0
N18224,1,0,1,0,0
N18226,1,0,1,0,0
N18227,1,0,1,0,0
N18228,1,0,1,0,0
N18229,1,0,1,0,0
N18230,1,0,1,0,0
N18231,1,0,1,0,0
N18232,1,0,1,0,0
N18233,1,0,1,0,0
N18234,1,0,1,0,0
N18236,1,0,1,0,0
N18237,1,0,1,0,0
N18238,1,0,1,0,0
N18239,1,0,1,0,0
N18241,1,0,1,0,0
N18242,1,0,1,0,0
N18243,1,0,1,0,0
N18244,1,0,1,0,0
N18246,1,0,1,0,0
N18247,1,0,1,0,0
N18248,1,0,1,0,0
N18249,1,0,1,0,0
N18251,1,0,1,0,0
N18252,1,0,1,0,0
N18253,1,0,1,0,0
N18254,1,0,1,0,0
N18256,1,0,1,0,0
N18257,1,0,1,0,0
N18258,1,0,1,0,0
N18259,1,0,1,0,0
N18265,1,0,1,0,0
N18266,1,0,1,0,0
N18267,1,0,1,0,0
N18276,1,0,1,0,0
N18278,1,0,1,0,0
N18279,1,0,1,0,0
N18281,1,0,1,0,0
N18282,1,0,1,0,0
N18290,1,0,1,0,0
N18291,1,0,1,0,0
N18316,1,0,1,0,0
N18317,1,1,0,0,0
N18318,1,1,0,0,0
N18320,1,1,0,0,0
N18321,1,1,0,0,0
N18323,1,1,0,0,0
N18326,1,1,0,0,0
N18329,1,0,1,0,0
N18334,1,0,1,0,0
N18336,1,0,1,0,0
N18346,1,0,1,0,0
N18352,1,0,1,0,0
N18353,1,0,1,0,0
N18357,1,0,1,0,0
N18359,1,0,1,0,0
N18363,1,0,1,0,0
N18365,1,0,1,0,0
N18367,1,0,1,0,0
N18371,1,0,1,0,0
N18373,1,0,1,0,0
N18383,1,1,0,0,0
N18387,1,1,0,0,0
N18407,1,0,1,0,0
N18416,1,0,1,0,0
N18423,1,0,1,0,0
N18426,1,0,1,0,0
N18440,1,0,1,0,0
N18443,1,0,1,0,0
N18451,1,0,1,0,0
N18455,1,0,0,0,1
N18458,1,0,1,0,0
N18459,1,0,1,0,0
N18460,1,0,1,0,0
N18461,1,0,1,0,0
N18462,1,0,1,0,0
N18463,1,0,1,0,0
N18464,1,0,1,0,0
N18465,1,0,1,0,0
N18470,1,0,1,0,0
N18472,1,0,1,0,0
N18474,1,0,1,0,0
N18475,1,0,1,0,0
N18488,1,0,1,0,0
N18492,1,0,1,0,0
N18493,1,0,1,0,0
N18498,1,0,0,0,1
N18502,1,0,1,0,0
N18503,1,0,1,0,0
N18504,1,0,1,0,0
N18505,1,0,1,0,0
N18509,1,0,1,0,0
N18511,1,0,1,0,0
N18512,1,0,1,0,0
N18514,1,0,1,0,0
N18518,1,0,1,0,0
N18520,1,0,1,0,0
N18523,1,0,1,0,0
N18532,1,0,1,0,0
N18553,1,0,1,0,0
N18555,1,0,1,0,0
N18558,1,0,1,0,0
N18559,1,0,1,0,0
N18560,1,0,1,0,0
N18564,1,0,1,0,0
N18570,1,0,1,0,0
N18571,1,0,1,0,0
N18572,1,0,1,0,0
N18576,1,0,1,0,0
N18577,1,0,1,0,0
N18578,1,0,1,0,0
N18579,1,0,1,0,0
N18580,1,0,1,0,0
N18581,1,0,1,0,0
N18582,1,0,1,0,0
N18583,1,0,1,0,0
N18588,1,0,1,0,0
N18589,1,0,1,0,0
N18590,1,0,1,0,0
N18591,1,0,1,0,0
N18592,1,0,1,0,0
N18593,1,0,1,0,0
N18594,1,0,1,0,0
N18596,1,0,1,0,0
N18598,1,0,1,0,0
N18600,1,1,0,0,0
N18601,1,0,1,0,0
N18603,1,0,1,0,0
N19241,1,0,1,0,0
N19244,1,0,1,0,0
N19245,1,0,1,0,0
N19247,1,0,1,0,0
N19248,1,0,1,0,0
N19252,1,0,1,0,0
N19256,1,0,1,0,0
N19261,1,0,1,0,0
N19262,1,0,1,0,0
N19263,1,0,1,0,0
N19266,1,0,1,0,0
N19267,1,0,1,0,0
N19270,1,0,1,0,0
N19275,1,0,1,0,0
N19276,1,0,1,0,0
N19301,1,1,0,0,0
N19310,1,1,0,0,0
N19313,1,1,0,0,0
N19314,1,1,0,0,0
N19315,1,1,0,0,0
N19317,1,1,0,0,0
N19318,1,1,0,0,0
N19319,1,1,0,0,0
N19321,1,0,1,0,0
N19325,1,0,1,0,0
N19327,1,0,1,0,0
N19329,1,0,1,0,0
N19331,1,0,1,0,0
N19333,1,0,1,0,0
N19335,1,0,1,0,0
N19339,1,0,1,0,0
N19343,1,0,1,0,0
N19346,1,0,1,0,0
N19350,1,0,1,0,0
N19352,1,0,1,0,0
N19354,1,0,1,0,0
N19356,1,0,1,0,0
N19358,1,0,1,0,0
N19360,1,0,1,0,0
N19364,1,0,1,0,0
N19366,1,0,1,0,0
N19368,1,0,1,0,0
N1988,1,0,1,0,0
N1989,1,1,0,0,0
N1990,1,0,1,0,0
N1991,1,0,1,0,0
N1996,1,0,1,0,0
N1997,1,0,1,0,0
N2144,1,0,1,0,0
N2295,1,0,1,0,0
N2296,1,0,1,0,0
N2301,1,0,1,0,0
N2303,1,0,1,0,0
N2304,1,0,1,0,0
N2306,1,0,1,0,0
N2308,1,0,1,0,0
N2309,1,0,1,0,0
N2311,1,0,1,0,0
N2312,1,0,1,0,0
N2316,1,0,1,0,0
N2318,1,0,1,0,0
N2319,1,0,1,0,0
N2321,1,0,1,0,0
N2323,1,0,1,0,0
N2324,1,0,1,0,0
N2326,1,0,1,0,0
N2327,1,0,1,0,0
N23913,1,0,1,0,0
N23914,1,0,1,0,0
N23915,1,0,1,0,0
N23916,1,0,1,0,0
N23917,1,0,1,0,0
N23918,1,0,1,0,0
N23919,1,0,1,0,0
N23920,1,0,1,0,0
N23921,1,0,1,0,0
N23922,1,0,1,0,0
N23923,1,0,1,0,0
N23924,1,0,1,0,0
N23926,1,0,1,0,0
N23927,1,0,1,0,0
N23937,1,0,1,0,0
N23940,1,0,1,0,0
N23941,1,0,1,0,0
N23942,1,0,1,0,0
N23943,1,0,1,0,0
N23944,1,0,1,0,0
N23945,1,0,1,0,0
N23946,1,0,1,0,0
N23957,1,0,1,0,0
N23984,1,0,1,0,0
N23985,1,1,0,0,0
N23987,1,0,1,0,0
N23988,1,1,0,0,0
N23990,1,0,1,0,0
N23991,1,1,0,0,0
N23994,1,1,0,0,0
N23998,1,0,1,0,0
N24002,1,0,1,0,0
N24006,1,0,1,0,0
N24016,1,0,1,0,0
N24017,1,0,1,0,0
N24024,1,0,1,0,0
N24025,1,0,1,0,0
N24027,1,0,1,0,0
N24029,1,0,1,0,0
N24031,1,0,1,0,0
N24033,1,0,1,0,0
N24037,1,0,1,0,0
N24050,1,0,1,0,0
N24052,1,0,1,0,0
N24054,1,0,1,0,0
N24059,1,0,1,0,0
N24061,1,0,1,0,0
N24063,1,0,1,0,0
N24064,1,0,1,0,0
N24065,1,0,1,0,0
N24066,1,0,1,0,0
N24067,1,0,1,0,0
N24068,1,0,1,0,0
N24069,1,0,1,0,0
N24070,1,0,1,0,0
N24071,1,0,1,0,0
N24073,1,0,1,0,0
N24074,1,0,1,0,0
N24075,1,0,1,0,0
N24076,1,0,1,0,0
N24077,1,0,1,0,0
N24078,1,0,1,0,0
N24079,1,0,1,0,0
N24080,1,0,1,0,0
N24081,1,0,1,0,0
N24082,1,0,1,0,0
N24083,1,0,1,0,0
N24084,1,0,1,0,0
N24085,1,0,1,0,0
N24086,1,0,1,0,0
N24087,1,0,1,0,0
N24088,1,0,1,0,0
N24089,1,0,1,0,0
N24090,1,0,1,0,0
N24091,1,0,1,0,0
N24093,1,0,1,0,0
N24094,1,0,1,0,0
N24096,1,0,1,0,0
N24100,1,0,1,0,0
N24101,1,0,1,0,0
N24109,1,0,1,0,0
N24110,1,0,1,0,0
N24111,1,0,1,0,0
N24115,1,0,1,0,0
N24116,1,0,1,0,0
N24117,1,0,1,0,0
N24118,1,0,1,0,0
N24119,1,1,0,0,0
N24120,1,0,1,0,0
N24121,1,0,1,0,0
N24122,1,0,1,0,0
N24123,1,1,0,0,0
N24124,1,1,0,0,0
N24125,1,1,0,0,0
N24126,1,1,0,0,0
N24127,1,0,1,0,0
N24128,1,0,1,0,0
N24129,1,1,0,0,0
N24130,1,0,1,0,0
N24131,1,1,0,0,0
N24132,1,1,0,0,0
N24133,1,0,1,0,0
N24134,1,0,1,0,0
N24136,1,0,1,0,0
N24145,1,0,1,0,0
N24155,1,0,1,0,0
N24156,1,0,1,0,0
N24158,1,0,1,0,0
N24159,1,0,1,0,0
N24160,1,0,1,0,0
N24161,1,0,1,0,0
N24162,1,0,1,0,0
N24165,1,0,1,0,0
N24166,1,0,1,0,0
N24167,1,0,1,0,0
N24170,1,0,1,0,0
N24171,1,0,1,0,0
N24172,1,0,1,0,0
N24173,1,0,1,0,0
N24174,1,0,1,0,0
N24175,1,0,1,0,0
N24176,1,0,1,0,0
N24177,1,0,1,0,0
N24178,1,0,1,0,0
N24179,1,0,1,0,0
N24180,1,0,1,0,0
N24181,1,0,1,0,0
N24182,1,0,1,0,0
N24183,1,0,1,0,0
N24184,1,0,1,0,0
N24185,1,0,1,0,0
N24186,1,0,1,0,0
N24187,1,0,1,0,0
N24188,1,0,1,0,0
N24189,1,0,1,0,0
N24190,1,0,1,0,0
N24191,1,0,1,0,0
N24192,1,0,1,0,0
N24193,1,0,1,0,0
N24194,1,0,1,0,0
N24195,1,0,1,0,0
N24196,1,0,1,0,0
N24197,1,0,1,0,0
N24198,1,0,1,0,0
N24199,1,0,1,0,0
N24200,1,0,1,0,0
N24201,1,0,1,0,0
N24202,1,0,1,0,0
N24203,1,0,1,0,0
N24204,1,0,1,0,0
N24205,1,0,1,0,0
N24206,1,0,1,0,0
N24207,1,0,1,0,0
N24208,1,0,1,0,0
N24209,1,0,1,0,0
N24210,1,0,1,0,0
N24262,1,0,1,0,0
N24263,1,0,1,0,0
N24264,1,0,1,0,0
N24265,1,0,1,0,0
N24266,1,0,1,0,0
N24267,1,0,1,0,0
N24268,1,0,1,0,0
N24269,1,0,1,0,0
N24270,1,0,1,0,0
N24271,1,0,1,0,0
N24272,1,0,1,0,0
N24273,1,0,1,0,0
N24274,1,0,1,0,0
N24284,1,0,1,0,0
N24285,1,0,1,0,0
N24286,1,0,1,0,0
N24287,1,0,1,0,0
N24288,1,0,1,0,0
N24305,1,1,0,0,0
N24306,1,0,1,0,0
N24307,1,1,0,0,0
N24308,1,0,1,0,0
N24309,1,1,0,0,0
N24310,1,0,1,0,0
N24311,1,1,0,0,0
N24312,1,0,1,0,0
N24313,1,1,0,0,0
N24314,1,0,1,0,0
N24316,1,0,1,0,0
N24317,1,1,0,0,0
N25363,1,1,0,0,0
N25364,1,0,1,0,0
N25366,1,0,1,0,0
N26330,1,0,1,0,0
N26335,1,0,1,0,0
N26336,1,0,1,0,0
N26337,1,0,1,0,0
N26338,1,0,1,0,0
N26339,1,0,1,0,0
N26340,1,0,1,0,0
N26341,1,0,1,0,0
N26342,1,0,1,0,0
N26343,1,0,1,0,0
N26344,1,0,1,0,0
N26345,1,0,1,0,0
N26346,1,0,1,0,0
N26347,1,0,1,0,0
N26348,1,0,1,0,0
N26349,1,0,1,0,0
N26350,1,0,1,0,0
N26351,1,0,1,0,0
N26353,1,0,1,0,0
N26354,1,0,1,0,0
N26355,1,0,1,0,0
N26356,1,0,1,0,0
N26357,1,0,1,0,0
N26358,1,0,1,0,0
N26359,1,0,1,0,0
N26360,1,0,1,0,0
N26362,1,0,1,0,0
N26364,1,0,1,0,0
N26365,1,0,1,0,0
N26366,1,0,1,0,0
N26368,1,0,1,0,0
N26369,1,0,1,0,0
N26370,1,0,1,0,0
N26372,1,0,1,0,0
N26373,1,0,1,0,0
N26376,1,0,1,0,0
N26377,1,0,1,0,0
N26378,1,0,1,0,0
N26379,1,0,1,0,0
N26384,1,0,1,0,0
N26395,1,0,1,0,0
N26396,1,1,0,0,0
N26397,1,1,0,0,0
N26398,1,1,0,0,0
N26399,1,0,1,0,0
N26400,1,0,1,0,0
N26401,1,0,1,0,0
N26402,1,1,0,0,0
N26403,1,1,0,0,0
N26404,1,1,0,0,0
N26405,1,1,0,0,0
N26406,1,0,1,0,0
N26407,1,0,1,0,0
N26408,1,1,0,0,0
N26409,1,0,1,0,0
N26410,1,1,0,0,0
N26411,1,0,1,0,0
N26412,1,0,1,0,0
N26427,1,0,1,0,0
N26428,1,0,1,0,0
N26431,1,0,1,0,0
N26434,1,0,1,0,0
N26435,1,0,1,0,0
N26436,1,0,1,0,0
N26437,1,0,1,0,0
N26438,1,0,1,0,0
N26439,1,0,1,0,0
N26440,1,0,1,0,0
N26441,1,0,1,0,0
N26442,1,0,1,0,0
N26443,1,0,1,0,0
N26444,1,0,1,0,0
N26445,1,0,1,0,0
N26446,1,0,1,0,0
N26447,1,0,1,0,0
N26448,1,0,1,0,0
N26449,1,0,1,0,0
N26450,1,0,1,0,0
N26451,1,0,1,0,0
N26452,1,0,1,0,0
N26453,1,0,1,0,0
N26454,1,0,1,0,0
N26455,1,0,1,0,0
N26456,1,1,0,0,0
N26457,1,0,1,0,0
N26458,1,0,1,0,0
N26459,1,0,1,0,0
N26460,1,0,1,0,0
N26461,1,0,1,0,0
N26462,1,0,1,0,0
N26463,1,0,1,0,0
N26464,1,0,1,0,0
N26465,1,0,1,0,0
N26466,1,0,1,0,0
N26467,1,0,1,0,0
N26468,1,0,1,0,0
N26469,1,0,1,0,0
N26470,1,0,1,0,0
N26471,1,0,1,0,0
N26472,1,0,1,0,0
N26473,1,0,1,0,0
N26474,1,0,1,0,0
N26475,1,0,1,0,0
N26476,1,0,1,0,0
N26477,1,1,0,0,0
N26478,1,0,1,0,0
N26479,1,0,1,0,0
N26480,1,0,1,0,0
N26481,1,0,1,0,0
N26482,1,0,1,0,0
N26483,1,0,1,0,0
N26484,1,0,1,0,0
N26485,1,0,1,0,0
N26488,1,0,1,0,0
N26489,1,0,1,0,0
N26491,1,0,1,0,0
N26493,1,0,1,0,0
N26510,1,0,1,0,0
N26511,1,0,1,0,0
N26513,1,0,1,0,0
N26521,1,0,1,0,0
N26523,1,0,1,0,0
N30035,1,0,0,0,1
N30040,1,0,0,0,1
N30042,1,0,0,0,1
N30491,1,0,1,0,0
N30494,1,0,1,0,0
N30495,1,0,1,0,0
N30499,1,0,1,0,0
N30500,1,0,1,0,0
N30503,1,0,1,0,0
N30504,1,0,1,0,0
N30508,1,0,1,0,0
N30644,1,0,1,0,0
N30645,1,0,1,0,0
N30646,1,0,1,0,0
N30654,1,0,1,0,0
N30655,1,0,1,0,0
N30662,1,0,0,0,1
N3068,1,0,1,0,0
N3076,1,0,1,0,0
N30928,1,0,0,0,1
N30955,1,0,1,0,0
N30956,1,0,0,0,1
N30959,1,0,1,0,0
N30960,1,0,0,0,1
N31354,1,0,1,0,0
N31356,1,0,1,0,0
N31357,1,0,1,0,0
N31359,1,0,1,0,0
N31360,1,0,1,0,0
N31361,1,0,1,0,0
N31363,1,0,1,0,0
N31365,1,0,1,0,0
N31367,1,0,1,0,0
N31368,1,0,1,0,0
N31369,1,0,1,0,0
N31370,1,0,1,0,0
N31531,1,0,1,0,0
N31533,1,0,1,0,0
N31535,1,0,1,0,0
N31536,1,0,1,0,0
N31537,1,0,1,0,0
N31539,1,0,1,0,0
N31540,1,0,1,0,0
N31542,1,0,1,0,0
N31544,1,0,1,0,0
N31550,1,0,0,0,1
N31818,1,0,1,0,0
N31820,1,0,1,0,0
N31822,1,0,1,0,0
N31824,1,0,1,0,0
N31826,1,0,1,0,0
N31828,1,0,1,0,0
N31830,1,0,1,0,0
N31832,1,0,1,0,0
N31834,1,0,1,0,0
N31836,1,0,1,0,0
N31838,1,0,1,0,0
N31840,1,0,1,0,0
N31842,1,0,1,0,0
N31848,1,0,1,0,0
N31850,1,0,1,0,0
N31852,1,0,1,0,0
N31854,1,0,1,0,0
N31856,1,0,1,0,0
N31858,1,0,1,0,0
N31860,1,0,1,0,0
N31862,1,0,1,0,0
N31864,1,0,1,0,0
N31866,1,0,1,0,0
N31882,1,0,1,0,0
N31886,1,0,1,0,0
N31888,1,0,1,0,0
N31890,1,0,1,0,0
N31892,1,0,1,0,0
N31894,1,0,1,0,0
N31896,1,0,1,0,0
N31898,1,0,1,0,0
N31900,1,0,1,0,0
N32298,1,0,1,0,0
N32299,1,0,1,0,0
N32300,1,0,1,0,0
N32301,1,0,1,0,0
N32302,1,0,1,0,0
N32303,1,0,1,0,0
N32304,1,0,1,0,0
N32305,1,0,1,0,0
N32306,1,0,1,0,0
N32307,1,0,1,0,0
N32308,1,0,1,0,0
N32309,1,0,1,0,0
N32310,1,0,1,0,0
N32311,1,0,1,0,0
N32312,1,0,1,0,0
N32313,1,0,1,0,0
N32314,1,0,1,0,0
N32315,1,0,1,0,0
N32411,1,0,1,0,0
N32412,1,0,1,0,0
N32413,1,0,1,0,0
N32414,1,0,1,0,0
N32415,1,0,1,0,0
N32416,1,0,1,0,0
N32417,1,0,1,0,0
N32418,1,0,1,0,0
N32419,1,0,1,0,0
N32420,1,0,1,0,0
N32421,1,0,1,0,0
N32422,1,0,1,0,0
N32423,1,0,1,0,0
N32424,1,0,1,0,0
N32425,1,0,1,0,0
N32426,1,0,1,0,0
N32427,1,0,1,0,0
N32728,1,0,1,0,0
N32729,1,0,1,0,0
N32741,1,0,1,0,0
N32742,1,0,1,0,0
N32754,1,0,1,0,0
N32755,1,0,1,0,0
N32766,1,0,1,0,0
N32767,1,0,1,0,0
N32778,1,0,1,0,0
N32779,1,0,1,0,0
N32790,1,0,1,0,0
N32791,1,0,1,0,0
N32802,1,0,1,0,0
N32803,1,0,1,0,0
N32813,1,0,1,0,0
N32814,1,0,1,0,0
N32825,1,0,1,0,0
N32826,1,0,1,0,0
N32836,1,0,1,0,0
N32837,1,0,1,0,0
N32847,1,0,1,0,0
N32848,1,0,1,0,0
N32858,1,0,1,0,0
N32859,1,0,1,0,0
N32869,1,0,1,0,0
N32870,1,0,1,0,0
N32879,1,0,1,0,0
N32880,1,0,1,0,0
N3289,1,0,1,0,0
N32899,1,0,1,0,0
N32900,1,0,1,0,0
N32914,1,0,1,0,0
N33129,1,0,1,0,0
N33130,1,0,0,0,1
N33374,1,0,1,0,0
N33387,1,0,1,0,0
N33388,1,0,1,0,0
N33400,1,0,1,0,0
N33412,1,0,1,0,0
N33413,1,0,1,0,0
N33424,1,0,1,0,0
N33425,1,0,1,0,0
N33436,1,0,1,0,0
N33437,1,0,1,0,0
N33448,1,0,1,0,0
N33449,1,0,1,0,0
N33459,1,0,1,0,0
N33460,1,0,1,0,0
N33486,1,0,1,0,0
N33501,1,0,1,0,0
N33502,1,0,1,0,0
N33504,1,0,1,0,0
N33505,1,0,1,0,0
N33506,1,0,1,0,0
N33508,1,0,1,0,0
N33511,1,0,1,0,0
N33512,1,0,1,0,0
N33514,1,0,1,0,0
N33516,1,0,1,0,0
N33524,1,0,0,0,1
N33526,1,0,0,0,1
N33531,1,0,0,0,1
N33533,1,0,1,0,0
N33534,1,0,1,0,0
N33535,1,0,1,0,0
N33536,1,0,1,0,0
N33537,1,0,0,0,1
N33539,1,0,0,0,1
N33541,1,0,1,0,0
N33543,1,0,1,0,0
N33547,1,0,1,0,0
N33551,1,0,0,0,1
N33554,1,0,1,0,0
N33556,1,0,1,0,0
N33558,1,0,1,0,0
N33559,1,0,1,0,0
N33561,1,0,1,0,0
N33562,1,0,1,0,0
N33564,1,0,1,0,0
N33570,1,0,1,0,0
N33571,1,0,1,0,0
N33573,1,0,1,0,0
N33574,1,0,1,0,0
N33576,1,0,1,0,0
N33585,1,0,1,0,0
N33617,1,0,1,0,0
N33618,1,0,1,0,0
N33621,1,0,1,0,0
N33622,1,0,1,0,0
N33630,1,0,1,0,0
N33645,1,0,0,0,1
N33653,1,0,0,0,1
N33658,1,0,1,0,0
N33998,1,0,1,0,0
N34012,1,0,1,0,0
N34013,1,0,1,0,0
N34014,1,0,1,0,0
N34017,1,0,1,0,0
N34018,1,0,1,0,0
N34019,1,0,1,0,0
N34021,1,0,1,0,0
N34023,1,0,1,0,0
N34025,1,0,1,0,0
N34027,1,0,1,0,0
N34028,1,0,1,0,0
N34102,1,0,1,0,0
N34103,1,0,1,0,0
N34104,1,0,1,0,0
N34111,1,0,1,0,0
N34112,1,0,1,0,0
N34113,1,0,1,0,0
N34115,1,0,1,0,0
N34116,1,0,1,0,0
N34118,1,0,1,0,0
N36992,1,0,0,0,1
N36998,1,0,0,0,1
N37001,1,0,0,0,1
N37019,1,0,0,0,1
N37022,1,0,0,0,1
N37046,1,0,0,0,1
N37049,1,0,0,0,1
N37052,1,0,0,0,1
N37055,1,0,0,0,1
N37058,1,0,0,0,1
N37061,1,0,0,0,1
N37064,1,0,0,0,1
N37067,1,0,0,0,1
N37122,1,0,0,0,1
N3715,1,0,1,0,0
N3718,1,0,1,0,0
N3733,1,0,1,0,0
N3819,1,0,1,0,0
N3822,1,0,1,0,0
N3845,1,0,1,0,0
N39238,1,0,0,0,1
N39244,1,0,0,0,1
N39247,1,0,0,0,1
N39253,1,0,0,0,1
N39259,1,0,0,0,1
N39265,1,0,0,0,1
N39281,1,0,0,0,1
N39285,1,0,0,0,1
N39288,1,0,0,0,1
N39296,1,0,0,0,1
N39299,1,0,0,0,1
N39303,1,0,0,0,1
N39309,1,0,0,0,1
N39312,1,0,0,0,1
N39315,1,0,0,0,1
N39321,1,0,0,0,1
N39324,1,0,0,0,1
N39328,1,0,0,0,1
N3976,1,0,1,0,0
N3980,1,0,1,0,0
N43152,1,0,1,0,0
N43153,1,0,1,0,0
N43154,1,0,1,0,0
N43155,1,0,1,0,0
N43156,1,0,1,0,0
N43157,1,0,1,0,0
N43158,1,0,1,0,0
N43159,1,0,1,0,0
N43243,1,0,1,0,0
N43244,1,0,1,0,0
N43245,1,0,1,0,0
N43246,1,0,1,0,0
N43247,1,0,1,0,0
N43248,1,0,1,0,0
N43249,1,0,1,0,0
N43250,1,0,1,0,0
N4333,1,0,1,0,0
N4335,1,0,1,0,0
N4339,1,0,1,0,0
N4341,1,0,1,0,0
N4342,1,0,1,0,0
N4344,1,0,1,0,0
N4360,1,0,1,0,0
N4362,1,0,1,0,0
N4364,1,0,1,0,0
N4365,1,0,1,0,0
N4388,1,0,1,0,0
N4389,1,0,1,0,0
N4391,1,0,1,0,0
N4392,1,0,1,0,0
N4394,1,0,1,0,0
N4395,1,0,1,0,0
N4397,1,0,1,0,0
N4398,1,0,1,0,0
N4400,1,0,1,0,0
N4401,1,0,1,0,0
N4403,1,0,1,0,0
N4404,1,0,1,0,0
N4406,1,0,1,0,0
N4407,1,0,1,0,0
N4409,1,0,1,0,0
N4410,1,0,1,0,0
N4430,1,0,1,0,0
N44333,1,0,1,0,0
N44337,1,0,0,0,1
N44338,1,0,0,0,1
N44343,1,0,0,0,1
N44344,1,0,0,0,1
N44349,1,0,0,0,1
N44350,1,0,0,0,1
N44355,1,0,0,0,1
N47227,1,0,1,0,0
N47228,1,0,1,0,0
N47229,1,0,1,0,0
N47328,1,0,1,0,0
N47329,1,0,1,0,0
N47343,1,0,1,0,0
N47908,1,0,1,0,0
N47909,1,0,1,0,0
N47910,1,0,1,0,0
N47911,1,0,1,0,0
N47916,1,0,1,0,0
N47917,1,0,1,0,0
N4991,1,0,1,0,0
N4993,1,0,1,0,0
N51496,1,0,1,0,0
N51497,1,0,1,0,0
N51498,1,0,1,0,0
N51499,1,0,1,0,0
N51500,1,0,1,0,0
N51501,1,0,1,0,0
N51502,1,0,1,0,0
N51686,1,0,1,0,0
N51687,1,0,1,0,0
N51688,1,0,1,0,0
N51689,1,0,1,0,0
N51690,1,0,1,0,0
N51691,1,0,1,0,0
N51692,1,0,1,0,0
N51693,1,0,1,0,0
N51694,1,0,1,0,0
N51695,1,0,1,0,0
N51696,1,0,1,0,0
N5213,1,0,1,0,0
N5216,1,1,0,0,0
N5217,1,0,1,0,0
N5219,1,1,0,0,0
N5220,1,1,0,0,0
N5284,1,0,0,0,1
N5287,1,0,0,0,1
N5289,1,0,0,0,1
N5290,1,0,0,0,1
N5293,1,0,0,0,1
N53128,1,0,1,0,0
N53129,1,0,1,0,0
N5343,1,0,1,0,0
N5365,1,0,1,0,0
N5498,1,0,1,0,0
N5499,1,0,1,0,0
N5504,1,0,1,0,0
N5505,1,0,1,0,0
N5506,1,0,1,0,0
N5509,1,0,1,0,0
N5510,1,0,1,0,0
N5512,1,0,1,0,0
N5514,1,0,1,0,0
N5515,1,0,1,0,0
N5516,1,0,1,0,0
N5517,1,0,1,0,0
N5519,1,0,1,0,0
N5520,1,0,1,0,0
N5521,1,0,1,0,0
N5524,1,0,1,0,0
N5525,1,0,1,0,0
N5528,1,0,1,0,0
N5529,1,0,1,0,0
N5531,1,0,1,0,0
N5532,1,0,1,0,0
N55923,1,0,1,0,0
N55924,1,0,1,0,0
N55926,1,0,1,0,0
N55927,1,0,1,0,0
N55929,1,0,1,0,0
N55930,1,0,1,0,0
N55932,1,0,1,0,0
N55933,1,0,1,0,0
N55935,1,0,1,0,0
N55936,1,0,1,0,0
N55938,1,0,1,0,0
N55939,1,0,1,0,0
N55941,1,0,1,0,0
N55942,1,0,1,0,0
N55944,1,0,1,0,0
N55945,1,0,1,0,0
N55947,1,0,1,0,0
N55948,1,0,1,0,0
N55950,1,0,1,0,0
N55951,1,0,1,0,0
N55953,1,0,1,0,0
N55954,1,0,1,0,0
N55956,1,0,1,0,0
N55957,1,0,1,0,0
N55959,1,0,1,0,0
N55960,1,0,1,0,0
N55962,1,0,1,0,0
N55963,1,0,1,0,0
N55965,1,0,1,0,0
N55966,1,0,1,0,0
N55968,1,0,1,0,0
N55969,1,0,1,0,0
N55971,1,0,1,0,0
N55972,1,0,1,0,0
N55974,1,0,1,0,0
N55975,1,0,1,0,0
N55977,1,0,1,0,0
N55978,1,0,1,0,0
N55980,1,0,1,0,0
N55981,1,0,1,0,0
N55983,1,0,1,0,0
N55984,1,0,1,0,0
N55986,1,0,1,0,0
N55987,1,0,1,0,0
N55989,1,0,1,0,0
N55990,1,0,1,0,0
N55992,1,0,1,0,0
N55993,1,0,1,0,0
N55995,1,0,1,0,0
N55996,1,0,1,0,0
N55998,1,0,1,0,0
N55999,1,0,1,0,0
N56001,1,0,1,0,0
N56002,1,0,1,0,0
N56004,1,0,1,0,0
N56005,1,0,1,0,0
N56007,1,0,1,0,0
N56008,1,0,1,0,0
N56010,1,0,1,0,0
N56011,1,0,1,0,0
N56013,1,0,1,0,0
N56014,1,0,1,0,0
N56016,1,0,1,0,0
N56017,1,0,1,0,0
N56019,1,0,1,0,0
N56020,1,0,1,0,0
N56022,1,0,1,0,0
N56023,1,0,1,0,0
N56025,1,0,1,0,0
N56026,1,0,1,0,0
N56028,1,0,1,0,0
N56029,1,0,1,0,0
N56031,1,0,1,0,0
N56032,1,0,1,0,0
N56034,1,0,1,0,0
N56035,1,0,1,0,0
N56037,1,0,1,0,0
N56038,1,0,1,0,0
N56040,1,0,1,0,0
N56041,1,0,1,0,0
N56043,1,0,1,0,0
N56044,1,0,1,0,0
N56046,1,0,1,0,0
N56047,1,0,1,0,0
N56049,1,0,1,0,0
N56050,1,0,1,0,0
N56052,1,0,1,0,0
N56053,1,0,1,0,0
N56055,1,0,1,0,0
N56056,1,0,1,0,0
N56058,1,0,1,0,0
N56059,1,0,1,0,0
N56061,1,0,1,0,0
N56062,1,0,1,0,0
N56064,1,0,1,0,0
N56065,1,0,1,0,0
N56067,1,0,1,0,0
N56068,1,0,1,0,0
N56070,1,0,1,0,0
N56071,1,0,1,0,0
N56073,1,0,1,0,0
N56074,1,0,1,0,0
N56076,1,0,1,0,0
N56077,1,0,1,0,0
N56079,1,0,1,0,0
N56080,1,0,1,0,0
N56082,1,0,1,0,0
N56083,1,0,1,0,0
N56085,1,0,1,0,0
N56086,1,0,1,0,0
N56088,1,0,1,0,0
N56089,1,0,1,0,0
N56091,1,0,1,0,0
N56092,1,0,1,0,0
N56094,1,0,1,0,0
N56095,1,0,1,0,0
N56097,1,0,1,0,0
N56098,1,0,1,0,0
N56100,1,0,1,0,0
N56101,1,0,1,0,0
N56103,1,0,1,0,0
N56104,1,0,1,0,0
N56106,1,0,1,0,0
N56107,1,0,1,0,0
N56109,1,0,1,0,0
N56110,1,0,1,0,0
N56112,1,0,1,0,0
N56113,1,0,1,0,0
N56115,1,0,1,0,0
N56116,1,0,1,0,0
N56118,1,0,1,0,0
N56119,1,0,1,0,0
N56121,1,0,1,0,0
N56122,1,0,1,0,0
N56124,1,0,1,0,0
N56125,1,0,1,0,0
N56127,1,0,1,0,0
N56128,1,0,1,0,0
N56130,1,0,1,0,0
N56131,1,0,1,0,0
N56133,1,0,1,0,0
N56134,1,0,1,0,0
N56136,1,0,1,0,0
N56137,1,0,1,0,0
N56139,1,0,1,0,0
N56140,1,0,1,0,0
N56142,1,0,1,0,0
N56143,1,0,1,0,0
N56145,1,0,1,0,0
N56146,1,0,1,0,0
N56148,1,0,1,0,0
N56149,1,0,1,0,0
N56151,1,0,1,0,0
N56152,1,0,1,0,0
N56154,1,0,1,0,0
N56155,1,0,1,0,0
N56157,1,0,1,0,0
N56158,1,0,1,0,0
N56160,1,0,1,0,0
N56161,1,0,1,0,0
N56163,1,0,1,0,0
N56164,1,0,1,0,0
N56166,1,0,1,0,0
N56167,1,0,1,0,0
N56169,1,0,1,0,0
N56170,1,0,1,0,0
N56172,1,0,1,0,0
N56173,1,0,1,0,0
N56175,1,0,1,0,0
N56176,1,0,1,0,0
N56178,1,0,1,0,0
N56179,1,0,1,0,0
N56181,1,0,1,0,0
N56182,1,0,1,0,0
N56184,1,0,1,0,0
N56185,1,0,1,0,0
N56187,1,0,1,0,0
N56188,1,0,1,0,0
N56190,1,0,1,0,0
N56191,1,0,1,0,0
N56193,1,0,1,0,0
N56194,1,0,1,0,0
N56196,1,0,1,0,0
N56197,1,0,1,0,0
N56199,1,0,1,0,0
N56200,1,0,1,0,0
N56202,1,0,1,0,0
N56203,1,0,1,0,0
N56205,1,0,1,0,0
N56206,1,0,1,0,0
N56208,1,0,1,0,0
N56209,1,0,1,0,0
N56211,1,0,1,0,0
N56212,1,0,1,0,0
N56214,1,0,1,0,0
N56215,1,0,1,0,0
N56217,1,0,1,0,0
N56218,1,0,1,0,0
N56220,1,0,1,0,0
N56221,1,0,1,0,0
N56223,1,0,1,0,0
N56224,1,0,1,0,0
N56226,1,0,1,0,0
N56227,1,0,1,0,0
N56229,1,0,1,0,0
N56230,1,0,1,0,0
N56232,1,0,1,0,0
N56233,1,0,1,0,0
N56235,1,0,1,0,0
N56236,1,0,1,0,0
N56238,1,0,1,0,0
N56239,1,0,1,0,0
N56241,1,0,1,0,0
N56242,1,0,1,0,0
N56244,1,0,1,0,0
N56245,1,0,1,0,0
N56247,1,0,1,0,0
N56248,1,0,1,0,0
N56250,1,0,1,0,0
N56251,1,0,1,0,0
N56253,1,0,1,0,0
N56254,1,0,1,0,0
N56256,1,0,1,0,0
N56257,1,0,1,0,0
N56259,1,0,1,0,0
N56260,1,0,1,0,0
N56262,1,0,1,0,0
N56263,1,0,1,0,0
N56265,1,0,1,0,0
N56266,1,0,1,0,0
N56268,1,0,1,0,0
N56269,1,0,1,0,0
N56271,1,0,1,0,0
N56272,1,0,1,0,0
N56274,1,0,1,0,0
N56275,1,0,1,0,0
N56277,1,0,1,0,0
N56278,1,0,1,0,0
N56280,1,0,1,0,0
N56281,1,0,1,0,0
N56283,1,0,1,0,0
N56284,1,0,1,0,0
N56286,1,0,1,0,0
N56287,1,0,1,0,0
N56289,1,0,1,0,0
N56290,1,0,1,0,0
N56292,1,0,1,0,0
N56293,1,0,1,0,0
N56295,1,0,1,0,0
N56296,1,0,1,0,0
N56298,1,0,1,0,0
N56299,1,0,1,0,0
N56301,1,0,1,0,0
N56302,1,0,1,0,0
N56304,1,0,1,0,0
N56305,1,0,1,0,0
N56307,1,0,1,0,0
N56308,1,0,1,0,0
N56310,1,0,1,0,0
N56311,1,0,1,0,0
N56313,1,0,1,0,0
N56314,1,0,1,0,0
N56316,1,0,1,0,0
N56317,1,0,1,0,0
N56319,1,0,1,0,0
N56320,1,0,1,0,0
N56322,1,0,1,0,0
N56323,1,0,1,0,0
N56325,1,0,1,0,0
N56326,1,0,1,0,0
N56328,1,0,1,0,0
N56329,1,0,1,0,0
N56332,1,0,1,0,0
N56335,1,0,1,0,0
N56338,1,0,1,0,0
N56344,1,0,1,0,0
N56349,1,0,1,0,0
N56353,1,0,1,0,0
N56355,1,0,1,0,0
N56356,1,0,1,0,0
N56358,1,0,1,0,0
N56359,1,0,1,0,0
N56361,1,0,1,0,0
N56362,1,0,1,0,0
N56364,1,0,1,0,0
N56365,1,0,1,0,0
N56367,1,0,1,0,0
N56368,1,0,1,0,0
N56370,1,0,1,0,0
N56371,1,0,1,0,0
N56373,1,0,1,0,0
N56374,1,0,1,0,0
N56376,1,0,1,0,0
N56377,1,0,1,0,0
N56379,1,0,1,0,0
N56380,1,0,1,0,0
N56382,1,0,1,0,0
N56383,1,0,1,0,0
N56385,1,0,1,0,0
N56386,1,0,1,0,0
N56389,1,0,1,0,0
N56391,1,0,1,0,0
N56392,1,0,1,0,0
N56394,1,0,1,0,0
N56395,1,0,1,0,0
N56398,1,0,1,0,0
N56400,1,0,1,0,0
N56401,1,0,1,0,0
N56403,1,0,1,0,0
N56407,1,0,1,0,0
N56409,1,0,1,0,0
N56410,1,0,1,0,0
N56412,1,0,1,0,0
N56413,1,0,1,0,0
N56416,1,0,1,0,0
N56418,1,0,1,0,0
N56419,1,0,1,0,0
N56421,1,0,1,0,0
N56422,1,0,1,0,0
N56424,1,0,1,0,0
N56425,1,0,1,0,0
N56427,1,0,1,0,0
N56428,1,0,1,0,0
N56430,1,0,1,0,0
N56431,1,0,1,0,0
N56433,1,0,1,0,0
N56434,1,0,1,0,0
N56436,1,0,1,0,0
N56437,1,0,1,0,0
N56439,1,0,1,0,0
N56440,1,0,1,0,0
N56442,1,0,1,0,0
N56443,1,0,1,0,0
N56445,1,0,1,0,0
N56446,1,0,1,0,0
N56448,1,0,1,0,0
N56449,1,0,1,0,0
N56451,1,0,1,0,0
N56452,1,0,1,0,0
N56454,1,0,1,0,0
N56455,1,0,1,0,0
N56457,1,0,1,0,0
N56458,1,0,1,0,0
N56460,1,0,1,0,0
N56461,1,0,1,0,0
N56463,1,0,1,0,0
N56464,1,0,1,0,0
N56466,1,0,1,0,0
N56467,1,0,1,0,0
N56469,1,0,1,0,0
N56470,1,0,1,0,0
N56472,1,0,1,0,0
N56473,1,0,1,0,0
N56475,1,0,1,0,0
N56476,1,0,1,0,0
N56478,1,0,1,0,0
N56479,1,0,1,0,0
N56481,1,0,1,0,0
N56482,1,0,1,0,0
N56484,1,0,1,0,0
N56485,1,0,1,0,0
N56487,1,0,1,0,0
N56488,1,0,1,0,0
N56490,1,0,1,0,0
N56491,1,0,1,0,0
N56494,1,0,1,0,0
N56497,1,0,1,0,0
N56500,1,0,1,0,0
N56502,1,0,1,0,0
N56503,1,0,1,0,0
N56505,1,0,1,0,0
N56506,1,0,1,0,0
N56508,1,0,1,0,0
N56509,1,0,1,0,0
N56511,1,0,1,0,0
N56512,1,0,1,0,0
N56514,1,0,1,0,0
N56515,1,0,1,0,0
N56517,1,0,1,0,0
N56518,1,0,1,0,0
N56520,1,0,1,0,0
N56521,1,0,1,0,0
N56523,1,0,1,0,0
N56524,1,0,1,0,0
N56526,1,0,1,0,0
N56527,1,0,1,0,0
N56529,1,0,1,0,0
N56530,1,0,1,0,0
N56532,1,0,1,0,0
N56533,1,0,1,0,0
N56535,1,0,1,0,0
N56536,1,0,1,0,0
N56538,1,0,1,0,0
N56539,1,0,1,0,0
N56541,1,0,1,0,0
N56542,1,0,1,0,0
N56545,1,0,1,0,0
N56548,1,0,1,0,0
N56550,1,0,1,0,0
N56551,1,0,1,0,0
N56553,1,0,1,0,0
N56554,1,0,1,0,0
N56556,1,0,1,0,0
N56557,1,0,1,0,0
N56559,1,0,1,0,0
N56560,1,0,1,0,0
N56562,1,0,1,0,0
N56563,1,0,1,0,0
N56565,1,0,1,0,0
N56566,1,0,1,0,0
N56568,1,0,1,0,0
N56569,1,0,1,0,0
N56571,1,0,1,0,0
N56572,1,0,1,0,0
N56574,1,0,1,0,0
N56575,1,0,1,0,0
N56578,1,0,1,0,0
N56581,1,0,1,0,0
N56584,1,0,1,0,0
N56586,1,0,1,0,0
N56587,1,0,1,0,0
N56590,1,0,1,0,0
N56593,1,0,1,0,0
N56596,1,0,1,0,0
N56598,1,0,1,0,0
N56599,1,0,1,0,0
N56601,1,0,1,0,0
N56602,1,0,1,0,0
N56604,1,0,1,0,0
N56605,1,0,1,0,0
N56608,1,0,1,0,0
N56631,1,0,1,0,0
N56632,1,0,1,0,0
N56634,1,0,1,0,0
N56635,1,0,1,0,0
N56637,1,0,1,0,0
N56638,1,0,1,0,0
N56640,1,0,1,0,0
N56641,1,0,1,0,0
N56643,1,0,1,0,0
N56644,1,0,1,0,0
N56646,1,0,1,0,0
N56647,1,0,1,0,0
N56649,1,0,1,0,0
N56650,1,0,1,0,0
N56652,1,0,1,0,0
N56653,1,0,1,0,0
N56655,1,0,1,0,0
N56656,1,0,1,0,0
N56658,1,0,1,0,0
N56659,1,0,1,0,0
N56661,1,0,1,0,0
N56662,1,0,1,0,0
N56664,1,0,1,0,0
N56665,1,0,1,0,0
N56667,1,0,1,0,0
N56668,1,0,1,0,0
N56670,1,0,1,0,0
N56671,1,0,1,0,0
N56673,1,0,1,0,0
N56674,1,0,1,0,0
N56676,1,0,1,0,0
N56677,1,0,1,0,0
N56679,1,0,1,0,0
N56680,1,0,1,0,0
N56682,1,0,1,0,0
N56683,1,0,1,0,0
N56685,1,0,1,0,0
N56686,1,0,1,0,0
N56688,1,0,1,0,0
N56689,1,0,1,0,0
N56691,1,0,1,0,0
N56692,1,0,1,0,0
N56694,1,0,1,0,0
N56695,1,0,1,0,0
N56697,1,0,1,0,0
N56698,1,0,1,0,0
N56700,1,0,1,0,0
N56701,1,0,1,0,0
N56703,1,0,1,0,0
N56704,1,0,1,0,0
N56706,1,0,1,0,0
N56707,1,0,1,0,0
N56709,1,0,1,0,0
N56710,1,0,1,0,0
N56712,1,0,1,0,0
N56713,1,0,1,0,0
N56715,1,0,1,0,0
N56716,1,0,1,0,0
N56718,1,0,1,0,0
N56719,1,0,1,0,0
N56721,1,0,1,0,0
N56722,1,0,1,0,0
N56724,1,0,1,0,0
N56725,1,0,1,0,0
N56727,1,0,1,0,0
N56728,1,0,1,0,0
N56730,1,0,1,0,0
N56731,1,0,1,0,0
N56733,1,0,1,0,0
N56734,1,0,1,0,0
N56736,1,0,1,0,0
N56737,1,0,1,0,0
N56739,1,0,1,0,0
N56740,1,0,1,0,0
N56742,1,0,1,0,0
N56743,1,0,1,0,0
N56745,1,0,1,0,0
N56746,1,0,1,0,0
N56748,1,0,1,0,0
N56749,1,0,1,0,0
N56751,1,0,1,0,0
N56752,1,0,1,0,0
N56754,1,0,1,0,0
N56755,1,0,1,0,0
N56757,1,0,1,0,0
N56758,1,0,1,0,0
N56760,1,0,1,0,0
N56761,1,0,1,0,0
N56763,1,0,1,0,0
N56764,1,0,1,0,0
N56766,1,0,1,0,0
N56767,1,0,1,0,0
N56769,1,0,1,0,0
N56770,1,0,1,0,0
N56772,1,0,1,0,0
N56773,1,0,1,0,0
N56775,1,0,1,0,0
N56776,1,0,1,0,0
N56778,1,0,1,0,0
N56779,1,0,1,0,0
N56781,1,0,1,0,0
N56782,1,0,1,0,0
N56784,1,0,1,0,0
N56785,1,0,1,0,0
N56787,1,0,1,0,0
N56788,1,0,1,0,0
N56790,1,0,1,0,0
N56791,1,0,1,0,0
N56793,1,0,1,0,0
N56794,1,0,1,0,0
N56796,1,0,1,0,0
N56797,1,0,1,0,0
N56799,1,0,1,0,0
N56800,1,0,1,0,0
N56802,1,0,1,0,0
N56803,1,0,1,0,0
N56805,1,0,1,0,0
N56806,1,0,1,0,0
N56808,1,0,1,0,0
N56809,1,0,1,0,0
N56811,1,0,1,0,0
N56812,1,0,1,0,0
N56814,1,0,1,0,0
N56815,1,0,1,0,0
N56817,1,0,1,0,0
N56818,1,0,1,0,0
N56820,1,0,1,0,0
N56821,1,0,1,0,0
N56823,1,0,1,0,0
N56824,1,0,1,0,0
N56826,1,0,1,0,0
N56827,1,0,1,0,0
N56829,1,0,1,0,0
N56830,1,0,1,0,0
N56832,1,0,1,0,0
N56833,1,0,1,0,0
N56835,1,0,1,0,0
N56836,1,0,1,0,0
N56838,1,0,1,0,0
N56839,1,0,1,0,0
N56841,1,0,1,0,0
N56842,1,0,1,0,0
N56844,1,0,1,0,0
N56845,1,0,1,0,0
N56847,1,0,1,0,0
N56848,1,0,1,0,0
N56850,1,0,1,0,0
N56851,1,0,1,0,0
N56853,1,0,1,0,0
N56854,1,0,1,0,0
N56856,1,0,1,0,0
N56857,1,0,1,0,0
N56859,1,0,1,0,0
N56860,1,0,1,0,0
N56862,1,0,1,0,0
N56863,1,0,1,0,0
N56865,1,0,1,0,0
N56866,1,0,1,0,0
N56868,1,0,1,0,0
N56869,1,0,1,0,0
N56871,1,0,1,0,0
N56872,1,0,1,0,0
N56874,1,0,1,0,0
N56875,1,0,1,0,0
N56877,1,0,1,0,0
N56878,1,0,1,0,0
N56880,1,0,1,0,0
N56881,1,0,1,0,0
N56883,1,0,1,0,0
N56884,1,0,1,0,0
N56886,1,0,1,0,0
N56887,1,0,1,0,0
N56890,1,0,1,0,0
N56893,1,0,1,0,0
N56896,1,0,1,0,0
N56898,1,0,1,0,0
N56902,1,0,1,0,0
N56905,1,0,1,0,0
N56907,1,0,1,0,0
N56908,1,0,1,0,0
N56910,1,0,1,0,0
N56911,1,0,1,0,0
N56913,1,0,1,0,0
N56916,1,0,1,0,0
N56917,1,0,1,0,0
N56919,1,0,1,0,0
N56920,1,0,1,0,0
N56922,1,0,1,0,0
N56923,1,0,1,0,0
N56925,1,0,1,0,0
N56926,1,0,1,0,0
N56928,1,0,1,0,0
N56929,1,0,1,0,0
N56943,1,0,1,0,0
N56944,1,0,1,0,0
N56946,1,0,1,0,0
N56947,1,0,1,0,0
N56949,1,0,1,0,0
N56950,1,0,1,0,0
N56964,1,0,1,0,0
N56965,1,0,1,0,0
N56967,1,0,1,0,0
N56968,1,0,1,0,0
N56970,1,0,1,0,0
N56971,1,0,1,0,0
N56973,1,0,1,0,0
N56974,1,0,1,0,0
N56976,1,0,1,0,0
N56977,1,0,1,0,0
N56979,1,0,1,0,0
N56980,1,0,1,0,0
N56982,1,0,1,0,0
N56983,1,0,1,0,0
N56985,1,0,1,0,0
N56986,1,0,1,0,0
N56988,1,0,1,0,0
N56989,1,0,1,0,0
N56992,1,0,1,0,0
N56995,1,0,1,0,0
N56998,1,0,1,0,0
N57001,1,0,1,0,0
N57003,1,0,1,0,0
N57004,1,0,1,0,0
N57006,1,0,1,0,0
N57007,1,0,1,0,0
N57009,1,0,1,0,0
N57010,1,0,1,0,0
N57012,1,0,1,0,0
N57013,1,0,1,0,0
N57015,1,0,1,0,0
N57016,1,0,1,0,0
N5716,1,0,1,0,0
N5735,1,0,1,0,0
N5773,1,0,1,0,0
N57867,1,0,1,0,0
N57897,1,0,1,0,0
N57918,1,0,1,0,0
N57920,1,0,1,0,0
N57922,1,0,1,0,0
N57924,1,0,1,0,0
N57926,1,0,1,0,0
N57930,1,0,1,0,0
N57932,1,0,1,0,0
N57940,1,0,1,0,0
N57944,1,0,1,0,0
N57946,1,0,1,0,0
N57950,1,0,1,0,0
N57954,1,0,1,0,0
N57956,1,0,1,0,0
N57960,1,0,1,0,0
N57962,1,0,1,0,0
N57970,1,0,1,0,0
N57974,1,0,1,0,0
N57976,1,0,1,0,0
N57982,1,0,1,0,0
N5849,1,0,1,0,0
N5868,1,0,1,0,0
N58681,1,0,1,0,0
N58696,1,0,1,0,0
N58724,1,0,1,0,0
N58729,1,0,1,0,0
N58752,1,0,1,0,0
N58786,1,0,1,0,0
N59106,1,0,1,0,0
N59127,1,0,1,0,0
N59129,1,0,1,0,0
N59131,1,0,1,0,0
N59133,1,0,1,0,0
N59137,1,0,1,0,0
N59139,1,0,1,0,0
N59143,1,0,1,0,0
N59145,1,0,1,0,0
N59149,1,0,1,0,0
N59151,1,0,1,0,0
N59153,1,0,1,0,0
N59159,1,0,1,0,0
N59161,1,0,1,0,0
N59165,1,0,1,0,0
N59169,1,0,1,0,0
N59171,1,0,1,0,0
N59173,1,0,1,0,0
N59175,1,0,1,0,0
N59179,1,0,1,0,0
N59181,1,0,1,0,0
N59183,1,0,1,0,0
N59189,1,0,1,0,0
N59902,1,0,1,0,0
N59913,1,0,1,0,0
N59928,1,0,1,0,0
N59937,1,0,1,0,0
N59957,1,0,1,0,0
N59962,1,0,1,0,0
N59972,1,0,1,0,0
N59976,1,0,1,0,0
N59985,1,0,1,0,0
N60001,1,0,1,0,0
N60006,1,0,1,0,0
N60022,1,0,1,0,0
N60031,1,0,1,0,0
N60032,1,0,1,0,0
N60041,1,0,1,0,0
N60210,1,0,1,0,0
N60240,1,0,1,0,0
N60260,1,0,1,0,0
N60262,1,0,1,0,0
N60264,1,0,1,0,0
N60266,1,0,1,0,0
N60268,1,0,1,0,0
N60270,1,0,1,0,0
N60272,1,0,1,0,0
N60274,1,0,1,0,0
N60276,1,0,1,0,0
N60278,1,0,1,0,0
N60280,1,0,1,0,0
N60282,1,0,1,0,0
N60284,1,0,1,0,0
N60286,1,0,1,0,0
N60288,1,0,1,0,0
N60290,1,0,1,0,0
N60292,1,0,1,0,0
N60294,1,0,1,0,0
N60296,1,0,1,0,0
N60298,1,0,1,0,0
N60300,1,0,1,0,0
N60302,1,0,1,0,0
N60304,1,0,1,0,0
N60306,1,0,1,0,0
N60308,1,0,1,0,0
N60310,1,0,1,0,0
N60312,1,0,1,0,0
N60314,1,0,1,0,0
N60316,1,0,1,0,0
N60318,1,0,1,0,0
N60320,1,0,1,0,0
N60322,1,0,1,0,0
N60324,1,0,1,0,0
N6073,1,0,1,0,0
N61858,1,0,1,0,0
N62133,1,0,1,0,0
N62154,1,0,1,0,0
N62204,1,0,1,0,0
N62282,1,0,1,0,0
N62292,1,0,1,0,0
N62295,1,0,1,0,0
N62342,1,0,1,0,0
N62387,1,0,1,0,0
N62389,1,0,1,0,0
N62613,1,0,1,0,0
N6272,1,0,1,0,0
N62758,1,0,1,0,0
N6279,1,0,1,0,0
N62813,1,0,1,0,0
N62864,1,0,1,0,0
N62911,1,0,1,0,0
N62958,1,0,1,0,0
N63009,1,0,1,0,0
N63060,1,0,1,0,0
N63217,1,0,1,0,0
N63480,1,0,1,0,0
N63753,1,0,1,0,0
N63797,1,0,1,0,0
N63799,1,0,1,0,0
N63801,1,0,1,0,0
N63803,1,0,1,0,0
N63805,1,0,1,0,0
N63807,1,0,1,0,0
N63809,1,0,1,0,0
N63811,1,0,1,0,0
N63818,1,0,1,0,0
N64026,1,0,1,0,0
N64027,1,0,1,0,0
N64206,1,0,1,0,0
N64585,1,0,1,0,0
N64647,1,0,1,0,0
N64773,1,0,1,0,0
N64832,1,0,1,0,0
N64900,1,0,1,0,0
N65195,1,0,1,0,0
N65432,1,0,1,0,0
N65500,1,0,1,0,0
N65561,1,0,1,0,0
N65648,1,0,1,0,0
N65806,1,0,1,0,0
N66103,1,0,1,0,0
N66149,1,0,1,0,0
N66459,1,0,1,0,0
N66505,1,0,1,0,0
N67008,1,0,1,0,0
N67042,1,0,1,0,0
N67145,1,0,1,0,0
N67152,1,0,1,0,0
N67286,1,0,1,0,0
N67392,1,0,1,0,0
N67519,1,0,1,0,0
N67521,1,0,1,0,0
N67547,1,0,1,0,0
N67674,1,0,1,0,0
N68054,1,0,1,0,0
N68129,1,0,1,0,0
N68132,1,0,1,0,0
N68145,1,0,1,0,0
N68235,1,0,1,0,0
N68297,1,0,1,0,0
N68350,1,0,1,0,0
N68407,1,0,1,0,0
N68501,1,0,1,0,0
N68542,1,0,1,0,0
N68582,1,0,1,0,0
N68583,1,0,1,0,0
N68587,1,0,1,0,0
N68636,1,0,1,0,0
N68637,1,0,1,0,0
N68640,1,0,1,0,0
N68689,1,0,1,0,0
N68729,1,0,1,0,0
N6873,1,0,1,0,0
N68730,1,0,1,0,0
N6874,1,0,1,0,0
N68779,1,0,1,0,0
N6879,1,0,1,0,0
N6880,1,0,1,0,0
N68828,1,0,1,0,0
N6885,1,0,1,0,0
N6887,1,0,1,0,0
N68975,1,0,1,0,0
N69028,1,0,1,0,0
N69094,1,0,1,0,0
N69095,1,0,1,0,0
N69185,1,0,1,0,0
N69234,1,0,1,0,0
N6924,1,0,1,0,0
N69283,1,0,1,0,0
N69373,1,0,1,0,0
N69489,1,0,1,0,0
N69510,1,0,1,0,0
N69538,1,0,1,0,0
N69542,1,0,1,0,0
N69547,1,0,1,0,0
N69549,1,0,1,0,0
N69551,1,0,1,0,0
N6956,1,0,1,0,0
N6957,1,0,1,0,0
N69573,1,0,1,0,0
N69577,1,0,1,0,0
N69587,1,0,1,0,0
N69589,1,0,1,0,0
N69591,1,0,1,0,0
N69593,1,0,1,0,0
N69595,1,0,1,0,0
N69597,1,0,1,0,0
N69599,1,0,1,0,0
N69603,1,0,1,0,0
N69605,1,0,1,0,0
N69607,1,0,1,0,0
N69609,1,0,1,0,0
N69611,1,0,1,0,0
N69613,1,0,1,0,0
N69615,1,0,1,0,0
N69622,1,0,1,0,0
N69773,1,0,1,0,0
N69774,1,0,1,0,0
N6987,1,0,1,0,0
N69891,1,0,1,0,0
N69899,1,0,1,0,0
N69903,1,0,1,0,0
N69907,1,0,1,0,0
N69915,1,0,1,0,0
N69923,1,0,1,0,0
N69933,1,0,1,0,0
N70106,1,0,1,0,0
N70304,1,0,1,0,0
N70495,1,0,1,0,0
N70555,1,0,1,0,0
N7064,1,0,1,0,0
N70679,1,0,1,0,0
N70802,1,0,1,0,0
N70861,1,0,1,0,0
N70924,1,0,1,0,0
N70987,1,0,1,0,0
N7119,1,0,1,0,0
N7123,1,0,1,0,0
N71234,1,0,1,0,0
N71296,1,0,1,0,0
N71331,1,0,1,0,0
N7138,1,0,1,0,0
N71385,1,0,1,0,0
N71508,1,0,1,0,0
N7159,1,0,1,0,0
N71617,1,0,1,0,0
N71858,1,0,1,0,0
N71950,1,0,1,0,0
N72038,1,0,1,0,0
N72076,1,0,1,0,0
N72126,1,0,1,0,0
N72215,1,0,1,0,0
N72254,1,0,1,0,0
N7255,1,0,1,0,0
N72667,1,0,1,0,0
N72669,1,0,1,0,0
N72682,1,0,1,0,0
N72684,1,0,1,0,0
N72695,1,0,1,0,0
N72714,1,0,1,0,0
N72715,1,0,1,0,0
N72718,1,0,1,0,0
N72731,1,0,1,0,0
N72823,1,0,1,0,0
N72830,1,0,1,0,0
N72837,1,0,1,0,0
N72878,1,0,1,0,0
N72956,1,0,1,0,0
N73604,1,0,1,0,0
N73607,1,0,1,0,0
N73657,1,0,1,0,0
N73660,1,0,1,0,0
N73708,1,0,1,0,0
N73739,1,0,1,0,0
N73742,1,0,1,0,0
N73752,1,0,1,0,0
N73755,1,0,1,0,0
N73802,1,0,1,0,0
N73805,1,0,1,0,0
N73806,1,0,1,0,0
N73851,1,0,1,0,0
N73854,1,0,1,0,0
N73863,1,0,1,0,0
N73864,1,0,1,0,0
N73865,1,0,1,0,0
N73867,1,0,1,0,0
N73868,1,0,1,0,0
N73869,1,0,1,0,0
N73918,1,0,1,0,0
N73919,1,0,1,0,0
N73921,1,0,1,0,0
N73974,1,0,1,0,0
N73976,1,0,1,0,0
N73978,1,0,1,0,0
N73979,1,0,1,0,0
N73980,1,0,1,0,0
N74039,1,0,1,0,0
N74040,1,0,1,0,0
N74041,1,0,1,0,0
N74079,1,0,1,0,0
N74080,1,0,1,0,0
N74081,1,0,1,0,0
N74083,1,0,1,0,0
N74084,1,0,1,0,0
N74085,1,0,1,0,0
N74137,1,0,1,0,0
N74140,1,0,1,0,0
N74141,1,0,1,0,0
N74181,1,0,1,0,0
N74182,1,0,1,0,0
N74184,1,0,1,0,0
N74185,1,0,1,0,0
N74229,1,0,1,0,0
N74230,1,0,1,0,0
N74231,1,0,1,0,0
N74233,1,0,1,0,0
N74234,1,0,1,0,0
N74235,1,0,1,0,0
N74286,1,0,1,0,0
N74287,1,0,1,0,0
N74288,1,0,1,0,0
N74290,1,0,1,0,0
N74291,1,0,1,0,0
N74292,1,0,1,0,0
N74338,1,0,1,0,0
N74339,1,0,1,0,0
N74340,1,0,1,0,0
N74342,1,0,1,0,0
N74387,1,0,1,0,0
N74388,1,0,1,0,0
N74389,1,0,1,0,0
N74391,1,0,1,0,0
N74392,1,0,1,0,0
N74393,1,0,1,0,0
N74436,1,0,1,0,0
N74437,1,0,1,0,0
N74438,1,0,1,0,0
N74440,1,0,1,0,0
N74441,1,0,1,0,0
N74442,1,0,1,0,0
N74489,1,0,1,0,0
N74492,1,0,1,0,0
N74493,1,0,1,0,0
N74494,1,0,1,0,0
N74540,1,0,1,0,0
N74541,1,0,1,0,0
N74542,1,0,1,0,0
N74544,1,0,1,0,0
N74545,1,0,1,0,0
N74546,1,0,1,0,0
N74592,1,0,1,0,0
N74593,1,0,1,0,0
N74594,1,0,1,0,0
N74596,1,0,1,0,0
N74597,1,0,1,0,0
N74598,1,0,1,0,0
N74650,1,0,1,0,0
N74651,1,0,1,0,0
N74653,1,0,1,0,0
N74703,1,0,1,0,0
N74704,1,0,1,0,0
N74706,1,0,1,0,0
N74743,1,0,1,0,0
N74744,1,0,1,0,0
N74745,1,0,1,0,0
N74747,1,0,1,0,0
N74748,1,0,1,0,0
N74749,1,0,1,0,0
N74780,1,0,1,0,0
N74781,1,0,1,0,0
N74782,1,0,1,0,0
N74784,1,0,1,0,0
N74785,1,0,1,0,0
N74786,1,0,1,0,0
N7481,1,0,1,0,0
N7482,1,0,1,0,0
N74825,1,0,1,0,0
N74826,1,0,1,0,0
N74827,1,0,1,0,0
N74829,1,0,1,0,0
N7483,1,0,1,0,0
N74830,1,0,1,0,0
N74831,1,0,1,0,0
N7487,1,0,1,0,0
N74874,1,0,1,0,0
N74875,1,0,1,0,0
N74876,1,0,1,0,0
N74878,1,0,1,0,0
N74879,1,0,1,0,0
N7488,1,0,1,0,0
N74880,1,0,1,0,0
N7489,1,0,1,0,0
N7490,1,0,1,0,0
N7491,1,0,1,0,0
N7492,1,0,1,0,0
N74927,1,0,1,0,0
N74928,1,0,1,0,0
N74929,1,0,1,0,0
N74931,1,0,1,0,0
N7496,1,0,1,0,0
N7497,1,0,1,0,0
N74979,1,0,1,0,0
N7498,1,0,1,0,0
N74980,1,0,1,0,0
N74981,1,0,1,0,0
N74983,1,0,1,0,0
N7502,1,0,1,0,0
N75028,1,0,1,0,0
N75029,1,0,1,0,0
N7503,1,0,1,0,0
N75030,1,0,1,0,0
N75032,1,0,1,0,0
N75033,1,0,1,0,0
N75034,1,0,1,0,0
N7504,1,0,1,0,0
N7508,1,0,1,0,0
N75082,1,0,1,0,0
N75083,1,0,1,0,0
N75084,1,0,1,0,0
N75086,1,0,1,0,0
N75087,1,0,1,0,0
N75088,1,0,1,0,0
N7509,1,0,1,0,0
N7510,1,0,1,0,0
N75145,1,0,1,0,0
N75147,1,0,1,0,0
N75149,1,0,1,0,0
N75151,1,0,1,0,0
N75153,1,0,1,0,0
N75155,1,0,1,0,0
N75156,1,0,1,0,0
N75158,1,0,1,0,0
N75160,1,0,1,0,0
N75162,1,0,1,0,0
N75164,1,0,1,0,0
N75166,1,0,1,0,0
N75168,1,0,1,0,0
N75170,1,0,1,0,0
N75172,1,0,1,0,0
N75174,1,0,1,0,0
N75176,1,0,1,0,0
N75178,1,0,1,0,0
N75180,1,0,1,0,0
N75182,1,0,1,0,0
N75184,1,0,1,0,0
N75187,1,0,1,0,0
N75211,1,0,1,0,0
N75213,1,0,1,0,0
N75215,1,0,1,0,0
N75217,1,0,1,0,0
N75219,1,0,1,0,0
N75221,1,0,1,0,0
N75223,1,0,1,0,0
N75229,1,0,1,0,0
N75231,1,0,1,0,0
N75233,1,0,1,0,0
N75235,1,0,1,0,0
N75237,1,0,1,0,0
N75238,1,0,1,0,0
N7524,1,0,1,0,0
N75240,1,0,1,0,0
N75242,1,0,1,0,0
N75244,1,0,1,0,0
N75246,1,0,1,0,0
N75248,1,0,1,0,0
N75249,1,0,1,0,0
N7525,1,0,1,0,0
N75251,1,0,1,0,0
N75254,1,0,1,0,0
N7529,1,0,1,0,0
N7530,1,0,1,0,0
N7531,1,0,1,0,0
N7532,1,0,1,0,0
N7533,1,0,1,0,0
N7534,1,0,1,0,0
N75379,1,0,1,0,0
N75380,1,0,1,0,0
N7539,1,0,1,0,0
N7540,1,0,1,0,0
N7542,1,0,1,0,0
N7543,1,0,1,0,0
N7547,1,0,1,0,0
N7548,1,0,1,0,0
N75482,1,0,1,0,0
N75486,1,0,1,0,0
N7549,1,0,1,0,0
N75490,1,0,1,0,0
N75494,1,0,1,0,0
N75498,1,0,1,0,0
N75502,1,0,1,0,0
N75506,1,0,1,0,0
N75510,1,0,1,0,0
N75514,1,0,1,0,0
N75520,1,0,1,0,0
N75524,1,0,1,0,0
N75526,1,0,1,0,0
N7553,1,0,1,0,0
N7554,1,0,1,0,0
N7555,1,0,1,0,0
N7556,1,0,1,0,0
N7557,1,0,1,0,0
N7558,1,0,1,0,0
N7559,1,0,1,0,0
N7560,1,0,1,0,0
N7561,1,0,1,0,0
N7565,1,0,1,0,0
N75659,1,0,1,0,0
N7566,1,0,1,0,0
N75660,1,0,1,0,0
N75661,1,0,1,0,0
N75662,1,0,1,0,0
N75663,1,0,1,0,0
N75664,1,0,1,0,0
N75665,1,0,1,0,0
N75666,1,0,1,0,0
N75667,1,0,1,0,0
N7567,1,0,1,0,0
N75670,1,0,1,0,0
N75671,1,0,1,0,0
N75672,1,0,1,0,0
N7568,1,0,1,0,0
N75681,1,0,1,0,0
N75682,1,0,1,0,0
N75683,1,0,1,0,0
N75684,1,0,1,0,0
N75685,1,0,1,0,0
N75686,1,0,1,0,0
N75687,1,0,1,0,0
N75688,1,0,1,0,0
N75689,1,0,1,0,0
N7569,1,0,1,0,0
N75690,1,0,1,0,0
N75691,1,0,1,0,0
N75692,1,0,1,0,0
N75693,1,0,1,0,0
N75694,1,0,1,0,0
N7570,1,0,1,0,0
N7571,1,0,1,0,0
N7572,1,0,1,0,0
N7573,1,0,1,0,0
N7574,1,0,1,0,0
N75769,1,0,1,0,0
N75774,1,0,1,0,0
N75789,1,0,1,0,0
N75790,1,0,1,0,0
N75792,1,0,1,0,0
N75793,1,0,1,0,0
N75837,1,0,1,0,0
N75838,1,0,1,0,0
N75840,1,0,1,0,0
N75842,1,0,1,0,0
N75880,1,0,1,0,0
N75881,1,0,1,0,0
N75883,1,0,1,0,0
N75885,1,0,1,0,0
N75940,1,0,1,0,0
N75941,1,0,1,0,0
N75943,1,0,1,0,0
N75945,1,0,1,0,0
N76003,1,0,1,0,0
N76004,1,0,1,0,0
N76006,1,0,1,0,0
N76008,1,0,1,0,0
N76062,1,0,1,0,0
N76063,1,0,1,0,0
N76065,1,0,1,0,0
N76067,1,0,1,0,0
N76119,1,0,1,0,0
N76120,1,0,1,0,0
N76122,1,0,1,0,0
N76124,1,0,1,0,0
N76186,1,0,1,0,0
N76187,1,0,1,0,0
N76189,1,0,1,0,0
N76191,1,0,1,0,0
N76242,1,0,1,0,0
N76243,1,0,1,0,0
N76245,1,0,1,0,0
N76247,1,0,1,0,0
N76301,1,0,1,0,0
N76302,1,0,1,0,0
N76304,1,0,1,0,0
N76306,1,0,1,0,0
N76360,1,0,1,0,0
N76361,1,0,1,0,0
N76363,1,0,1,0,0
N76365,1,0,1,0,0
N76424,1,0,1,0,0
N76426,1,0,1,0,0
N76483,1,0,1,0,0
N76485,1,0,1,0,0
N76539,1,0,1,0,0
N76540,1,0,1,0,0
N76542,1,0,1,0,0
N76544,1,0,1,0,0
N7656,1,1,0,0,0
N7657,1,1,0,0,0
N76598,1,0,1,0,0
N76599,1,0,1,0,0
N7660,1,0,1,0,0
N76601,1,0,1,0,0
N76603,1,0,1,0,0
N76653,1,0,1,0,0
N76654,1,0,1,0,0
N76656,1,0,1,0,0
N76658,1,0,1,0,0
N76710,1,0,1,0,0
N76711,1,0,1,0,0
N76713,1,0,1,0,0
N76715,1,0,1,0,0
N76777,1,0,1,0,0
N76778,1,0,1,0,0
N7678,1,0,1,0,0
N76780,1,0,1,0,0
N76833,1,0,1,0,0
N76834,1,0,1,0,0
N76836,1,0,1,0,0
N76868,1,0,1,0,0
N76869,1,0,1,0,0
N76871,1,0,1,0,0
N7688,1,1,0,0,0
N7690,1,1,0,0,0
N76913,1,0,1,0,0
N76915,1,0,1,0,0
N76917,1,0,1,0,0
N76918,1,0,1,0,0
N76920,1,0,1,0,0
N76922,1,0,1,0,0
N76924,1,0,1,0,0
N76930,1,0,1,0,0
N76944,1,0,1,0,0
N76946,1,0,1,0,0
N76948,1,0,1,0,0
N76950,1,0,1,0,0
N76952,1,0,1,0,0
N76958,1,0,1,0,0
N76960,1,0,1,0,0
N76962,1,0,1,0,0
N76964,1,0,1,0,0
N76966,1,0,1,0,0
N76967,1,0,1,0,0
N76969,1,0,1,0,0
N76971,1,0,1,0,0
N76973,1,0,1,0,0
N76975,1,0,1,0,0
N77057,1,0,1,0,0
N7712,1,0,1,0,0
N77221,1,0,1,0,0
N77222,1,0,1,0,0
N77223,1,0,1,0,0
N77224,1,0,1,0,0
N77225,1,0,1,0,0
N77226,1,0,1,0,0
N77227,1,0,1,0,0
N77228,1,0,1,0,0
N77230,1,0,1,0,0
N77231,1,0,1,0,0
N77232,1,0,1,0,0
N77233,1,0,1,0,0
N77234,1,0,1,0,0
N77235,1,0,1,0,0
N77236,1,0,1,0,0
N77237,1,0,1,0,0
N77238,1,0,1,0,0
N77239,1,0,1,0,0
N77240,1,0,1,0,0
N77241,1,0,1,0,0
N77242,1,0,1,0,0
N77243,1,0,1,0,0
N77244,1,0,1,0,0
N77245,1,0,1,0,0
N77246,1,0,1,0,0
N77247,1,0,1,0,0
N77248,1,0,1,0,0
N77249,1,0,1,0,0
N77250,1,0,1,0,0
N77251,1,0,1,0,0
N77252,1,0,1,0,0
N77253,1,0,1,0,0
N77258,1,0,1,0,0
N77265,1,0,1,0,0
N77542,1,0,1,0,0
N77588,1,0,1,0,0
N77634,1,0,1,0,0
N77676,1,0,1,0,0
N77720,1,0,1,0,0
N77722,1,0,1,0,0
N77758,1,0,1,0,0
N77760,1,0,1,0,0
N77808,1,0,1,0,0
N77810,1,0,1,0,0
N77850,1,0,1,0,0
N77852,1,0,1,0,0
N77896,1,0,1,0,0
N77897,1,0,1,0,0
N77898,1,0,1,0,0
N77939,1,0,1,0,0
N78248,1,0,1,0,0
N78249,1,0,1,0,0
N78250,1,0,1,0,0
N78271,1,0,1,0,0
N78278,1,0,1,0,0
N78279,1,0,1,0,0
N78280,1,0,1,0,0
N78281,1,0,1,0,0
N78282,1,0,1,0,0
N78283,1,0,1,0,0
N78286,1,0,1,0,0
N78291,1,0,1,0,0
N78292,1,0,1,0,0
N78293,1,0,1,0,0
N78294,1,0,1,0,0
N78295,1,0,1,0,0
N78296,1,0,1,0,0
N78297,1,0,1,0,0
N78298,1,0,1,0,0
N78299,1,0,1,0,0
N78300,1,0,1,0,0
N78301,1,0,1,0,0
N78302,1,0,1,0,0
N78303,1,0,1,0,0
N78304,1,0,1,0,0
N78305,1,0,1,0,0
N78306,1,0,1,0,0
N78307,1,0,1,0,0
N78308,1,0,1,0,0
N78309,1,0,1,0,0
N78310,1,0,1,0,0
N78311,1,0,1,0,0
N78312,1,0,1,0,0
N78313,1,0,1,0,0
N78314,1,0,1,0,0
N78315,1,0,1,0,0
N78318,1,0,1,0,0
N78325,1,0,1,0,0
N78326,1,0,1,0,0
N78327,1,0,1,0,0
N78328,1,0,1,0,0
N78329,1,0,1,0,0
N78330,1,0,1,0,0
N78331,1,0,1,0,0
N78332,1,0,1,0,0
N78333,1,0,1,0,0
N78334,1,0,1,0,0
N78335,1,0,1,0,0
N78336,1,0,1,0,0
N78339,1,0,1,0,0
N78340,1,0,1,0,0
N78341,1,0,1,0,0
N78342,1,0,1,0,0
N78343,1,0,1,0,0
N78344,1,0,1,0,0
N78345,1,0,1,0,0
N78346,1,0,1,0,0
N78347,1,0,1,0,0
N78350,1,0,1,0,0
N78357,1,0,1,0,0
N78358,1,0,1,0,0
N78359,1,0,1,0,0
N78360,1,0,1,0,0
N78361,1,0,1,0,0
N78362,1,0,1,0,0
N78363,1,0,1,0,0
N78364,1,0,1,0,0
N78365,1,0,1,0,0
N78366,1,0,1,0,0
N78367,1,0,1,0,0
N78368,1,0,1,0,0
N78369,1,0,1,0,0
N78370,1,0,1,0,0
N78371,1,0,1,0,0
N78372,1,0,1,0,0
N78373,1,0,1,0,0
N78374,1,0,1,0,0
N78375,1,0,1,0,0
N78376,1,0,1,0,0
N78377,1,0,1,0,0
N78378,1,0,1,0,0
N78379,1,0,1,0,0
N78382,1,0,1,0,0
N78390,1,0,1,0,0
N78392,1,0,1,0,0
N78393,1,0,1,0,0
N78394,1,0,1,0,0
N78395,1,0,1,0,0
N78396,1,0,1,0,0
N78397,1,0,1,0,0
N78398,1,0,1,0,0
N78399,1,0,1,0,0
N78400,1,0,1,0,0
N78403,1,0,1,0,0
N78404,1,0,1,0,0
N78405,1,0,1,0,0
N78435,1,0,1,0,0
N78436,1,0,1,0,0
N78437,1,0,1,0,0
N78438,1,0,1,0,0
N78439,1,0,1,0,0
N78440,1,0,1,0,0
N78441,1,0,1,0,0
N78451,1,0,1,0,0
N78452,1,0,1,0,0
N78453,1,0,1,0,0
N78454,1,0,1,0,0
N78455,1,0,1,0,0
N78456,1,0,1,0,0
N78457,1,0,1,0,0
N78458,1,0,1,0,0
N78459,1,0,1,0,0
N78462,1,0,1,0,0
N78463,1,0,1,0,0
N78470,1,0,1,0,0
N78471,1,0,1,0,0
N78483,1,0,1,0,0
N78490,1,0,1,0,0
N79714,1,0,1,0,0
N79716,1,0,1,0,0
N79718,1,0,1,0,0
N79720,1,0,1,0,0
N79722,1,0,1,0,0
N79724,1,0,1,0,0
N80118,1,0,1,0,0
N80120,1,0,1,0,0
N80121,1,0,1,0,0
N80123,1,0,1,0,0
N80124,1,0,1,0,0
N80126,1,0,1,0,0
N80127,1,0,1,0,0
N80129,1,0,1,0,0
N80145,1,0,1,0,0
N80146,1,0,1,0,0
N80147,1,0,1,0,0
N80150,1,0,1,0,0
N80152,1,0,1,0,0
N80154,1,0,1,0,0
N80157,1,0,1,0,0
N80159,1,0,1,0,0
N80162,1,0,1,0,0
N80163,1,0,1,0,0
N80166,1,0,1,0,0
N80167,1,0,1,0,0
N80186,1,0,1,0,0
N80187,1,0,1,0,0
N80191,1,0,1,0,0
N80192,1,0,1,0,0
N80193,1,0,1,0,0
N80194,1,0,1,0,0
N80198,1,0,1,0,0
N80199,1,0,1,0,0
N80200,1,0,1,0,0
N80201,1,0,1,0,0
N80209,1,0,1,0,0
N80261,1,0,1,0,0
N80262,1,0,1,0,0
N80264,1,0,1,0,0
N80267,1,0,1,0,0
N80268,1,0,1,0,0
N80270,1,0,1,0,0
N80273,1,0,1,0,0
N80276,1,0,1,0,0
N80279,1,0,1,0,0
N80282,1,0,1,0,0
N80285,1,0,1,0,0
N80288,1,0,1,0,0
N80291,1,0,1,0,0
N80294,1,0,1,0,0
N80297,1,0,1,0,0
N80300,1,0,1,0,0
N80303,1,0,1,0,0
N80306,1,0,1,0,0
N80307,1,0,1,0,0
N80316,1,0,1,0,0
N80319,1,0,1,0,0
N80320,1,0,1,0,0
N80321,1,0,1,0,0
N80324,1,0,1,0,0
N80325,1,0,1,0,0
N80329,1,0,1,0,0
N80330,1,0,1,0,0
N80334,1,0,1,0,0
N80335,1,0,1,0,0
N80339,1,0,1,0,0
N80340,1,0,1,0,0
N80344,1,0,1,0,0
N80345,1,0,1,0,0
N80348,1,0,1,0,0
N80349,1,0,1,0,0
N80352,1,0,1,0,0
N80353,1,0,1,0,0
N8100,1,1,0,0,0
N8101,1,1,0,0,0
N81164,1,0,1,0,0
N8141,1,0,1,0,0
N8142,1,0,1,0,0
N8143,1,0,1,0,0
N8144,1,0,1,0,0
N8145,1,0,1,0,0
N8146,1,0,1,0,0
N8147,1,0,1,0,0
N8148,1,0,1,0,0
N8149,1,0,1,0,0
N8150,1,0,1,0,0
N82667,1,0,1,0,0
N82866,1,0,1,0,0
N82963,1,0,1,0,0
N83134,1,0,1,0,0
N8324,1,0,1,0,0
N8325,1,1,0,0,0
N8326,1,0,1,0,0
N8327,1,0,1,0,0
N8328,1,0,1,0,0
N8329,1,1,0,0,0
N8330,1,0,1,0,0
N8331,1,1,0,0,0
N8332,1,0,1,0,0
N8333,1,1,0,0,0
N8334,1,0,1,0,0
N8335,1,1,0,0,0
N83476,1,0,1,0,0
N83478,1,0,1,0,0
N83480,1,0,1,0,0
N83482,1,0,1,0,0
N83484,1,0,1,0,0
N83486,1,0,1,0,0
N83488,1,0,1,0,0
N83490,1,0,1,0,0
N83492,1,0,1,0,0
N83494,1,0,1,0,0
N83496,1,0,1,0,0
N83498,1,0,1,0,0
N83500,1,0,1,0,0
N83608,1,0,1,0,0
N83699,1,0,1,0,0
N83701,1,0,1,0,0
N83702,1,0,1,0,0
N83704,1,0,1,0,0
N83706,1,0,1,0,0
N83707,1,0,1,0,0
N83709,1,0,1,0,0
N83710,1,0,1,0,0
N83712,1,0,1,0,0
N83714,1,0,1,0,0
N83715,1,0,1,0,0
N83717,1,0,1,0,0
N83721,1,0,1,0,0
N83723,1,0,1,0,0
N83737,1,0,1,0,0
N83738,1,0,1,0,0
N83739,1,0,1,0,0
N83743,1,0,1,0,0
N83746,1,0,1,0,0
N83748,1,0,1,0,0
N83752,1,0,1,0,0
N83755,1,0,1,0,0
N83756,1,0,1,0,0
N83759,1,0,1,0,0
N83760,1,0,1,0,0
N83764,1,0,1,0,0
N83767,1,0,1,0,0
N83768,1,0,1,0,0
N83771,1,0,1,0,0
N83772,1,0,1,0,0
N83795,1,0,1,0,0
N83796,1,0,1,0,0
N8380,1,0,1,0,0
N8381,1,0,1,0,0
N83810,1,0,1,0,0
N83819,1,0,1,0,0
N8382,1,0,1,0,0
N83821,1,0,1,0,0
N83822,1,0,1,0,0
N83823,1,0,1,0,0
N83824,1,0,1,0,0
N83825,1,0,1,0,0
N83826,1,0,1,0,0
N83827,1,0,1,0,0
N83828,1,0,1,0,0
N83829,1,0,1,0,0
N8383,1,0,1,0,0
N83830,1,0,1,0,0
N83836,1,0,1,0,0
N83837,1,0,1,0,0
N83838,1,0,1,0,0
N83839,1,0,1,0,0
N8384,1,0,1,0,0
N83840,1,0,1,0,0
N83841,1,0,1,0,0
N83842,1,0,1,0,0
N8385,1,0,1,0,0
N8386,1,0,1,0,0
N8387,1,0,1,0,0
N83872,1,0,1,0,0
N8388,1,0,1,0,0
N83891,1,0,1,0,0
N83892,1,0,1,0,0
N83893,1,0,1,0,0
N83894,1,0,1,0,0
N83895,1,0,1,0,0
N83896,1,0,1,0,0
N83897,1,0,1,0,0
N83898,1,0,1,0,0
N83899,1,0,1,0,0
N83900,1,0,1,0,0
N83901,1,0,1,0,0
N83902,1,0,1,0,0
N83904,1,0,1,0,0
N8391,1,0,1,0,0
N83911,1,0,1,0,0
N83914,1,0,1,0,0
N83915,1,0,1,0,0
N83916,1,0,1,0,0
N8392,1,0,1,0,0
N83921,1,0,1,0,0
N83923,1,0,1,0,0
N83924,1,0,1,0,0
N83927,1,0,1,0,0
N8393,1,0,1,0,0
N83931,1,0,1,0,0
N83932,1,0,1,0,0
N83934,1,0,1,0,0
N83938,1,0,1,0,0
N83939,1,0,1,0,0
N83940,1,0,1,0,0
N83941,1,0,1,0,0
N83942,1,0,1,0,0
N83943,1,0,1,0,0
N83945,1,0,1,0,0
N83946,1,0,1,0,0
N83947,1,0,1,0,0
N83951,1,0,1,0,0
N83953,1,0,1,0,0
N83954,1,0,1,0,0
N83955,1,0,1,0,0
N83956,1,0,1,0,0
N83957,1,0,1,0,0
N83958,1,0,1,0,0
N83962,1,0,1,0,0
N83963,1,0,1,0,0
N83964,1,0,1,0,0
N83965,1,0,1,0,0
N83969,1,0,1,0,0
N83970,1,0,1,0,0
N83973,1,0,1,0,0
N83974,1,0,1,0,0
N83979,1,0,1,0,0
N83980,1,0,1,0,0
N83981,1,0,1,0,0
N83982,1,0,1,0,0
N83985,1,0,1,0,0
N83986,1,0,1,0,0
N83987,1,0,1,0,0
N83988,1,0,1,0,0
N83989,1,0,1,0,0
N83991,1,0,1,0,0
N83992,1,0,1,0,0
N83993,1,0,1,0,0
N83995,1,0,1,0,0
N83999,1,0,1,0,0
N84001,1,0,1,0,0
N84003,1,0,1,0,0
N84004,1,0,1,0,0
N84006,1,0,1,0,0
N84007,1,0,1,0,0
N84009,1,0,1,0,0
N84010,1,0,1,0,0
N84013,1,0,1,0,0
N84014,1,0,1,0,0
N84019,1,0,1,0,0
N84020,1,0,1,0,0
N84022,1,0,1,0,0
N84023,1,0,1,0,0
N84024,1,0,1,0,0
N84030,1,0,1,0,0
N8431,1,0,1,0,0
N84492,1,0,1,0,0
N84498,1,0,1,0,0
N84501,1,0,1,0,0
N84504,1,0,1,0,0
N84507,1,0,1,0,0
N84510,1,0,1,0,0
N84516,1,0,1,0,0
N84519,1,0,1,0,0
N84522,1,0,1,0,0
N84525,1,0,1,0,0
N84528,1,0,1,0,0
N84531,1,0,1,0,0
N84534,1,0,1,0,0
N84537,1,0,1,0,0
N84538,1,0,1,0,0
N84547,1,0,1,0,0
N84550,1,0,1,0,0
N84551,1,0,1,0,0
N84552,1,0,1,0,0
N84555,1,0,1,0,0
N84556,1,0,1,0,0
N84560,1,0,1,0,0
N84561,1,0,1,0,0
N84565,1,0,1,0,0
N84566,1,0,1,0,0
N84570,1,0,1,0,0
N84571,1,0,1,0,0
N84574,1,0,1,0,0
N84575,1,0,1,0,0
N84578,1,0,1,0,0
N84579,1,0,1,0,0
N84582,1,0,1,0,0
N84583,1,0,1,0,0
N8580,1,0,1,0,0
N8585,1,0,1,0,0
N8586,1,0,1,0,0
N8587,1,0,1,0,0
N8588,1,0,1,0,0
N8589,1,0,1,0,0
N8590,1,0,1,0,0
N8591,1,0,1,0,0
N8592,1,0,1,0,0
N8593,1,0,1,0,0
N8594,1,0,1,0,0
N8595,1,0,1,0,0
N8596,1,0,1,0,0
N8597,1,0,1,0,0
N8598,1,0,1,0,0
N8599,1,0,1,0,0
N8600,1,0,1,0,0
N8601,1,0,1,0,0
N8602,1,0,1,0,0
N8603,1,0,1,0,0
N8604,1,0,1,0,0
N8605,1,0,1,0,0
N8606,1,0,1,0,0
N8607,1,0,1,0,0
N8608,1,0,1,0,0
N8609,1,0,1,0,0
N8610,1,0,1,0,0
N8611,1,0,1,0,0
N8612,1,0,1,0,0
N8613,1,0,1,0,0
N8614,1,0,1,0,0
N8626,1,0,1,0,0
N8645,1,0,1,0,0
N8650,1,0,1,0,0
N8670,1,0,1,0,0
N8688,1,0,1,0,0
N8706,1,0,1,0,0
N8724,1,0,1,0,0
N8742,1,0,1,0,0
N87467,1,0,1,0,0
N87468,1,0,1,0,0
N87523,1,0,1,0,0
N87525,1,0,1,0,0
N87526,1,0,1,0,0
N87528,1,0,1,0,0
N87529,1,0,1,0,0
N87531,1,0,1,0,0
N87532,1,0,1,0,0
N87534,1,0,1,0,0
N87535,1,0,1,0,0
N87537,1,0,1,0,0
N87538,1,0,1,0,0
N87540,1,0,1,0,0
N87541,1,0,1,0,0
N87543,1,0,1,0,0
N87547,1,0,1,0,0
N87549,1,0,1,0,0
N87563,1,0,1,0,0
N87564,1,0,1,0,0
N87565,1,0,1,0,0
N87568,1,0,1,0,0
N87570,1,0,1,0,0
N87571,1,0,1,0,0
N87574,1,0,1,0,0
N87575,1,0,1,0,0
N87578,1,0,1,0,0
N87579,1,0,1,0,0
N87582,1,0,1,0,0
N87583,1,0,1,0,0
N8760,1,0,1,0,0
N87606,1,0,1,0,0
N87607,1,0,1,0,0
N87613,1,0,1,0,0
N87614,1,0,1,0,0
N87618,1,0,1,0,0
N87619,1,0,1,0,0
N87624,1,0,1,0,0
N87631,1,0,1,0,0
N87632,1,0,1,0,0
N87634,1,0,1,0,0
N87635,1,0,1,0,0
N87636,1,0,1,0,0
N87637,1,0,1,0,0
N87638,1,0,1,0,0
N87639,1,0,1,0,0
N87640,1,0,1,0,0
N87641,1,0,1,0,0
N87642,1,0,1,0,0
N87643,1,0,1,0,0
N87649,1,0,1,0,0
N87650,1,0,1,0,0
N87651,1,0,1,0,0
N87652,1,0,1,0,0
N87665,1,0,1,0,0
N87666,1,0,1,0,0
N87667,1,0,1,0,0
N87670,1,0,1,0,0
N87671,1,0,1,0,0
N87672,1,0,1,0,0
N87673,1,0,1,0,0
N87674,1,0,1,0,0
N87675,1,0,1,0,0
N87676,1,0,1,0,0
N87677,1,0,1,0,0
N87678,1,0,1,0,0
N87679,1,0,1,0,0
N8778,1,0,1,0,0
N87797,1,0,1,0,0
N87798,1,0,1,0,0
N87800,1,0,1,0,0
N87801,1,0,1,0,0
N87803,1,0,1,0,0
N87804,1,0,1,0,0
N87806,1,0,1,0,0
N87807,1,0,1,0,0
N87809,1,0,1,0,0
N87810,1,0,1,0,0
N87812,1,0,1,0,0
N87813,1,0,1,0,0
N87815,1,0,1,0,0
N87846,1,0,1,0,0
N87847,1,0,1,0,0
N87850,1,0,1,0,0
N87851,1,0,1,0,0
N87854,1,0,1,0,0
N87855,1,0,1,0,0
N87858,1,0,1,0,0
N87859,1,0,1,0,0
N87862,1,0,1,0,0
N87863,1,0,1,0,0
N87864,1,0,1,0,0
N8796,1,0,1,0,0
N8814,1,0,1,0,0
N8832,1,0,1,0,0
N8850,1,0,1,0,0
N88639,1,0,1,0,0
N8868,1,0,1,0,0
N8886,1,0,1,0,0
N8904,1,0,1,0,0
N8922,1,0,1,0,0
N89390,1,0,1,0,0
N89391,1,0,1,0,0
N89392,1,0,1,0,0
N89393,1,0,1,0,0
N89394,1,0,1,0,0
N89395,1,0,1,0,0
N8940,1,0,1,0,0
N89402,1,0,1,0,0
N89403,1,0,1,0,0
N89404,1,0,1,0,0
N89405,1,0,1,0,0
N89407,1,0,1,0,0
N89413,1,0,1,0,0
N89418,1,0,1,0,0
N89419,1,0,1,0,0
N89420,1,0,1,0,0
N89421,1,0,1,0,0
N89423,1,0,1,0,0
N89424,1,0,1,0,0
N89425,1,0,1,0,0
N89426,1,0,1,0,0
N89427,1,0,1,0,0
N89428,1,0,1,0,0
N89431,1,0,1,0,0
N8958,1,0,1,0,0
N89681,1,0,1,0,0
N89682,1,0,1,0,0
N89683,1,0,1,0,0
N89684,1,0,1,0,0
N89685,1,0,1,0,0
N89686,1,0,1,0,0
N89689,1,0,1,0,0
N89690,1,0,1,0,0
N89691,1,0,1,0,0
N89692,1,0,1,0,0
N89693,1,0,1,0,0
N89694,1,0,1,0,0
N89695,1,0,1,0,0
N89696,1,0,1,0,0
N89697,1,0,1,0,0
N89698,1,0,1,0,0
N89699,1,0,1,0,0
N89700,1,0,1,0,0
N89701,1,0,1,0,0
N89702,1,0,1,0,0
N89703,1,0,1,0,0
N89704,1,0,1,0,0
N89705,1,0,1,0,0
N89706,1,0,1,0,0
N89707,1,0,1,0,0
N89708,1,0,1,0,0
N89709,1,0,1,0,0
N89710,1,0,1,0,0
N89711,1,0,1,0,0
N89712,1,0,1,0,0
N8976,1,0,1,0,0
N8994,1,0,1,0,0
N9012,1,0,1,0,0
N9030,1,0,1,0,0
N9048,1,0,1,0,0
N9066,1,0,1,0,0
N9084,1,0,1,0,0
N9102,1,0,1,0,0
N9120,1,0,1,0,0
N9138,1,0,1,0,0
N9155,1,0,1,0,0
N9156,1,0,1,0,0
N9176,1,0,1,0,0
N9310,1,0,1,0,0
N9311,1,0,1,0,0
N9317,1,0,1,0,0
N9543,1,0,1,0,0
N9821,1,0,1,0,0
N9822,1,0,1,0,0
N9823,1,0,1,0,0
N9824,1,0,1,0,0
N9825,1,0,1,0,0
N9826,1,0,1,0,0
N9827,1,0,1,0,0
N9828,1,0,1,0,0
N9829,1,0,1,0,0
N9830,1,0,1,0,0
N9831,1,0,1,0,0
N9832,1,0,1,0,0
N9837,1,0,1,0,0
N9838,1,0,1,0,0
N9851,1,0,1,0,0
N9853,1,0,1,0,0
N9854,1,0,1,0,0
N9855,1,0,1,0,0
N9857,1,0,1,0,0
N9858,1,0,1,0,0
N9859,1,0,1,0,0
N9860,1,0,1,0,0
N9861,1,0,1,0,0
N9862,1,0,1,0,0
N9863,1,0,1,0,0
N9864,1,0,1,0,0
N9865,1,0,1,0,0
N9866,1,0,1,0,0
N9867,1,0,1,0,0
N9868,1,0,1,0,0
N9869,1,0,1,0,0
N9870,1,0,1,0,0
N9871,1,0,1,0,0
N9872,1,0,1,0,0
N9873,1,0,1,0,0
N9874,1,0,1,0,0
N9879,1,0,1,0,0
N9880,1,0,1,0,0
N9881,1,0,1,0,0
N9882,1,0,1,0,0
N9883,1,0,1,0,0
N9884,1,0,1,0,0
N9885,1,0,1,0,0
N9886,1,0,1,0,0
N9887,1,0,1,0,0
N9888,1,0,1,0,0
N9889,1,0,1,0,0
N9890,1,0,1,0,0
N9891,1,0,1,0,0
N9892,1,0,1,0,0
N9893,1,0,1,0,0
N9894,1,0,1,0,0
N9895,1,0,1,0,0
N9896,1,0,1,0,0
N9897,1,0,1,0,0
N9898,1,0,1,0,0
N9899,1,0,1,0,0
N9900,1,0,1,0,0
N9901,1,0,1,0,0
N9902,1,0,1,0,0
N9907,1,0,1,0,0
N9908,1,0,1,0,0
N9909,1,0,1,0,0
N9912,1,0,1,0,0
N9915,1,0,1,0,0
N9918,1,0,1,0,0
N9921,1,0,1,0,0
N9922,1,0,1,0,0
N9924,1,0,1,0,0
N9925,1,0,1,0,0
N9927,1,0,1,0,0
N9928,1,0,1,0,0
N9930,1,0,1,0,0
N9931,1,0,1,0,0
N9932,1,0,1,0,0
N9933,1,0,1,0,0
N9934,1,0,1,0,0
N9935,1,0,1,0,0
N9936,1,0,1,0,0
N9937,1,0,1,0,0
N9938,1,0,1,0,0
N9939,1,0,1,0,0
N9940,1,0,1,0,0
N9941,1,0,1,0,0
N9942,1,0,1,0,0
N9943,1,0,1,0,0
N9944,1,0,1,0,0
N9945,1,0,1,0,0
N9946,1,0,1,0,0
N9947,1,0,1,0,0
N9948,1,0,1,0,0
N9949,1,0,1,0,0
N9950,1,0,1,0,0
N9951,1,0,1,0,0
N9952,1,0,1,0,0
N9953,1,0,1,0,0
N9954,1,0,1,0,0
N9955,1,0,1,0,0
N9956,1,0,1,0,0
N9957,1,0,1,0,0
N9958,1,0,1,0,0
N9959,1,0,1,0,0
N9960,1,0,1,0,0
N9961,1,0,1,0,0
N9962,1,0,1,0,0
N9963,1,0,1,0,0
N9970,1,0,1,0,0
N9971,1,0,1,0,0
N9972,1,0,1,0,0
N9973,1,0,1,0,0
N9974,1,0,1,0,0
N9975,1,0,1,0,0
N9976,1,0,1,0,0
N9977,1,0,1,0,0
__tpi_cp_100_N13049,1,0,0,0,1
__tpi_cp_103_N24048,1,0,0,1,0
__tpi_cp_107_N7598,1,0,0,1,0
__tpi_cp_111_N21464,1,0,0,1,0
__tpi_cp_113_N18522,1,0,0,1,0
__tpi_cp_115_N2032,1,0,0,1,0
__tpi_cp_116_N7595,1,0,0,1,0
__tpi_cp_117_N15007,1,0,0,1,0
__tpi_cp_118_N7599,1,0,0,1,0
__tpi_cp_119_N15003,1,0,0,1,0
__tpi_cp_120_N15004,1,0,0,1,0
__tpi_cp_121_N15006,1,0,0,1,0
__tpi_cp_122_N15005,1,0,0,1,0
__tpi_cp_123_N15002,1,0,0,1,0
__tpi_cp_124_N21458,1,0,0,1,0
__tpi_cp_128_N13053,1,0,0,0,1
__tpi_cp_130_N13055,1,0,0,0,1
__tpi_cp_152_N26415,1,0,0,1,0
__tpi_cp_153_N14333,1,0,0,1,0
__tpi_cp_166_N26417,1,0,0,1,0
__tpi_cp_167_N2152,1,0,0,0,1
__tpi_cp_168_N1520,1,0,0,0,1
__tpi_cp_170_N1515,1,0,0,0,1
__tpi_cp_171_N1576,1,0,0,0,1
__tpi_cp_182_N21350,1,0,0,1,0
__tpi_cp_184_N15109,1,0,0,1,0
__tpi_cp_190_N7475,1,0,0,0,1
__tpi_cp_195_N21468,1,0,0,1,0
__tpi_cp_196_N6838,1,0,0,0,1
__tpi_cp_198_N18587,1,0,0,0,1
__tpi_cp_200_N13035,1,0,0,0,1
__tpi_cp_204_N15101,1,0,0,1,0
__tpi_cp_205_N15100,1,0,0,1,0
__tpi_cp_206_N21472,1,0,0,1,0
__tpi_cp_207_N15097,1,0,0,1,0
__tpi_cp_210_N15095,1,0,0,1,0
__tpi_cp_211_N6847,1,0,0,0,1
__tpi_cp_212_N6659,1,0,0,0,1
__tpi_cp_214_N9311,1,0,0,0,1
__tpi_cp_215_N9310,1,0,0,0,1
__tpi_cp_216_N15348,1,0,0,0,1
__tpi_cp_218_N6784,1,0,0,0,1
__tpi_cp_220_N6632,1,0,0,0,1
__tpi_cp_225_N15517,1,0,0,0,1
__tpi_cp_227_N21470,1,0,0,1,0
__tpi_cp_236_N15491,1,0,0,0,1
__tpi_cp_249_N15564,1,0,0,0,1
__tpi_cp_250_N15543,1,0,0,0,1
__tpi_cp_252_N28154,1,0,0,1,0
__tpi_cp_253_N21483,1,0,0,1,0
__tpi_cp_254_N21461,1,0,0,1,0
__tpi_cp_255_N21485,1,0,0,1,0
__tpi_cp_257_N3936,1,0,0,0,1
__tpi_cp_258_N15394,1,0,0,0,1
__tpi_cp_270_N9795,1,0,0,0,1
__tpi_cp_271_N15415,1,0,0,0,1
__tpi_cp_275_N21463,1,0,0,1,0
__tpi_cp_279_N15200,1,0,0,1,0
__tpi_cp_289_N15001,1,0,0,1,0
__tpi_cp_290_N15280,1,0,0,0,1
__tpi_cp_293_N21714,1,0,0,0,1
__tpi_cp_295_N15295,1,0,0,0,1
__tpi_cp_298_N21478,1,0,0,1,0
__tpi_cp_299_N21481,1,0,0,1,0
__tpi_cp_303_N9750,1,0,0,0,1
__tpi_cp_306_N26494,1,0,0,0,1
__tpi_cp_307_N15347,1,0,0,0,1
__tpi_cp_308_N9741,1,0,0,0,1
__tpi_cp_315_N9559,1,0,0,0,1
__tpi_cp_316_N9651,1,0,0,0,1
__tpi_cp_322_N15483,1,0,0,0,1
__tpi_cp_324_N14511,1,0,0,0,1
__tpi_cp_328_N21723,1,0,0,0,1
__tpi_cp_330_N21403,1,0,0,1,0
__tpi_cp_333_N15524,1,0,0,0,1
__tpi_cp_334_N21583,1,0,0,1,0
__tpi_cp_335_N21615,1,0,0,1,0
__tpi_cp_337_N20852,1,0,0,1,0
__tpi_cp_338_N20351,1,0,0,1,0
__tpi_cp_339_N21866,1,0,0,0,1
__tpi_cp_341_N21973,1,0,0,1,0
__tpi_cp_342_N21709,1,0,0,0,1
__tpi_cp_343_N15498,1,0,0,0,1
__tpi_cp_347_N21612,1,0,0,1,0
__tpi_cp_350_N20858,1,0,0,1,0
__tpi_cp_351_N15503,1,0,0,0,1
__tpi_cp_355_N20357,1,0,0,1,0
__tpi_cp_361_N21979,1,0,0,1,0
__tpi_cp_363_N18574,1,0,0,0,1
__tpi_cp_364_N15160,1,0,0,0,1
__tpi_cp_365_N15254,1,0,0,0,1
__tpi_cp_366_N15245,1,0,0,0,1
__tpi_cp_367_N15275,1,0,0,0,1
__tpi_cp_369_N21770,1,0,0,0,1
__tpi_cp_370_N15215,1,0,0,0,1
__tpi_cp_378_N9643,1,0,0,0,1
__tpi_cp_381_N4431,1,0,0,0,1
__tpi_cp_383_N28455,1,0,0,0,1
__tpi_cp_384_N28627,1,0,0,0,1
__tpi_cp_385_N15344,1,0,0,0,1
__tpi_cp_386_N28634,1,0,0,0,1
__tpi_cp_388_N4331,1,0,0,0,1
__tpi_cp_389_N10503,1,0,0,0,1
__tpi_cp_392_N28462,1,0,0,0,1
__tpi_cp_402_N15400,1,0,0,0,1
__tpi_cp_408_N24222,1,0,0,0,1
__tpi_cp_412_N10400,1,0,0,0,1
__tpi_cp_414_N21939,1,0,0,0,1
__tpi_cp_415_N9640,1,0,0,0,1
__tpi_cp_417_N26333,1,0,0,0,1
__tpi_cp_424_N28552,1,0,0,0,1
__tpi_cp_425_N21919,1,0,0,0,1
__tpi_cp_426_N15509,1,0,0,0,1
__tpi_cp_428_N13065,1,0,0,1,0
__tpi_cp_429_N13066,1,0,0,1,0
__tpi_cp_430_N16538,1,0,0,1,0
__tpi_cp_431_N16539,1,0,0,1,0
__tpi_cp_432_N13073,1,0,0,1,0
__tpi_cp_433_N16546,1,0,0,1,0
__tpi_cp_434_N17036,1,0,0,1,0
__tpi_cp_435_N17037,1,0,0,1,0
__tpi_cp_436_N17044,1,0,0,1,0
__tpi_cp_437_N1826,1,0,0,0,1
__tpi_cp_438_N1806,1,0,0,0,1
__tpi_cp_439_N15421,1,0,0,0,1
__tpi_cp_444_N1786,1,0,0,0,1
__tpi_cp_445_N24027,1,0,0,0,1
__tpi_cp_454_N28148,1,0,0,1,0
__tpi_cp_455_N28155,1,0,0,1,0
__tpi_cp_45_N3718,1,0,0,0,1
__tpi_cp_487_N21893,1,0,0,0,1
__tpi_cp_490_N13067,1,0,0,1,0
__tpi_cp_491_N16540,1,0,0,1,0
__tpi_cp_54_N1592,1,0,0,0,1
__tpi_cp_64_N18516,1,0,0,1,0
__tpi_cp_68_N12773,1,0,1,0,0
__tpi_cp_72_N13039,1,0,0,0,1
__tpi_cp_73_N13043,1,0,0,0,1
__tpi_cp_74_N13045,1,0,0,0,1
__tpi_cp_95_N13047,1,0,0,0,1
