node,total_undetected_faults,output_sa0,output_sa1,input_edge_sa0,input_edge_sa1
N6124,2,1,1,0,0
N8723,2,1,1,0,0
N8725,2,1,1,0,0
N8727,2,1,1,0,0
N8729,2,1,1,0,0
N8762,2,1,1,0,0
N8787,2,1,1,0,0
N8788,2,1,1,0,0
N8789,2,1,1,0,0
N8790,2,1,1,0,0
__tpi_cp_100_N7853,2,0,1,0,1
__tpi_cp_101_N3896,2,0,1,0,1
__tpi_cp_102_N7401,2,0,1,1,0
__tpi_cp_104_N7402,2,0,1,1,0
__tpi_cp_106_N6669,2,0,1,1,0
__tpi_cp_116_N7387,2,0,1,0,1
__tpi_cp_120_N2074,2,0,1,1,0
__tpi_cp_122_N7381,2,0,1,0,1
__tpi_cp_123_N7405,2,0,1,0,1
__tpi_cp_124_N7409,2,0,1,0,1
__tpi_cp_127_N7855,2,0,1,0,1
__tpi_cp_130_N7726,2,0,1,0,1
__tpi_cp_140_N7445,2,0,1,0,1
__tpi_cp_147_N7433,2,0,1,0,1
__tpi_cp_148_N7438,2,0,1,0,1
__tpi_cp_149_N7437,2,0,1,0,1
__tpi_cp_150_N7442,2,0,1,0,1
__tpi_cp_152_N7446,2,0,1,0,1
__tpi_cp_155_N7441,2,0,1,0,1
__tpi_cp_15_N5203,2,0,1,1,0
__tpi_cp_161_N7727,2,0,1,0,1
__tpi_cp_22_N7411,2,1,0,1,0
__tpi_cp_25_N7413,2,1,0,1,0
__tpi_cp_30_N4635,2,0,1,0,1
__tpi_cp_32_N7881,2,1,0,1,0
__tpi_cp_33_N7882,2,1,0,1,0
__tpi_cp_37_N3904,2,0,1,0,1
__tpi_cp_38_N4716,2,0,1,0,1
__tpi_cp_39_N4712,2,0,1,0,1
__tpi_cp_40_N3897,2,0,1,0,1
__tpi_cp_44_N3827,2,0,1,0,1
__tpi_cp_45_N3820,2,0,1,0,1
__tpi_cp_52_N7722,2,0,1,0,1
__tpi_cp_55_N7724,2,0,1,0,1
__tpi_cp_74_N7723,2,0,1,0,1
__tpi_cp_76_N7725,2,0,1,0,1
__tpi_cp_77_N7408,2,0,1,0,1
__tpi_cp_87_N3813,2,0,1,0,1
__tpi_cp_90_N3799,2,0,1,0,1
__tpi_cp_92_N3792,2,0,1,0,1
__tpi_cp_95_N7852,2,0,1,0,1
__tpi_cp_9_N7511,2,0,1,1,0
N10305,1,0,1,0,0
N10306,1,0,1,0,0
N10309,1,0,1,0,0
N10310,1,0,1,0,0
N10311,1,0,1,0,0
N10312,1,0,1,0,0
N10331,1,0,1,0,0
N10332,1,0,1,0,0
N10333,1,0,1,0,0
N10334,1,0,1,0,0
N10335,1,0,1,0,0
N10336,1,0,1,0,0
N10337,1,0,1,0,0
N10341,1,0,1,0,0
N10342,1,0,1,0,0
N10343,1,0,1,0,0
N10344,1,0,1,0,0
N10348,1,0,1,0,0
N10349,1,0,1,0,0
N10350,1,0,1,0,0
N10351,1,0,1,0,0
N10352,1,0,1,0,0
N10354,1,0,1,0,0
N10355,1,0,1,0,0
N10356,1,0,1,0,0
N10357,1,0,1,0,0
N10358,1,0,1,0,0
N10359,1,0,1,0,0
N10360,1,0,1,0,0
N10361,1,0,1,0,0
N10362,1,0,1,0,0
N10363,1,0,1,0,0
N10364,1,0,1,0,0
N10365,1,0,1,0,0
N10366,1,0,1,0,0
N10367,1,0,1,0,0
N10368,1,0,1,0,0
N10372,1,0,1,0,0
N10373,1,0,1,0,0
N10374,1,0,1,0,0
N10375,1,0,1,0,0
N10389,1,0,1,0,0
N10390,1,0,1,0,0
N10391,1,0,1,0,0
N10392,1,0,1,0,0
N10393,1,0,1,0,0
N10394,1,0,1,0,0
N10395,1,0,1,0,0
N10396,1,0,1,0,0
N10397,1,0,1,0,0
N10398,1,0,1,0,0
N10399,1,0,1,0,0
N10400,1,0,1,0,0
N10401,1,0,1,0,0
N10402,1,0,1,0,0
N10403,1,0,1,0,0
N10404,1,0,1,0,0
N10405,1,0,1,0,0
N10406,1,0,1,0,0
N10407,1,0,1,0,0
N10408,1,0,1,0,0
N10409,1,0,1,0,0
N10410,1,0,1,0,0
N10413,1,0,1,0,0
N10415,1,0,1,0,0
N10416,1,0,1,0,0
N10417,1,0,1,0,0
N10418,1,0,1,0,0
N10423,1,0,1,0,0
N10424,1,0,1,0,0
N10425,1,0,1,0,0
N10426,1,0,1,0,0
N10427,1,0,1,0,0
N10428,1,0,1,0,0
N10431,1,0,1,0,0
N10432,1,0,1,0,0
N10433,1,0,1,0,0
N10434,1,0,1,0,0
N10439,1,0,1,0,0
N10440,1,0,1,0,0
N10441,1,0,1,0,0
N10442,1,0,1,0,0
N10447,1,0,1,0,0
N10448,1,0,1,0,0
N10449,1,0,1,0,0
N10450,1,0,1,0,0
N10452,1,0,0,0,1
N10604,1,0,1,0,0
N10615,1,0,1,0,0
N10616,1,0,1,0,0
N10618,1,0,1,0,0
N10621,1,0,1,0,0
N10622,1,0,1,0,0
N10624,1,0,1,0,0
N10625,1,0,1,0,0
N10627,1,0,1,0,0
N10630,1,0,1,0,0
N10631,1,0,1,0,0
N10633,1,0,1,0,0
N10634,1,0,1,0,0
N10636,1,0,1,0,0
N10637,1,0,1,0,0
N10639,1,0,1,0,0
N10642,1,0,1,0,0
N10645,1,0,1,0,0
N10648,1,0,1,0,0
N10659,1,0,1,0,0
N10689,1,0,1,0,0
N10692,1,0,1,0,0
N10788,1,0,1,0,0
N10792,1,0,1,0,0
N10793,1,0,1,0,0
N10794,1,0,1,0,0
N10800,1,0,1,0,0
N10818,1,0,1,0,0
N10820,1,0,1,0,0
N10822,1,0,1,0,0
N10823,1,0,1,0,0
N10824,1,0,1,0,0
N10830,1,0,1,0,0
N10915,1,0,1,0,0
N10916,1,0,1,0,0
N11043,1,0,0,0,1
N11317,1,0,1,0,0
N11318,1,0,1,0,0
N11387,1,0,0,0,1
N13570,1,0,1,0,0
N13571,1,0,1,0,0
N14635,1,0,1,0,0
N14636,1,0,1,0,0
N14638,1,0,0,0,1
N14640,1,0,0,0,1
N14642,1,0,0,0,1
N14694,1,0,0,0,1
N14992,1,0,1,0,0
N14996,1,0,1,0,0
N15000,1,0,1,0,0
N15047,1,0,1,0,0
N15048,1,0,1,0,0
N15554,1,0,0,0,1
N15555,1,0,0,0,1
N1586,1,1,0,0,0
N1599,1,0,1,0,0
N1607,1,1,0,0,0
N16154,1,0,0,0,1
N16284,1,0,0,0,1
N16329,1,0,0,0,1
N16456,1,0,0,0,1
N16460,1,0,0,0,1
N16470,1,0,0,0,1
N16472,1,0,0,0,1
N16474,1,0,0,0,1
N16476,1,0,0,0,1
N16478,1,0,0,0,1
N16480,1,0,0,0,1
N16482,1,0,0,0,1
N16484,1,0,0,0,1
N16486,1,0,0,0,1
N16488,1,0,0,0,1
N16490,1,0,0,0,1
N16492,1,0,0,0,1
N16496,1,0,0,0,1
N16498,1,0,0,0,1
N16500,1,0,0,0,1
N16502,1,0,0,0,1
N16504,1,0,0,0,1
N16506,1,0,0,0,1
N16508,1,0,0,0,1
N16577,1,0,0,0,1
N16581,1,0,0,0,1
N16587,1,0,0,0,1
N16591,1,0,0,0,1
N16593,1,0,0,0,1
N16597,1,0,0,0,1
N16599,1,0,0,0,1
N16601,1,0,0,0,1
N16603,1,0,0,0,1
N16605,1,0,0,0,1
N16607,1,0,0,0,1
N16609,1,0,0,0,1
N16611,1,0,0,0,1
N16613,1,0,0,0,1
N16615,1,0,0,0,1
N16617,1,0,0,0,1
N16619,1,0,0,0,1
N16621,1,0,0,0,1
N16623,1,0,0,0,1
N16625,1,0,0,0,1
N16627,1,0,0,0,1
N16629,1,0,0,0,1
N16639,1,0,1,0,0
N16640,1,0,1,0,0
N16642,1,0,1,0,0
N16643,1,0,1,0,0
N16645,1,0,1,0,0
N16646,1,0,1,0,0
N16648,1,0,1,0,0
N16649,1,0,1,0,0
N16651,1,0,1,0,0
N16652,1,0,1,0,0
N16654,1,0,1,0,0
N16655,1,0,1,0,0
N16657,1,0,1,0,0
N16658,1,0,1,0,0
N16660,1,0,1,0,0
N16661,1,0,1,0,0
N16663,1,0,1,0,0
N16664,1,0,1,0,0
N16666,1,0,1,0,0
N16667,1,0,1,0,0
N16669,1,0,1,0,0
N16670,1,0,1,0,0
N16672,1,0,1,0,0
N16673,1,0,1,0,0
N16675,1,0,1,0,0
N16676,1,0,1,0,0
N16678,1,0,1,0,0
N16679,1,0,1,0,0
N16681,1,0,1,0,0
N16682,1,0,1,0,0
N16684,1,0,1,0,0
N16685,1,0,1,0,0
N16687,1,0,1,0,0
N16688,1,0,1,0,0
N16690,1,0,1,0,0
N16691,1,0,1,0,0
N16888,1,0,1,0,0
N16896,1,0,1,0,0
N16904,1,0,1,0,0
N16905,1,0,1,0,0
N16912,1,0,1,0,0
N16913,1,0,1,0,0
N16920,1,0,1,0,0
N16921,1,0,1,0,0
N16928,1,0,1,0,0
N16936,1,0,1,0,0
N16937,1,0,1,0,0
N16944,1,0,1,0,0
N16952,1,0,1,0,0
N16960,1,0,1,0,0
N16968,1,0,1,0,0
N16976,1,0,1,0,0
N16992,1,0,1,0,0
N17000,1,0,1,0,0
N17034,1,0,1,0,0
N17197,1,0,1,0,0
N17224,1,0,1,0,0
N17238,1,0,1,0,0
N17248,1,0,1,0,0
N17249,1,0,1,0,0
N17254,1,0,1,0,0
N17260,1,0,1,0,0
N17266,1,0,1,0,0
N17272,1,0,1,0,0
N17273,1,0,1,0,0
N17279,1,0,1,0,0
N17285,1,0,1,0,0
N17290,1,0,1,0,0
N17291,1,0,1,0,0
N17314,1,0,1,0,0
N17321,1,0,1,0,0
N17327,1,0,1,0,0
N17333,1,0,1,0,0
N17339,1,0,1,0,0
N17344,1,0,1,0,0
N17355,1,0,1,0,0
N17362,1,0,1,0,0
N17363,1,0,1,0,0
N17368,1,0,1,0,0
N17374,1,0,1,0,0
N17375,1,0,1,0,0
N17380,1,0,1,0,0
N17381,1,0,1,0,0
N17386,1,0,1,0,0
N17387,1,0,1,0,0
N17392,1,0,1,0,0
N17393,1,0,1,0,0
N17398,1,0,1,0,0
N17404,1,0,1,0,0
N17405,1,0,1,0,0
N17410,1,0,1,0,0
N17411,1,0,1,0,0
N17416,1,0,1,0,0
N17417,1,0,1,0,0
N17422,1,0,1,0,0
N17423,1,0,1,0,0
N17428,1,0,1,0,0
N17429,1,0,1,0,0
N17434,1,0,1,0,0
N17435,1,0,1,0,0
N17441,1,0,1,0,0
N17446,1,0,1,0,0
N17451,1,0,1,0,0
N17452,1,0,1,0,0
N17458,1,0,1,0,0
N17465,1,0,1,0,0
N17471,1,0,1,0,0
N17477,1,0,1,0,0
N17483,1,0,1,0,0
N17488,1,0,1,0,0
N17489,1,0,1,0,0
N17500,1,0,1,0,0
N17505,1,0,1,0,0
N17506,1,0,1,0,0
N17512,1,0,1,0,0
N17513,1,0,1,0,0
N17518,1,0,1,0,0
N17524,1,0,1,0,0
N17525,1,0,1,0,0
N17530,1,0,1,0,0
N17531,1,0,1,0,0
N17537,1,0,1,0,0
N17542,1,0,1,0,0
N17549,1,0,1,0,0
N17555,1,0,1,0,0
N17560,1,0,1,0,0
N17561,1,0,1,0,0
N17566,1,0,1,0,0
N17567,1,0,1,0,0
N17573,1,0,1,0,0
N17579,1,0,1,0,0
N17584,1,0,1,0,0
N17596,1,0,1,0,0
N17597,1,0,1,0,0
N17601,1,0,1,0,0
N17608,1,0,1,0,0
N17614,1,0,1,0,0
N17615,1,0,1,0,0
N17620,1,0,1,0,0
N17621,1,0,1,0,0
N17626,1,0,1,0,0
N17632,1,0,1,0,0
N17633,1,0,1,0,0
N17638,1,0,1,0,0
N17643,1,0,1,0,0
N17644,1,0,1,0,0
N17649,1,0,1,0,0
N17650,1,0,1,0,0
N17656,1,0,1,0,0
N17657,1,0,1,0,0
N17662,1,0,1,0,0
N17663,1,0,1,0,0
N17668,1,0,1,0,0
N17669,1,0,1,0,0
N17674,1,0,1,0,0
N17675,1,0,1,0,0
N17680,1,0,1,0,0
N17681,1,0,1,0,0
N17686,1,0,1,0,0
N17692,1,0,1,0,0
N17693,1,0,1,0,0
N17697,1,0,1,0,0
N17698,1,0,1,0,0
N17699,1,0,1,0,0
N17704,1,0,1,0,0
N17705,1,0,1,0,0
N17710,1,0,1,0,0
N17711,1,0,1,0,0
N17716,1,0,1,0,0
N17717,1,0,1,0,0
N17722,1,0,1,0,0
N17723,1,0,1,0,0
N17728,1,0,1,0,0
N17729,1,0,1,0,0
N17734,1,0,1,0,0
N17740,1,0,1,0,0
N17741,1,0,1,0,0
N17745,1,0,1,0,0
N17746,1,0,1,0,0
N17752,1,0,1,0,0
N17753,1,0,1,0,0
N17758,1,0,1,0,0
N17759,1,0,1,0,0
N17764,1,0,1,0,0
N17765,1,0,1,0,0
N17770,1,0,1,0,0
N17771,1,0,1,0,0
N17776,1,0,1,0,0
N17777,1,0,1,0,0
N17782,1,0,1,0,0
N17787,1,0,1,0,0
N17788,1,0,1,0,0
N17794,1,0,1,0,0
N17795,1,0,1,0,0
N17800,1,0,1,0,0
N17801,1,0,1,0,0
N17806,1,0,1,0,0
N17807,1,0,1,0,0
N17812,1,0,1,0,0
N17813,1,0,1,0,0
N17818,1,0,1,0,0
N17819,1,0,1,0,0
N17824,1,0,1,0,0
N17825,1,0,1,0,0
N17831,1,0,1,0,0
N17835,1,0,1,0,0
N17836,1,0,1,0,0
N17841,1,0,1,0,0
N17842,1,0,1,0,0
N17848,1,0,1,0,0
N17849,1,0,1,0,0
N17854,1,0,1,0,0
N17855,1,0,1,0,0
N17860,1,0,1,0,0
N17861,1,0,1,0,0
N17866,1,0,1,0,0
N17867,1,0,1,0,0
N17872,1,0,1,0,0
N17873,1,0,1,0,0
N17878,1,0,1,0,0
N17883,1,0,1,0,0
N17884,1,0,1,0,0
N17889,1,0,1,0,0
N17890,1,0,1,0,0
N17896,1,0,1,0,0
N17897,1,0,1,0,0
N17902,1,0,1,0,0
N17903,1,0,1,0,0
N17908,1,0,1,0,0
N17909,1,0,1,0,0
N17914,1,0,1,0,0
N17915,1,0,1,0,0
N17920,1,0,1,0,0
N17921,1,0,1,0,0
N17926,1,0,1,0,0
N17931,1,0,1,0,0
N17932,1,0,1,0,0
N17938,1,0,1,0,0
N17939,1,0,1,0,0
N17944,1,0,1,0,0
N17945,1,0,1,0,0
N17950,1,0,1,0,0
N17951,1,0,1,0,0
N17956,1,0,1,0,0
N17957,1,0,1,0,0
N17962,1,0,1,0,0
N17963,1,0,1,0,0
N17969,1,0,1,0,0
N17970,1,0,1,0,0
N17976,1,0,1,0,0
N17982,1,0,1,0,0
N17983,1,0,1,0,0
N17989,1,0,1,0,0
N17990,1,0,1,0,0
N17997,1,0,1,0,0
N17998,1,0,1,0,0
N18004,1,0,1,0,0
N18005,1,0,1,0,0
N18011,1,0,1,0,0
N18012,1,0,1,0,0
N18018,1,0,1,0,0
N18019,1,0,1,0,0
N18062,1,0,1,0,0
N18164,1,0,1,0,0
N18220,1,0,1,0,0
N18323,1,0,1,0,0
N18326,1,0,1,0,0
N18341,1,0,1,0,0
N18359,1,0,1,0,0
N18383,1,0,1,0,0
N18386,1,0,1,0,0
N18430,1,0,1,0,0
N18439,1,0,1,0,0
N18453,1,0,1,0,0
N18454,1,0,1,0,0
N18456,1,0,1,0,0
N18457,1,0,1,0,0
N18466,1,0,1,0,0
N18469,1,0,1,0,0
N18480,1,0,1,0,0
N18481,1,0,1,0,0
N18483,1,0,1,0,0
N18484,1,0,1,0,0
N18493,1,0,1,0,0
N18496,1,0,1,0,0
N18497,1,0,1,0,0
N18501,1,0,1,0,0
N18502,1,0,1,0,0
N18507,1,0,1,0,0
N18510,1,0,1,0,0
N18511,1,0,1,0,0
N18515,1,0,1,0,0
N18520,1,0,1,0,0
N18523,1,0,1,0,0
N18524,1,0,1,0,0
N18528,1,0,1,0,0
N18529,1,0,1,0,0
N18534,1,0,1,0,0
N18535,1,0,1,0,0
N18537,1,0,1,0,0
N18538,1,0,1,0,0
N18542,1,0,1,0,0
N18547,1,0,1,0,0
N18550,1,0,1,0,0
N18551,1,0,1,0,0
N18555,1,0,1,0,0
N18556,1,0,1,0,0
N18561,1,0,1,0,0
N18564,1,0,1,0,0
N18565,1,0,1,0,0
N18569,1,0,1,0,0
N18574,1,0,1,0,0
N18577,1,0,1,0,0
N18578,1,0,1,0,0
N18582,1,0,1,0,0
N18583,1,0,1,0,0
N18588,1,0,1,0,0
N18591,1,0,1,0,0
N18592,1,0,1,0,0
N18596,1,0,1,0,0
N18602,1,0,1,0,0
N18605,1,0,1,0,0
N18606,1,0,1,0,0
N18610,1,0,1,0,0
N18611,1,0,1,0,0
N18616,1,0,1,0,0
N18619,1,0,1,0,0
N18624,1,0,1,0,0
N18629,1,0,1,0,0
N18632,1,0,1,0,0
N18633,1,0,1,0,0
N18637,1,0,1,0,0
N18638,1,0,1,0,0
N18643,1,0,1,0,0
N18646,1,0,1,0,0
N18647,1,0,1,0,0
N18651,1,0,1,0,0
N18656,1,0,1,0,0
N18657,1,0,1,0,0
N18659,1,0,1,0,0
N18660,1,0,1,0,0
N18664,1,0,1,0,0
N18665,1,0,1,0,0
N18670,1,0,1,0,0
N18673,1,0,1,0,0
N18678,1,0,1,0,0
N18683,1,0,1,0,0
N18686,1,0,1,0,0
N18692,1,0,1,0,0
N18697,1,0,1,0,0
N18700,1,0,1,0,0
N18701,1,0,1,0,0
N18709,1,0,1,0,0
N18712,1,0,1,0,0
N18715,1,0,1,0,0
N18716,1,0,1,0,0
N18720,1,0,1,0,0
N18724,1,0,1,0,0
N18727,1,0,1,0,0
N18730,1,0,1,0,0
N18731,1,0,1,0,0
N18735,1,0,1,0,0
N18739,1,0,1,0,0
N18742,1,0,1,0,0
N18745,1,0,1,0,0
N18746,1,0,1,0,0
N18751,1,0,1,0,0
N18757,1,0,1,0,0
N18759,1,0,1,0,0
N18845,1,0,1,0,0
N18872,1,0,1,0,0
N18885,1,0,1,0,0
N18897,1,0,1,0,0
N18898,1,0,1,0,0
N18904,1,0,1,0,0
N18910,1,0,1,0,0
N18911,1,0,1,0,0
N18917,1,0,1,0,0
N18923,1,0,1,0,0
N18924,1,0,1,0,0
N18930,1,0,1,0,0
N18936,1,0,1,0,0
N18942,1,0,1,0,0
N18948,1,0,1,0,0
N18954,1,0,1,0,0
N18960,1,0,1,0,0
N19269,1,0,1,0,0
N19335,1,0,1,0,0
N19351,1,0,1,0,0
N19360,1,0,1,0,0
N19367,1,0,1,0,0
N19375,1,0,1,0,0
N19400,1,0,1,0,0
N19437,1,0,1,0,0
N19489,1,0,1,0,0
N19491,1,0,1,0,0
N2070,1,0,1,0,0
N2071,1,0,1,0,0
N2072,1,0,1,0,0
N2073,1,0,1,0,0
N2075,1,0,1,0,0
N2076,1,0,1,0,0
N2077,1,0,1,0,0
N2078,1,0,1,0,0
N20867,1,0,1,0,0
N20869,1,0,1,0,0
N20870,1,0,1,0,0
N20935,1,0,1,0,0
N21147,1,0,1,0,0
N21217,1,0,1,0,0
N21294,1,0,1,0,0
N21295,1,0,1,0,0
N21296,1,0,1,0,0
N21314,1,0,1,0,0
N21315,1,0,1,0,0
N21330,1,0,1,0,0
N21331,1,0,1,0,0
N21346,1,0,1,0,0
N21617,1,0,1,0,0
N21620,1,0,1,0,0
N21622,1,0,1,0,0
N21638,1,0,1,0,0
N21648,1,0,1,0,0
N21650,1,0,1,0,0
N21656,1,0,1,0,0
N21680,1,0,1,0,0
N21685,1,0,1,0,0
N21709,1,0,1,0,0
N21719,1,0,1,0,0
N21727,1,0,1,0,0
N21730,1,0,1,0,0
N21733,1,0,1,0,0
N21736,1,0,1,0,0
N21746,1,0,1,0,0
N21755,1,0,1,0,0
N21756,1,0,1,0,0
N21757,1,0,1,0,0
N21759,1,0,1,0,0
N21764,1,0,1,0,0
N21772,1,0,1,0,0
N21780,1,0,1,0,0
N21782,1,0,1,0,0
N21790,1,0,1,0,0
N21792,1,0,1,0,0
N21796,1,0,1,0,0
N21800,1,0,1,0,0
N21805,1,0,1,0,0
N21808,1,0,1,0,0
N21814,1,0,1,0,0
N21815,1,0,1,0,0
N21817,1,0,1,0,0
N21818,1,0,1,0,0
N21820,1,0,1,0,0
N21824,1,0,1,0,0
N21828,1,0,1,0,0
N2183,1,0,1,0,0
N21834,1,0,1,0,0
N21836,1,0,1,0,0
N21842,1,0,1,0,0
N21843,1,0,1,0,0
N21844,1,0,1,0,0
N21849,1,0,1,0,0
N2185,1,0,1,0,0
N21852,1,0,1,0,0
N21854,1,0,1,0,0
N21857,1,0,1,0,0
N2186,1,0,1,0,0
N21863,1,0,1,0,0
N21864,1,0,1,0,0
N21871,1,0,1,0,0
N21872,1,0,1,0,0
N21874,1,0,1,0,0
N21880,1,0,1,0,0
N21884,1,0,1,0,0
N21886,1,0,1,0,0
N21888,1,0,1,0,0
N21889,1,0,1,0,0
N22039,1,0,1,0,0
N2204,1,0,1,0,0
N22043,1,0,1,0,0
N22046,1,0,1,0,0
N22049,1,0,1,0,0
N2205,1,0,1,0,0
N22052,1,0,1,0,0
N22055,1,0,1,0,0
N22058,1,0,1,0,0
N2206,1,0,1,0,0
N22061,1,0,1,0,0
N22064,1,0,1,0,0
N22067,1,0,1,0,0
N22070,1,0,1,0,0
N22075,1,0,1,0,0
N22078,1,0,1,0,0
N22081,1,0,1,0,0
N22084,1,0,1,0,0
N2209,1,0,1,0,0
N2210,1,0,1,0,0
N2211,1,0,1,0,0
N2214,1,0,1,0,0
N2215,1,0,1,0,0
N2217,1,0,1,0,0
N2218,1,0,1,0,0
N22186,1,0,1,0,0
N2219,1,0,1,0,0
N2220,1,0,1,0,0
N22207,1,0,1,0,0
N2221,1,0,1,0,0
N22210,1,0,1,0,0
N22213,1,0,1,0,0
N22216,1,0,1,0,0
N22217,1,0,1,0,0
N2222,1,0,1,0,0
N22220,1,0,1,0,0
N22223,1,0,1,0,0
N22224,1,0,1,0,0
N22228,1,0,1,0,0
N2223,1,0,1,0,0
N22235,1,0,1,0,0
N2226,1,0,1,0,0
N2227,1,0,1,0,0
N2242,1,0,1,0,0
N2243,1,0,1,0,0
N2244,1,0,1,0,0
N2246,1,0,1,0,0
N2247,1,0,1,0,0
N2248,1,0,1,0,0
N2250,1,0,1,0,0
N2251,1,0,1,0,0
N2252,1,0,1,0,0
N2255,1,0,1,0,0
N2256,1,0,1,0,0
N22580,1,0,1,0,0
N2259,1,0,1,0,0
N2260,1,0,1,0,0
N22616,1,0,1,0,0
N22619,1,0,1,0,0
N2263,1,0,1,0,0
N2264,1,0,1,0,0
N22646,1,0,1,0,0
N2267,1,0,1,0,0
N2268,1,0,1,0,0
N22687,1,0,1,0,0
N22694,1,0,1,0,0
N2271,1,0,1,0,0
N2272,1,0,1,0,0
N22748,1,0,1,0,0
N22756,1,0,1,0,0
N2285,1,0,0,0,1
N23061,1,0,1,0,0
N23098,1,0,1,0,0
N23168,1,0,1,0,0
N23171,1,0,1,0,0
N23173,1,0,1,0,0
N23174,1,0,1,0,0
N23175,1,0,1,0,0
N23176,1,0,1,0,0
N23180,1,0,1,0,0
N23192,1,0,1,0,0
N23208,1,0,1,0,0
N23209,1,0,1,0,0
N23210,1,0,1,0,0
N23211,1,0,1,0,0
N23273,1,0,1,0,0
N23274,1,0,1,0,0
N23282,1,0,1,0,0
N23294,1,0,1,0,0
N23296,1,0,1,0,0
N23354,1,0,1,0,0
N23362,1,0,1,0,0
N23376,1,0,1,0,0
N23378,1,0,1,0,0
N23379,1,0,1,0,0
N23380,1,0,1,0,0
N23384,1,0,1,0,0
N23403,1,0,1,0,0
N23511,1,0,1,0,0
N23579,1,0,1,0,0
N23759,1,0,1,0,0
N23792,1,0,1,0,0
N23799,1,0,1,0,0
N23867,1,0,1,0,0
N23880,1,0,1,0,0
N23883,1,0,1,0,0
N23892,1,0,1,0,0
N23901,1,0,1,0,0
N23907,1,0,1,0,0
N23910,1,0,1,0,0
N23958,1,0,1,0,0
N23974,1,0,1,0,0
N23977,1,0,1,0,0
N23978,1,0,1,0,0
N24616,1,0,1,0,0
N24617,1,0,1,0,0
N24842,1,0,1,0,0
N24843,1,0,1,0,0
N24844,1,0,1,0,0
N24845,1,0,1,0,0
N24846,1,0,1,0,0
N24847,1,0,1,0,0
N24848,1,0,1,0,0
N24849,1,0,1,0,0
N24850,1,0,1,0,0
N24851,1,0,1,0,0
N24852,1,0,1,0,0
N24853,1,0,1,0,0
N24854,1,0,1,0,0
N24855,1,0,1,0,0
N24856,1,0,1,0,0
N24857,1,0,1,0,0
N24859,1,0,1,0,0
N24879,1,0,1,0,0
N24881,1,0,1,0,0
N25114,1,0,1,0,0
N25167,1,0,1,0,0
N25169,1,0,1,0,0
N25187,1,0,1,0,0
N25189,1,0,1,0,0
N25191,1,0,1,0,0
N25193,1,0,1,0,0
N25195,1,0,1,0,0
N25197,1,0,1,0,0
N25199,1,0,1,0,0
N25201,1,0,1,0,0
N25203,1,0,1,0,0
N25205,1,0,1,0,0
N25213,1,0,1,0,0
N25217,1,0,1,0,0
N25219,1,0,1,0,0
N25221,1,0,1,0,0
N25223,1,0,1,0,0
N25225,1,0,1,0,0
N25227,1,0,1,0,0
N25229,1,0,1,0,0
N25231,1,0,1,0,0
N25233,1,0,1,0,0
N25280,1,0,1,0,0
N25281,1,0,1,0,0
N25282,1,0,1,0,0
N25284,1,0,1,0,0
N25286,1,0,1,0,0
N25287,1,0,1,0,0
N25289,1,0,1,0,0
N25290,1,0,1,0,0
N25291,1,0,1,0,0
N25292,1,0,1,0,0
N25293,1,0,1,0,0
N25294,1,0,1,0,0
N25295,1,0,1,0,0
N25296,1,0,1,0,0
N25297,1,0,1,0,0
N25298,1,0,1,0,0
N25299,1,0,1,0,0
N25300,1,0,1,0,0
N25301,1,0,1,0,0
N25302,1,0,1,0,0
N25303,1,0,1,0,0
N25304,1,0,1,0,0
N25305,1,0,1,0,0
N25320,1,0,1,0,0
N25331,1,0,1,0,0
N25337,1,0,1,0,0
N25340,1,0,1,0,0
N25343,1,0,1,0,0
N25404,1,0,1,0,0
N25570,1,0,1,0,0
N25577,1,0,1,0,0
N25598,1,0,1,0,0
N25602,1,0,1,0,0
N25607,1,0,1,0,0
N25608,1,0,1,0,0
N25611,1,0,1,0,0
N25612,1,0,1,0,0
N25615,1,0,1,0,0
N25617,1,0,1,0,0
N25618,1,0,1,0,0
N25620,1,0,1,0,0
N25621,1,0,1,0,0
N25623,1,0,1,0,0
N25624,1,0,1,0,0
N25625,1,0,1,0,0
N25627,1,0,1,0,0
N25629,1,0,1,0,0
N25631,1,0,1,0,0
N25634,1,0,1,0,0
N25641,1,0,1,0,0
N25646,1,0,1,0,0
N25649,1,0,1,0,0
N25650,1,0,1,0,0
N25653,1,0,1,0,0
N25654,1,0,1,0,0
N25655,1,0,1,0,0
N25657,1,0,1,0,0
N25658,1,0,1,0,0
N25661,1,0,1,0,0
N25662,1,0,1,0,0
N25664,1,0,1,0,0
N25669,1,0,1,0,0
N25671,1,0,1,0,0
N25674,1,0,1,0,0
N25676,1,0,1,0,0
N25677,1,0,1,0,0
N25680,1,0,1,0,0
N25683,1,0,1,0,0
N25686,1,0,1,0,0
N25688,1,0,1,0,0
N25694,1,0,1,0,0
N25696,1,0,1,0,0
N25697,1,0,1,0,0
N25699,1,0,1,0,0
N25700,1,0,1,0,0
N25702,1,0,1,0,0
N25703,1,0,1,0,0
N25704,1,0,1,0,0
N25705,1,0,1,0,0
N25706,1,0,1,0,0
N25707,1,0,1,0,0
N25708,1,0,1,0,0
N25709,1,0,1,0,0
N25710,1,0,1,0,0
N25711,1,0,1,0,0
N25712,1,0,1,0,0
N25713,1,0,1,0,0
N25715,1,0,1,0,0
N25717,1,0,1,0,0
N25718,1,0,1,0,0
N25726,1,0,1,0,0
N25727,1,0,1,0,0
N25728,1,0,1,0,0
N25729,1,0,1,0,0
N25730,1,0,1,0,0
N25731,1,0,1,0,0
N25732,1,0,1,0,0
N25733,1,0,1,0,0
N25734,1,0,1,0,0
N25735,1,0,1,0,0
N25736,1,0,1,0,0
N25737,1,0,1,0,0
N25738,1,0,1,0,0
N25739,1,0,1,0,0
N25740,1,0,1,0,0
N25741,1,0,1,0,0
N25745,1,0,1,0,0
N25746,1,0,1,0,0
N25747,1,0,1,0,0
N25749,1,0,1,0,0
N25750,1,0,1,0,0
N25846,1,0,1,0,0
N25847,1,0,1,0,0
N25849,1,0,1,0,0
N25850,1,0,1,0,0
N25852,1,0,1,0,0
N25853,1,0,1,0,0
N25863,1,0,1,0,0
N25864,1,0,1,0,0
N25866,1,0,1,0,0
N25870,1,0,1,0,0
N25871,1,0,1,0,0
N25873,1,0,1,0,0
N25874,1,0,1,0,0
N25875,1,0,1,0,0
N25877,1,0,1,0,0
N25879,1,0,1,0,0
N25889,1,0,1,0,0
N25915,1,0,1,0,0
N25916,1,0,1,0,0
N26023,1,0,1,0,0
N26027,1,0,1,0,0
N26041,1,0,1,0,0
N26043,1,0,1,0,0
N26045,1,0,1,0,0
N26047,1,0,1,0,0
N26049,1,0,1,0,0
N26051,1,0,1,0,0
N26054,1,0,1,0,0
N26056,1,0,1,0,0
N26074,1,0,1,0,0
N26076,1,0,1,0,0
N26078,1,0,1,0,0
N26080,1,0,1,0,0
N26156,1,0,1,0,0
N26162,1,0,1,0,0
N26163,1,0,1,0,0
N26166,1,0,1,0,0
N26167,1,0,1,0,0
N26168,1,0,1,0,0
N26169,1,0,1,0,0
N26170,1,0,1,0,0
N26174,1,0,1,0,0
N26175,1,0,1,0,0
N26176,1,0,1,0,0
N26184,1,0,1,0,0
N26185,1,0,1,0,0
N26186,1,0,1,0,0
N26187,1,0,1,0,0
N26190,1,0,1,0,0
N26199,1,0,1,0,0
N26207,1,0,1,0,0
N26212,1,0,1,0,0
N26213,1,0,1,0,0
N26214,1,0,1,0,0
N26215,1,0,1,0,0
N26216,1,0,1,0,0
N26217,1,0,1,0,0
N26218,1,0,1,0,0
N26219,1,0,1,0,0
N26220,1,0,1,0,0
N26221,1,0,1,0,0
N26222,1,0,1,0,0
N26230,1,0,1,0,0
N26231,1,0,1,0,0
N26232,1,0,1,0,0
N26234,1,0,1,0,0
N26237,1,0,1,0,0
N26238,1,0,1,0,0
N26239,1,0,1,0,0
N26240,1,0,1,0,0
N26242,1,0,1,0,0
N26245,1,0,1,0,0
N26246,1,0,1,0,0
N26247,1,0,1,0,0
N26248,1,0,1,0,0
N26250,1,0,1,0,0
N26251,1,0,1,0,0
N26252,1,0,1,0,0
N26253,1,0,1,0,0
N26264,1,0,1,0,0
N26265,1,0,1,0,0
N26266,1,0,1,0,0
N26267,1,0,1,0,0
N26268,1,0,1,0,0
N26271,1,0,1,0,0
N26274,1,0,1,0,0
N26275,1,0,1,0,0
N26276,1,0,1,0,0
N26281,1,0,1,0,0
N26282,1,0,1,0,0
N26283,1,0,1,0,0
N26284,1,0,1,0,0
N26285,1,0,1,0,0
N26287,1,0,1,0,0
N26291,1,0,1,0,0
N26293,1,0,1,0,0
N26294,1,0,1,0,0
N26297,1,0,1,0,0
N26298,1,0,1,0,0
N26299,1,0,1,0,0
N26300,1,0,1,0,0
N26304,1,0,1,0,0
N26305,1,0,1,0,0
N26306,1,0,1,0,0
N26310,1,0,1,0,0
N26312,1,0,1,0,0
N26313,1,0,1,0,0
N26314,1,0,1,0,0
N26315,1,0,1,0,0
N26316,1,0,1,0,0
N26318,1,0,1,0,0
N26322,1,0,1,0,0
N26323,1,0,1,0,0
N26325,1,0,1,0,0
N26326,1,0,1,0,0
N26327,1,0,1,0,0
N26328,1,0,1,0,0
N26334,1,0,1,0,0
N26335,1,0,1,0,0
N26336,1,0,1,0,0
N26337,1,0,1,0,0
N26341,1,0,1,0,0
N26342,1,0,1,0,0
N26343,1,0,1,0,0
N26352,1,0,1,0,0
N26353,1,0,1,0,0
N26354,1,0,1,0,0
N26355,1,0,1,0,0
N26360,1,0,1,0,0
N26361,1,0,1,0,0
N26362,1,0,1,0,0
N26363,1,0,1,0,0
N26364,1,0,1,0,0
N26365,1,0,1,0,0
N26366,1,0,1,0,0
N26372,1,0,1,0,0
N26373,1,0,1,0,0
N26374,1,0,1,0,0
N26379,1,0,1,0,0
N26380,1,0,1,0,0
N26381,1,0,1,0,0
N26382,1,0,1,0,0
N26388,1,0,1,0,0
N26389,1,0,1,0,0
N26390,1,0,1,0,0
N26391,1,0,1,0,0
N26392,1,0,1,0,0
N26396,1,0,1,0,0
N26397,1,0,1,0,0
N26400,1,0,1,0,0
N26403,1,0,1,0,0
N26404,1,0,1,0,0
N26405,1,0,1,0,0
N26406,1,0,1,0,0
N26407,1,0,1,0,0
N26408,1,0,1,0,0
N26409,1,0,1,0,0
N26426,1,0,1,0,0
N26428,1,0,1,0,0
N26430,1,0,1,0,0
N26432,1,0,1,0,0
N26434,1,0,1,0,0
N26436,1,0,1,0,0
N26438,1,0,1,0,0
N26440,1,0,1,0,0
N26442,1,0,1,0,0
N26444,1,0,1,0,0
N26446,1,0,1,0,0
N26549,1,0,1,0,0
N26551,1,0,1,0,0
N26553,1,0,1,0,0
N26555,1,0,1,0,0
N26557,1,0,1,0,0
N26559,1,0,1,0,0
N26561,1,0,1,0,0
N26613,1,0,1,0,0
N26614,1,0,1,0,0
N26616,1,0,1,0,0
N26618,1,0,1,0,0
N26620,1,0,1,0,0
N26622,1,0,1,0,0
N26657,1,0,1,0,0
N26672,1,0,1,0,0
N26674,1,0,1,0,0
N26684,1,0,1,0,0
N26685,1,0,1,0,0
N26696,1,0,1,0,0
N26717,1,0,1,0,0
N26722,1,0,1,0,0
N26785,1,0,1,0,0
N26786,1,0,1,0,0
N26789,1,0,1,0,0
N26790,1,0,1,0,0
N26793,1,0,1,0,0
N26794,1,0,1,0,0
N26795,1,0,1,0,0
N26798,1,0,1,0,0
N26847,1,0,1,0,0
N26848,1,0,1,0,0
N27008,1,0,1,0,0
N27009,1,0,1,0,0
N27010,1,0,1,0,0
N27011,1,0,1,0,0
N27012,1,0,1,0,0
N27013,1,0,1,0,0
N27015,1,0,1,0,0
N27016,1,0,1,0,0
N27017,1,0,1,0,0
N27018,1,0,1,0,0
N27022,1,0,1,0,0
N27035,1,0,1,0,0
N27037,1,0,1,0,0
N27039,1,0,1,0,0
N27041,1,0,1,0,0
N27043,1,0,1,0,0
N27045,1,0,1,0,0
N27068,1,0,1,0,0
N27101,1,0,1,0,0
N27120,1,0,1,0,0
N27123,1,0,1,0,0
N27124,1,0,1,0,0
N27127,1,0,1,0,0
N27130,1,0,1,0,0
N27133,1,0,1,0,0
N27136,1,0,1,0,0
N27139,1,0,1,0,0
N27142,1,0,1,0,0
N27145,1,0,1,0,0
N27148,1,0,1,0,0
N27151,1,0,1,0,0
N27154,1,0,1,0,0
N27157,1,0,1,0,0
N27160,1,0,1,0,0
N27161,1,0,1,0,0
N27164,1,0,1,0,0
N27167,1,0,1,0,0
N27168,1,0,1,0,0
N27171,1,0,1,0,0
N27174,1,0,1,0,0
N27175,1,0,1,0,0
N27178,1,0,1,0,0
N27181,1,0,1,0,0
N27182,1,0,1,0,0
N27185,1,0,1,0,0
N27193,1,0,1,0,0
N27199,1,0,1,0,0
N27202,1,0,1,0,0
N27205,1,0,1,0,0
N27208,1,0,1,0,0
N27223,1,0,1,0,0
N27226,1,0,1,0,0
N27229,1,0,1,0,0
N27232,1,0,1,0,0
N27235,1,0,1,0,0
N27238,1,0,1,0,0
N27241,1,0,1,0,0
N27244,1,0,1,0,0
N27247,1,0,1,0,0
N27250,1,0,1,0,0
N27253,1,0,1,0,0
N27287,1,0,1,0,0
N27289,1,0,1,0,0
N27293,1,0,1,0,0
N27347,1,0,1,0,0
N27369,1,0,1,0,0
N27379,1,0,1,0,0
N27381,1,0,1,0,0
N27383,1,0,1,0,0
N27385,1,0,1,0,0
N27387,1,0,1,0,0
N27389,1,0,1,0,0
N27391,1,0,1,0,0
N27393,1,0,1,0,0
N27397,1,0,1,0,0
N27399,1,0,1,0,0
N27401,1,0,1,0,0
N27403,1,0,1,0,0
N27405,1,0,1,0,0
N27407,1,0,1,0,0
N27409,1,0,1,0,0
N27411,1,0,1,0,0
N27413,1,0,1,0,0
N27415,1,0,1,0,0
N27417,1,0,1,0,0
N27419,1,0,1,0,0
N27421,1,0,1,0,0
N27423,1,0,1,0,0
N27443,1,0,1,0,0
N27460,1,0,1,0,0
N27462,1,0,1,0,0
N27464,1,0,1,0,0
N27467,1,0,1,0,0
N27468,1,0,1,0,0
N27471,1,0,1,0,0
N27473,1,0,1,0,0
N27475,1,0,1,0,0
N27478,1,0,1,0,0
N27541,1,0,1,0,0
N27605,1,0,1,0,0
N27611,1,0,1,0,0
N27615,1,0,1,0,0
N27619,1,0,1,0,0
N27621,1,0,1,0,0
N27623,1,0,1,0,0
N27625,1,0,1,0,0
N27627,1,0,1,0,0
N27629,1,0,1,0,0
N27631,1,0,1,0,0
N27633,1,0,1,0,0
N27635,1,0,1,0,0
N27637,1,0,1,0,0
N27639,1,0,1,0,0
N27641,1,0,1,0,0
N27643,1,0,1,0,0
N27645,1,0,1,0,0
N27647,1,0,1,0,0
N27649,1,0,1,0,0
N27651,1,0,1,0,0
N27653,1,0,1,0,0
N27655,1,0,1,0,0
N27657,1,0,1,0,0
N27663,1,0,1,0,0
N27665,1,0,1,0,0
N27675,1,0,1,0,0
N27679,1,0,1,0,0
N27687,1,0,1,0,0
N27705,1,0,1,0,0
N27708,1,0,1,0,0
N27714,1,0,1,0,0
N27722,1,0,1,0,0
N27727,1,0,1,0,0
N27733,1,0,1,0,0
N27737,1,0,1,0,0
N27741,1,0,1,0,0
N27743,1,0,1,0,0
N27745,1,0,1,0,0
N27747,1,0,1,0,0
N27749,1,0,1,0,0
N27751,1,0,1,0,0
N27753,1,0,1,0,0
N27755,1,0,1,0,0
N27757,1,0,1,0,0
N27759,1,0,1,0,0
N27761,1,0,1,0,0
N27763,1,0,1,0,0
N27765,1,0,1,0,0
N27767,1,0,1,0,0
N27769,1,0,1,0,0
N27771,1,0,1,0,0
N27773,1,0,1,0,0
N27775,1,0,1,0,0
N27777,1,0,1,0,0
N27779,1,0,1,0,0
N27781,1,0,1,0,0
N27785,1,0,1,0,0
N27791,1,0,1,0,0
N27795,1,0,1,0,0
N27799,1,0,1,0,0
N27801,1,0,1,0,0
N27803,1,0,1,0,0
N27805,1,0,1,0,0
N27807,1,0,1,0,0
N27809,1,0,1,0,0
N27811,1,0,1,0,0
N27813,1,0,1,0,0
N27815,1,0,1,0,0
N27817,1,0,1,0,0
N27821,1,0,1,0,0
N27823,1,0,1,0,0
N27825,1,0,1,0,0
N27828,1,0,1,0,0
N27830,1,0,1,0,0
N27831,1,0,1,0,0
N27832,1,0,1,0,0
N27833,1,0,1,0,0
N27834,1,0,1,0,0
N27835,1,0,1,0,0
N27836,1,0,1,0,0
N27837,1,0,1,0,0
N3607,1,0,1,0,0
N3644,1,0,1,0,0
N3701,1,0,1,0,0
N3722,1,0,1,0,0
N3743,1,0,1,0,0
N3757,1,0,1,0,0
N3771,1,0,1,0,0
N3778,1,0,1,0,0
N3785,1,0,1,0,0
N3792,1,0,1,0,0
N3799,1,0,1,0,0
N3806,1,0,1,0,0
N3813,1,0,1,0,0
N3820,1,0,1,0,0
N3827,1,0,1,0,0
N3834,1,0,1,0,0
N3848,1,0,1,0,0
N3855,1,0,1,0,0
N3862,1,0,1,0,0
N3875,1,0,1,0,0
N3883,1,0,1,0,0
N3890,1,0,1,0,0
N3896,1,0,1,0,0
N3897,1,0,1,0,0
N3904,1,0,1,0,0
N3911,1,0,1,0,0
N4520,1,0,1,0,0
N4558,1,0,1,0,0
N4564,1,0,1,0,0
N4578,1,0,1,0,0
N4586,1,0,1,0,0
N4593,1,0,1,0,0
N4634,1,0,1,0,0
N4635,1,0,1,0,0
N4648,1,0,1,0,0
N4655,1,0,1,0,0
N4656,1,0,1,0,0
N4662,1,0,1,0,0
N4669,1,0,1,0,0
N4670,1,0,1,0,0
N4676,1,0,1,0,0
N4690,1,0,1,0,0
N4697,1,0,1,0,0
N4704,1,0,1,0,0
N4705,1,0,1,0,0
N4711,1,0,1,0,0
N4712,1,0,1,0,0
N4715,1,0,1,0,0
N4716,1,0,1,0,0
N4879,1,0,1,0,0
N4883,1,0,1,0,0
N4895,1,0,1,0,0
N4920,1,0,1,0,0
N4940,1,0,1,0,0
N4944,1,0,1,0,0
N4979,1,0,1,0,0
N5047,1,0,1,0,0
N5048,1,0,1,0,0
N507,1,1,0,0,0
N5117,1,0,1,0,0
N5186,1,0,1,0,0
N5187,1,0,1,0,0
N5188,1,0,1,0,0
N5189,1,0,1,0,0
N5190,1,0,1,0,0
N5191,1,0,1,0,0
N5192,1,0,1,0,0
N5194,1,0,1,0,0
N5195,1,0,1,0,0
N5196,1,0,1,0,0
N5197,1,0,1,0,0
N5198,1,0,1,0,0
N5199,1,0,1,0,0
N5200,1,0,1,0,0
N5201,1,0,1,0,0
N5235,1,0,1,0,0
N5237,1,0,1,0,0
N5239,1,0,1,0,0
N5240,1,0,1,0,0
N5241,1,0,1,0,0
N5242,1,0,1,0,0
N5243,1,0,1,0,0
N5244,1,0,1,0,0
N5245,1,0,1,0,0
N5246,1,0,1,0,0
N5247,1,0,1,0,0
N5248,1,0,1,0,0
N5249,1,0,1,0,0
N5250,1,0,1,0,0
N5252,1,0,1,0,0
N5254,1,0,1,0,0
N5255,1,0,1,0,0
N5256,1,0,1,0,0
N5257,1,0,1,0,0
N5259,1,0,1,0,0
N5260,1,0,1,0,0
N5261,1,0,1,0,0
N5262,1,0,1,0,0
N5263,1,0,1,0,0
N5264,1,0,1,0,0
N5265,1,0,1,0,0
N5266,1,0,1,0,0
N5267,1,0,1,0,0
N5269,1,0,1,0,0
N5270,1,0,1,0,0
N5271,1,0,1,0,0
N5272,1,0,1,0,0
N5273,1,0,1,0,0
N5275,1,0,1,0,0
N5276,1,0,1,0,0
N5277,1,0,1,0,0
N5278,1,0,1,0,0
N5279,1,0,1,0,0
N5280,1,0,1,0,0
N5281,1,0,1,0,0
N5282,1,0,1,0,0
N5284,1,0,1,0,0
N5286,1,0,1,0,0
N5287,1,0,1,0,0
N5288,1,0,1,0,0
N5289,1,0,1,0,0
N5290,1,0,1,0,0
N5291,1,0,1,0,0
N5292,1,0,1,0,0
N5293,1,0,1,0,0
N5294,1,0,1,0,0
N5295,1,0,1,0,0
N5296,1,0,1,0,0
N5297,1,0,1,0,0
N5298,1,0,1,0,0
N5299,1,0,1,0,0
N5301,1,0,1,0,0
N5302,1,0,1,0,0
N5303,1,0,1,0,0
N5304,1,0,1,0,0
N5305,1,0,1,0,0
N5306,1,0,1,0,0
N5307,1,0,1,0,0
N5308,1,0,1,0,0
N5309,1,0,1,0,0
N5310,1,0,1,0,0
N5311,1,0,1,0,0
N5312,1,0,1,0,0
N5313,1,0,1,0,0
N5314,1,0,1,0,0
N5315,1,0,1,0,0
N5316,1,0,1,0,0
N5318,1,0,1,0,0
N5320,1,0,1,0,0
N5321,1,0,1,0,0
N5322,1,0,1,0,0
N5323,1,0,1,0,0
N5324,1,0,1,0,0
N5326,1,0,1,0,0
N5327,1,0,1,0,0
N5328,1,0,1,0,0
N5329,1,0,1,0,0
N5330,1,0,1,0,0
N5331,1,0,1,0,0
N5332,1,0,1,0,0
N5333,1,0,1,0,0
N5339,1,0,1,0,0
N5341,1,0,1,0,0
N5343,1,0,1,0,0
N5344,1,0,1,0,0
N5345,1,0,1,0,0
N5346,1,0,1,0,0
N5347,1,0,1,0,0
N5348,1,0,1,0,0
N5349,1,0,1,0,0
N5350,1,0,1,0,0
N5351,1,0,1,0,0
N5352,1,0,1,0,0
N5353,1,0,1,0,0
N5354,1,0,1,0,0
N5355,1,0,1,0,0
N5358,1,0,1,0,0
N5359,1,0,1,0,0
N5360,1,0,1,0,0
N5361,1,0,1,0,0
N5362,1,0,1,0,0
N5363,1,0,1,0,0
N5364,1,0,1,0,0
N5365,1,0,1,0,0
N5366,1,0,1,0,0
N5367,1,0,1,0,0
N5368,1,0,1,0,0
N5369,1,0,1,0,0
N5370,1,0,1,0,0
N5371,1,0,1,0,0
N5372,1,0,1,0,0
N5375,1,0,1,0,0
N5376,1,0,1,0,0
N5377,1,0,1,0,0
N5378,1,0,1,0,0
N5379,1,0,1,0,0
N5380,1,0,1,0,0
N5381,1,0,1,0,0
N5382,1,0,1,0,0
N5383,1,0,1,0,0
N5384,1,0,1,0,0
N5385,1,0,1,0,0
N5386,1,0,1,0,0
N5387,1,0,1,0,0
N5388,1,0,1,0,0
N5389,1,0,1,0,0
N5392,1,0,1,0,0
N5394,1,0,1,0,0
N5395,1,0,1,0,0
N5397,1,0,1,0,0
N5398,1,0,1,0,0
N5399,1,0,1,0,0
N5400,1,0,1,0,0
N5401,1,0,1,0,0
N5402,1,0,1,0,0
N5403,1,0,1,0,0
N5404,1,0,1,0,0
N5405,1,0,1,0,0
N5407,1,0,1,0,0
N5409,1,0,1,0,0
N5410,1,0,1,0,0
N5411,1,0,1,0,0
N5413,1,0,1,0,0
N5414,1,0,1,0,0
N5415,1,0,1,0,0
N5416,1,0,1,0,0
N5417,1,0,1,0,0
N5418,1,0,1,0,0
N5419,1,0,1,0,0
N5420,1,0,1,0,0
N5421,1,0,1,0,0
N5424,1,0,1,0,0
N5425,1,0,1,0,0
N5426,1,0,1,0,0
N5427,1,0,1,0,0
N5430,1,0,1,0,0
N5431,1,0,1,0,0
N5432,1,0,1,0,0
N5433,1,0,1,0,0
N5434,1,0,1,0,0
N5435,1,0,1,0,0
N5436,1,0,1,0,0
N5437,1,0,1,0,0
N5438,1,0,1,0,0
N5441,1,0,1,0,0
N5443,1,0,1,0,0
N5444,1,0,1,0,0
N5447,1,0,1,0,0
N5448,1,0,1,0,0
N5449,1,0,1,0,0
N5450,1,0,1,0,0
N5451,1,0,1,0,0
N5452,1,0,1,0,0
N5453,1,0,1,0,0
N5454,1,0,1,0,0
N5455,1,0,1,0,0
N5456,1,0,1,0,0
N5458,1,0,1,0,0
N5460,1,0,1,0,0
N5461,1,0,1,0,0
N5464,1,0,1,0,0
N5465,1,0,1,0,0
N5466,1,0,1,0,0
N5467,1,0,1,0,0
N5468,1,0,1,0,0
N5469,1,0,1,0,0
N5470,1,0,1,0,0
N5471,1,0,1,0,0
N5472,1,0,1,0,0
N5478,1,0,1,0,0
N5495,1,0,1,0,0
N5581,1,0,1,0,0
N5584,1,0,1,0,0
N5586,1,0,1,0,0
N5603,1,0,1,0,0
N5717,1,0,1,0,0
N5723,1,0,1,0,0
N5737,1,0,1,0,0
N5739,1,0,1,0,0
N5867,1,0,1,0,0
N5869,1,0,1,0,0
N5870,1,0,1,0,0
N5873,1,0,1,0,0
N5877,1,0,1,0,0
N5879,1,0,1,0,0
N5896,1,0,1,0,0
N5898,1,0,1,0,0
N5900,1,0,1,0,0
N5902,1,0,1,0,0
N5913,1,0,1,0,0
N5914,1,0,1,0,0
N5930,1,0,1,0,0
N5933,1,0,1,0,0
N5934,1,0,1,0,0
N5935,1,0,1,0,0
N5936,1,0,1,0,0
N5937,1,0,1,0,0
N5938,1,0,1,0,0
N5939,1,0,1,0,0
N5940,1,0,1,0,0
N5941,1,0,1,0,0
N5942,1,0,1,0,0
N5943,1,0,1,0,0
N5944,1,0,1,0,0
N5945,1,0,1,0,0
N5946,1,0,1,0,0
N5947,1,0,1,0,0
N5948,1,0,1,0,0
N5949,1,0,1,0,0
N5950,1,0,1,0,0
N5951,1,0,1,0,0
N5952,1,0,1,0,0
N5953,1,0,1,0,0
N5954,1,0,1,0,0
N5955,1,0,1,0,0
N5956,1,0,1,0,0
N5957,1,0,1,0,0
N5958,1,0,1,0,0
N5959,1,0,1,0,0
N5960,1,0,1,0,0
N5997,1,0,1,0,0
N5998,1,0,1,0,0
N5999,1,0,1,0,0
N6000,1,0,1,0,0
N6001,1,0,1,0,0
N6002,1,0,1,0,0
N6003,1,0,1,0,0
N6008,1,0,1,0,0
N6009,1,0,1,0,0
N6011,1,0,1,0,0
N6012,1,0,1,0,0
N6013,1,0,1,0,0
N6014,1,0,1,0,0
N6015,1,0,1,0,0
N6016,1,0,1,0,0
N6017,1,0,1,0,0
N6018,1,0,1,0,0
N6024,1,1,0,0,0
N6025,1,1,0,0,0
N6026,1,1,0,0,0
N6027,1,1,0,0,0
N6029,1,1,0,0,0
N6031,1,1,0,0,0
N6032,1,1,0,0,0
N6033,1,1,0,0,0
N6034,1,1,0,0,0
N6038,1,1,0,0,0
N6066,1,0,1,0,0
N6068,1,0,1,0,0
N6071,1,0,1,0,0
N6074,1,0,1,0,0
N6075,1,0,1,0,0
N6078,1,0,1,0,0
N6079,1,0,1,0,0
N6082,1,0,1,0,0
N6083,1,0,1,0,0
N6086,1,0,1,0,0
N6087,1,0,1,0,0
N6090,1,0,1,0,0
N6093,1,0,1,0,0
N6096,1,0,1,0,0
N6097,1,0,1,0,0
N6100,1,0,1,0,0
N6101,1,0,1,0,0
N6104,1,0,1,0,0
N6105,1,0,1,0,0
N6117,1,0,1,0,0
N6118,1,0,1,0,0
N6119,1,0,1,0,0
N6120,1,0,1,0,0
N6121,1,0,1,0,0
N6122,1,0,1,0,0
N6123,1,0,1,0,0
N6145,1,1,0,0,0
N6146,1,1,0,0,0
N6147,1,1,0,0,0
N6156,1,0,1,0,0
N6157,1,0,1,0,0
N6158,1,0,1,0,0
N6162,1,0,1,0,0
N6165,1,0,1,0,0
N6168,1,0,1,0,0
N6169,1,0,1,0,0
N6327,1,0,1,0,0
N6361,1,0,1,0,0
N6362,1,0,1,0,0
N6364,1,0,1,0,0
N6365,1,0,1,0,0
N6367,1,0,1,0,0
N6368,1,0,1,0,0
N6401,1,0,1,0,0
N6403,1,0,1,0,0
N6404,1,0,1,0,0
N6430,1,0,1,0,0
N6431,1,0,1,0,0
N6433,1,0,1,0,0
N6434,1,0,1,0,0
N6435,1,0,1,0,0
N6436,1,0,1,0,0
N6437,1,0,1,0,0
N6438,1,0,1,0,0
N6439,1,0,1,0,0
N6444,1,0,1,0,0
N6445,1,0,1,0,0
N6451,1,0,1,0,0
N6455,1,0,1,0,0
N6531,1,0,1,0,0
N6532,1,0,1,0,0
N6533,1,0,1,0,0
N6534,1,0,1,0,0
N6535,1,0,1,0,0
N6538,1,0,1,0,0
N6557,1,0,1,0,0
N6575,1,0,1,0,0
N6577,1,0,1,0,0
N6579,1,0,1,0,0
N6581,1,1,0,0,0
N6599,1,1,0,0,0
N6607,1,1,0,0,0
N6652,1,0,1,0,0
N6656,1,0,1,0,0
N6658,1,0,1,0,0
N6660,1,0,1,0,0
N6661,1,0,1,0,0
N6663,1,0,1,0,0
N6666,1,0,1,0,0
N6667,1,0,1,0,0
N6668,1,0,1,0,0
N6669,1,1,0,0,0
N6672,1,0,1,0,0
N6673,1,0,1,0,0
N6674,1,0,1,0,0
N6675,1,0,1,0,0
N6677,1,0,1,0,0
N6678,1,0,1,0,0
N6681,1,0,1,0,0
N6682,1,0,1,0,0
N6685,1,0,1,0,0
N6753,1,0,1,0,0
N6756,1,0,1,0,0
N6759,1,0,1,0,0
N6771,1,0,1,0,0
N6772,1,0,1,0,0
N6773,1,0,1,0,0
N6775,1,0,1,0,0
N6777,1,0,1,0,0
N6826,1,0,1,0,0
N6828,1,0,1,0,0
N6831,1,0,1,0,0
N6833,1,0,1,0,0
N6855,1,0,1,0,0
N6928,1,0,1,0,0
N6931,1,0,1,0,0
N6936,1,0,1,0,0
N6937,1,0,1,0,0
N6940,1,0,1,0,0
N6945,1,0,1,0,0
N6946,1,0,1,0,0
N6949,1,0,1,0,0
N6951,1,0,1,0,0
N6952,1,0,1,0,0
N6958,1,0,1,0,0
N6960,1,0,1,0,0
N6974,1,0,1,0,0
N6975,1,0,1,0,0
N6982,1,0,1,0,0
N6983,1,0,1,0,0
N6985,1,0,1,0,0
N6986,1,0,1,0,0
N6992,1,0,1,0,0
N6995,1,0,1,0,0
N6996,1,0,1,0,0
N6998,1,0,1,0,0
N7009,1,0,1,0,0
N7010,1,0,1,0,0
N7014,1,0,1,0,0
N7015,1,0,1,0,0
N7031,1,0,1,0,0
N7032,1,0,1,0,0
N7039,1,0,1,0,0
N7040,1,0,1,0,0
N7042,1,0,1,0,0
N7043,1,0,1,0,0
N7044,1,1,0,0,0
N7047,1,0,1,0,0
N7052,1,0,1,0,0
N7055,1,0,1,0,0
N7056,1,0,1,0,0
N7058,1,0,1,0,0
N7059,1,0,1,0,0
N7060,1,0,1,0,0
N7093,1,0,1,0,0
N7096,1,0,1,0,0
N7099,1,0,1,0,0
N7102,1,0,1,0,0
N7105,1,0,1,0,0
N7108,1,0,1,0,0
N7111,1,0,1,0,0
N7114,1,0,1,0,0
N7117,1,0,1,0,0
N7120,1,0,1,0,0
N7123,1,0,1,0,0
N7126,1,0,1,0,0
N7129,1,0,1,0,0
N7132,1,0,1,0,0
N716,1,1,0,0,0
N717,1,1,0,0,0
N718,1,1,0,0,0
N719,1,1,0,0,0
N720,1,1,0,0,0
N7200,1,0,1,0,0
N7201,1,0,1,0,0
N7202,1,0,1,0,0
N7203,1,0,1,0,0
N7204,1,0,1,0,0
N7205,1,0,1,0,0
N7206,1,0,1,0,0
N7207,1,0,1,0,0
N7208,1,0,1,0,0
N7209,1,0,1,0,0
N7210,1,0,1,0,0
N7211,1,0,1,0,0
N7212,1,0,1,0,0
N7213,1,0,1,0,0
N7214,1,0,1,0,0
N7215,1,0,1,0,0
N7216,1,0,1,0,0
N7217,1,0,1,0,0
N7218,1,0,1,0,0
N7219,1,0,1,0,0
N722,1,1,0,0,0
N7220,1,0,1,0,0
N7221,1,0,1,0,0
N7222,1,0,1,0,0
N7223,1,0,1,0,0
N7224,1,0,1,0,0
N7225,1,0,1,0,0
N7226,1,0,1,0,0
N723,1,1,0,0,0
N725,1,1,0,0,0
N7264,1,0,1,0,0
N7265,1,0,1,0,0
N7266,1,0,1,0,0
N727,1,1,0,0,0
N7271,1,0,1,0,0
N7272,1,0,1,0,0
N7273,1,0,1,0,0
N7274,1,0,1,0,0
N7275,1,0,1,0,0
N7276,1,0,1,0,0
N7277,1,0,1,0,0
N7278,1,0,1,0,0
N7294,1,1,0,0,0
N7296,1,1,0,0,0
N7298,1,1,0,0,0
N730,1,1,0,0,0
N7300,1,1,0,0,0
N7302,1,1,0,0,0
N7304,1,1,0,0,0
N7305,1,1,0,0,0
N7306,1,1,0,0,0
N7307,1,1,0,0,0
N7308,1,1,0,0,0
N732,1,1,0,0,0
N7325,1,0,1,0,0
N7327,1,0,1,0,0
N7331,1,0,1,0,0
N7333,1,0,1,0,0
N7335,1,0,1,0,0
N7337,1,0,1,0,0
N7339,1,0,1,0,0
N734,1,1,0,0,0
N7341,1,0,1,0,0
N7343,1,0,1,0,0
N7345,1,0,1,0,0
N7347,1,0,1,0,0
N7349,1,0,1,0,0
N7351,1,0,1,0,0
N7353,1,0,1,0,0
N7355,1,0,1,0,0
N7357,1,0,1,0,0
N7359,1,0,1,0,0
N7363,1,0,1,0,0
N7370,1,1,0,0,0
N7377,1,0,1,0,0
N7378,1,0,1,0,0
N7379,1,0,1,0,0
N7380,1,0,1,0,0
N7381,1,0,1,0,0
N7382,1,0,1,0,0
N7383,1,0,1,0,0
N7384,1,0,1,0,0
N7385,1,0,1,0,0
N7386,1,0,1,0,0
N7387,1,0,1,0,0
N7388,1,0,1,0,0
N7401,1,1,0,0,0
N7402,1,1,0,0,0
N7404,1,0,1,0,0
N7405,1,0,1,0,0
N7408,1,0,1,0,0
N7409,1,0,1,0,0
N7411,1,1,0,0,0
N7412,1,1,0,0,0
N7413,1,1,0,0,0
N7414,1,1,0,0,0
N7421,1,1,0,0,0
N7428,1,0,1,0,0
N7433,1,0,1,0,0
N7437,1,0,1,0,0
N7438,1,0,1,0,0
N7441,1,0,1,0,0
N7442,1,0,1,0,0
N7445,1,0,1,0,0
N7446,1,0,1,0,0
N7447,1,0,1,0,0
N7471,1,0,1,0,0
N7473,1,0,1,0,0
N7510,1,0,1,0,0
N7511,1,1,0,0,0
N7512,1,0,1,0,0
N7516,1,0,1,0,0
N752,1,1,0,0,0
N753,1,1,0,0,0
N754,1,1,0,0,0
N7541,1,0,1,0,0
N7542,1,0,1,0,0
N755,1,1,0,0,0
N756,1,1,0,0,0
N757,1,1,0,0,0
N758,1,1,0,0,0
N7588,1,1,0,0,0
N7589,1,1,0,0,0
N759,1,1,0,0,0
N7590,1,1,0,0,0
N7594,1,1,0,0,0
N760,1,1,0,0,0
N761,1,1,0,0,0
N7614,1,0,1,0,0
N762,1,1,0,0,0
N7627,1,0,1,0,0
N763,1,1,0,0,0
N764,1,1,0,0,0
N765,1,1,0,0,0
N766,1,1,0,0,0
N7716,1,0,1,0,0
N7722,1,0,1,0,0
N7723,1,0,1,0,0
N7724,1,0,1,0,0
N7725,1,0,1,0,0
N7726,1,0,1,0,0
N7727,1,0,1,0,0
N7728,1,0,1,0,0
N7729,1,0,1,0,0
N7730,1,0,1,0,0
N7731,1,0,1,0,0
N7732,1,0,1,0,0
N7733,1,0,1,0,0
N7734,1,0,1,0,0
N7735,1,0,1,0,0
N7736,1,0,1,0,0
N7803,1,0,1,0,0
N7804,1,0,1,0,0
N7805,1,0,1,0,0
N7806,1,0,1,0,0
N7807,1,0,1,0,0
N7820,1,0,1,0,0
N7832,1,0,1,0,0
N7833,1,0,1,0,0
N7834,1,0,1,0,0
N7835,1,0,1,0,0
N7836,1,0,1,0,0
N7837,1,0,1,0,0
N7839,1,0,1,0,0
N7840,1,0,1,0,0
N7841,1,0,1,0,0
N7842,1,0,1,0,0
N7846,1,0,1,0,0
N7847,1,0,1,0,0
N7852,1,0,1,0,0
N7853,1,0,1,0,0
N7854,1,0,1,0,0
N7855,1,0,1,0,0
N7856,1,1,0,0,0
N7859,1,0,1,0,0
N7871,1,1,0,0,0
N7872,1,1,0,0,0
N7874,1,1,0,0,0
N7875,1,1,0,0,0
N7876,1,1,0,0,0
N7878,1,1,0,0,0
N7880,1,1,0,0,0
N7881,1,1,0,0,0
N7882,1,1,0,0,0
N7883,1,1,0,0,0
N7884,1,1,0,0,0
N7885,1,1,0,0,0
N7886,1,1,0,0,0
N7887,1,1,0,0,0
N7888,1,1,0,0,0
N7889,1,1,0,0,0
N7890,1,1,0,0,0
N7891,1,1,0,0,0
N7892,1,1,0,0,0
N7961,1,0,1,0,0
N7963,1,0,1,0,0
N7964,1,0,1,0,0
N7966,1,0,1,0,0
N7967,1,0,1,0,0
N7969,1,0,1,0,0
N7975,1,0,1,0,0
N7976,1,0,1,0,0
N7978,1,0,1,0,0
N7982,1,0,1,0,0
N7984,1,0,1,0,0
N7985,1,0,1,0,0
N7987,1,0,1,0,0
N7990,1,0,1,0,0
N7991,1,0,1,0,0
N7993,1,0,1,0,0
N8027,1,0,1,0,0
N8036,1,0,1,0,0
N8038,1,0,1,0,0
N8040,1,0,1,0,0
N8042,1,0,1,0,0
N8044,1,0,1,0,0
N8046,1,0,1,0,0
N8050,1,0,1,0,0
N8052,1,0,1,0,0
N8081,1,0,1,0,0
N8094,1,0,1,0,0
N8096,1,0,1,0,0
N8128,1,0,1,0,0
N8137,1,0,1,0,0
N8140,1,0,1,0,0
N8142,1,0,1,0,0
N8144,1,0,1,0,0
N8146,1,0,1,0,0
N8148,1,0,1,0,0
N8150,1,0,1,0,0
N8152,1,0,1,0,0
N8156,1,0,1,0,0
N8157,1,0,1,0,0
N8158,1,0,1,0,0
N8159,1,0,1,0,0
N8160,1,0,1,0,0
N8161,1,0,1,0,0
N8162,1,0,1,0,0
N8163,1,0,1,0,0
N8164,1,0,1,0,0
N8165,1,0,1,0,0
N8166,1,0,1,0,0
N8167,1,0,1,0,0
N8168,1,0,1,0,0
N8169,1,0,1,0,0
N8170,1,0,1,0,0
N8171,1,0,1,0,0
N8172,1,0,1,0,0
N8173,1,0,1,0,0
N8174,1,0,1,0,0
N8175,1,0,1,0,0
N8176,1,0,1,0,0
N8177,1,0,1,0,0
N8178,1,0,1,0,0
N8179,1,0,1,0,0
N8180,1,0,1,0,0
N8192,1,0,1,0,0
N8193,1,0,1,0,0
N8194,1,0,1,0,0
N8196,1,0,1,0,0
N8208,1,0,1,0,0
N8211,1,0,1,0,0
N8212,1,0,1,0,0
N8229,1,1,0,0,0
N8230,1,1,0,0,0
N8231,1,1,0,0,0
N8232,1,1,0,0,0
N8233,1,1,0,0,0
N8234,1,1,0,0,0
N8235,1,1,0,0,0
N8236,1,1,0,0,0
N8237,1,1,0,0,0
N8238,1,1,0,0,0
N8239,1,1,0,0,0
N8240,1,1,0,0,0
N8242,1,0,1,0,0
N8243,1,0,1,0,0
N8253,1,0,1,0,0
N8256,1,0,1,0,0
N8257,1,0,1,0,0
N8258,1,0,1,0,0
N8259,1,0,1,0,0
N8263,1,0,1,0,0
N8265,1,0,1,0,0
N8267,1,0,1,0,0
N8269,1,0,1,0,0
N8270,1,0,1,0,0
N8271,1,0,1,0,0
N8273,1,0,1,0,0
N8274,1,0,1,0,0
N8275,1,0,1,0,0
N8277,1,0,1,0,0
N8279,1,0,1,0,0
N8280,1,0,1,0,0
N8281,1,0,1,0,0
N8283,1,0,1,0,0
N8287,1,0,1,0,0
N8289,1,0,1,0,0
N8291,1,0,1,0,0
N8292,1,0,1,0,0
N8293,1,0,1,0,0
N8294,1,0,1,0,0
N8295,1,0,1,0,0
N8297,1,0,1,0,0
N8299,1,0,1,0,0
N8301,1,0,1,0,0
N8308,1,0,1,0,0
N8323,1,0,1,0,0
N8440,1,0,1,0,0
N8493,1,0,1,0,0
N8506,1,0,1,0,0
N8507,1,0,1,0,0
N8508,1,0,1,0,0
N8509,1,0,1,0,0
N8510,1,0,1,0,0
N8512,1,0,1,0,0
N8514,1,0,1,0,0
N8516,1,0,1,0,0
N8518,1,0,1,0,0
N8520,1,0,1,0,0
N8522,1,0,1,0,0
N8524,1,0,1,0,0
N8526,1,0,1,0,0
N8528,1,0,1,0,0
N8530,1,0,1,0,0
N8532,1,0,1,0,0
N8534,1,0,1,0,0
N8536,1,0,1,0,0
N8538,1,0,1,0,0
N8540,1,0,1,0,0
N8542,1,0,1,0,0
N8544,1,0,1,0,0
N8547,1,0,1,0,0
N8552,1,0,1,0,0
N8553,1,0,1,0,0
N8560,1,0,1,0,0
N8570,1,0,1,0,0
N8574,1,0,1,0,0
N8579,1,0,1,0,0
N8588,1,1,0,0,0
N8589,1,1,0,0,0
N8590,1,1,0,0,0
N8591,1,1,0,0,0
N8592,1,1,0,0,0
N8593,1,1,0,0,0
N8594,1,1,0,0,0
N8595,1,1,0,0,0
N8596,1,1,0,0,0
N8597,1,1,0,0,0
N8598,1,1,0,0,0
N8599,1,1,0,0,0
N8600,1,1,0,0,0
N8601,1,1,0,0,0
N8602,1,1,0,0,0
N8603,1,1,0,0,0
N8604,1,1,0,0,0
N8605,1,1,0,0,0
N8606,1,1,0,0,0
N8607,1,1,0,0,0
N8608,1,1,0,0,0
N8609,1,0,1,0,0
N861,1,0,1,0,0
N8612,1,0,1,0,0
N8616,1,0,1,0,0
N8626,1,0,1,0,0
N8628,1,0,1,0,0
N8629,1,0,1,0,0
N8630,1,0,1,0,0
N8632,1,0,1,0,0
N8634,1,0,1,0,0
N8635,1,0,1,0,0
N8636,1,0,1,0,0
N8638,1,0,1,0,0
N8640,1,0,1,0,0
N8642,1,0,1,0,0
N8644,1,0,1,0,0
N8646,1,0,1,0,0
N8648,1,0,1,0,0
N8652,1,0,1,0,0
N8654,1,0,1,0,0
N8656,1,0,1,0,0
N8658,1,0,1,0,0
N8660,1,0,1,0,0
N8662,1,0,1,0,0
N8664,1,0,1,0,0
N8666,1,0,1,0,0
N8668,1,0,1,0,0
N8670,1,0,1,0,0
N8691,1,0,1,0,0
N8692,1,0,1,0,0
N8693,1,0,1,0,0
N8694,1,0,1,0,0
N8695,1,0,1,0,0
N8697,1,0,1,0,0
N8699,1,0,1,0,0
N870,1,1,0,0,0
N8701,1,0,1,0,0
N8703,1,0,1,0,0
N8705,1,0,1,0,0
N8707,1,0,1,0,0
N8709,1,0,1,0,0
N8711,1,0,1,0,0
N8713,1,0,1,0,0
N8715,1,0,1,0,0
N8717,1,0,1,0,0
N8719,1,0,1,0,0
N8721,1,0,1,0,0
N8731,1,0,1,0,0
N8733,1,0,1,0,0
N8736,1,0,1,0,0
N8738,1,0,1,0,0
N8739,1,0,1,0,0
N8741,1,0,1,0,0
N8742,1,0,1,0,0
N8743,1,0,1,0,0
N8746,1,0,1,0,0
N8747,1,0,1,0,0
N8748,1,0,1,0,0
N8750,1,0,1,0,0
N8751,1,0,1,0,0
N8752,1,0,1,0,0
N8753,1,0,1,0,0
N8754,1,0,1,0,0
N8755,1,0,1,0,0
N8756,1,0,1,0,0
N8757,1,0,1,0,0
N8758,1,0,1,0,0
N8759,1,0,1,0,0
N8770,1,1,0,0,0
N8771,1,1,0,0,0
N8772,1,1,0,0,0
N8773,1,1,0,0,0
N8774,1,1,0,0,0
N8775,1,1,0,0,0
N8776,1,1,0,0,0
N8777,1,1,0,0,0
N8778,1,1,0,0,0
N8779,1,1,0,0,0
N8780,1,1,0,0,0
N8781,1,1,0,0,0
N8782,1,1,0,0,0
N8783,1,1,0,0,0
N8784,1,1,0,0,0
N8785,1,1,0,0,0
N8786,1,1,0,0,0
N8791,1,0,1,0,0
N8792,1,0,1,0,0
N8793,1,0,1,0,0
N8796,1,0,1,0,0
N8797,1,0,1,0,0
N8802,1,0,1,0,0
N8803,1,0,1,0,0
N8806,1,0,1,0,0
N8807,1,0,1,0,0
N8808,1,0,1,0,0
N8809,1,0,1,0,0
N8812,1,0,1,0,0
N8813,1,0,1,0,0
N8814,1,0,1,0,0
N8815,1,0,1,0,0
N8816,1,0,1,0,0
N8817,1,0,1,0,0
N8819,1,0,1,0,0
N8821,1,0,1,0,0
N8822,1,0,1,0,0
N8823,1,0,1,0,0
N8824,1,0,1,0,0
N8825,1,0,1,0,0
N8826,1,0,1,0,0
N8827,1,0,1,0,0
N8829,1,0,1,0,0
N8830,1,0,1,0,0
N8831,1,0,1,0,0
N8832,1,0,1,0,0
N8833,1,0,1,0,0
N8834,1,0,1,0,0
N8835,1,0,1,0,0
N8836,1,0,1,0,0
N8837,1,0,1,0,0
N8838,1,0,1,0,0
N8839,1,0,1,0,0
N8840,1,0,1,0,0
N8841,1,0,1,0,0
N8842,1,0,1,0,0
N8843,1,0,1,0,0
N8844,1,0,1,0,0
N8845,1,0,1,0,0
N8846,1,0,1,0,0
N8847,1,0,1,0,0
N8848,1,0,1,0,0
N8849,1,0,1,0,0
N8851,1,0,1,0,0
N8903,1,0,1,0,0
N8905,1,0,0,0,1
N893,1,1,0,0,0
N9849,1,0,0,0,1
__tpi_cp_13_N496,1,0,0,1,0
__tpi_cp_159_N2003,1,0,0,0,1
__tpi_cp_180_N7371,1,0,0,1,0
__tpi_cp_183_N7594,1,0,0,1,0
__tpi_cp_185_N7589,1,0,0,1,0
__tpi_cp_190_N7892,1,0,0,1,0
__tpi_cp_194_N7856,1,0,0,1,0
__tpi_cp_196_N7871,1,0,0,1,0
__tpi_cp_19_N1437,1,0,1,0,0
__tpi_cp_23_N7891,1,0,0,1,0
__tpi_cp_34_N7883,1,0,0,1,0
__tpi_cp_36_N3911,1,0,0,0,1
__tpi_cp_48_N3805,1,0,0,0,1
__tpi_cp_50_N4606,1,0,0,0,1
__tpi_cp_53_N4578,1,0,0,0,1
__tpi_cp_62_N7590,1,0,0,1,0
__tpi_cp_63_N7875,1,0,0,1,0
__tpi_cp_66_N7884,1,0,0,1,0
__tpi_cp_67_N7885,1,0,0,1,0
__tpi_cp_68_N7886,1,0,0,1,0
__tpi_cp_69_N7887,1,0,0,1,0
__tpi_cp_70_N7888,1,0,0,1,0
__tpi_cp_71_N7889,1,0,0,1,0
__tpi_cp_72_N7890,1,0,0,1,0
__tpi_cp_99_N3903,1,0,0,0,1
__tpi_op_9_N7516,1,0,1,0,0
