line_no,raw,site_type,src_node,dst_node,node,sa_value,status,original_node,net,tmax_site,fault_type,is_hard
1,__tpi_not_test_en->__tpi_cp_109___buf_split_10341 /1 undetected,input_edge,__tpi_not_test_en,__tpi_cp_109___buf_split_10341,__tpi_cp_109___buf_split_10341,1,undetected,__tpi_cp_109___buf_split_10341,__tpi_cp_109___buf_split_10341,__tpi_cp_109___buf_split_10341,sa1,1
2,__tpi_not_test_en->__tpi_cp_112___buf_split_10245 /1 undetected,input_edge,__tpi_not_test_en,__tpi_cp_112___buf_split_10245,__tpi_cp_112___buf_split_10245,1,undetected,__tpi_cp_112___buf_split_10245,__tpi_cp_112___buf_split_10245,__tpi_cp_112___buf_split_10245,sa1,1
3,__tpi_not_test_en->__tpi_cp_113___buf_split_9813 /1 undetected,input_edge,__tpi_not_test_en,__tpi_cp_113___buf_split_9813,__tpi_cp_113___buf_split_9813,1,undetected,__tpi_cp_113___buf_split_9813,__tpi_cp_113___buf_split_9813,__tpi_cp_113___buf_split_9813,sa1,1
4,__tpi_not_test_en->__tpi_cp_108___buf_split_7416 /1 undetected,input_edge,__tpi_not_test_en,__tpi_cp_108___buf_split_7416,__tpi_cp_108___buf_split_7416,1,undetected,__tpi_cp_108___buf_split_7416,__tpi_cp_108___buf_split_7416,__tpi_cp_108___buf_split_7416,sa1,1
5,__tpi_not_test_en->__tpi_cp_3_new_n11264_ /1 undetected,input_edge,__tpi_not_test_en,__tpi_cp_3_new_n11264_,__tpi_cp_3_new_n11264_,1,undetected,__tpi_cp_3_new_n11264_,__tpi_cp_3_new_n11264_,__tpi_cp_3_new_n11264_,sa1,1
6,test_en->__tpi_cp_30_new_n11263_ /0 undetected,input_edge,test_en,__tpi_cp_30_new_n11263_,__tpi_cp_30_new_n11263_,0,undetected,__tpi_cp_30_new_n11263_,__tpi_cp_30_new_n11263_,__tpi_cp_30_new_n11263_,sa0,1
7,__tpi_not_test_en->__tpi_cp_4_new_n13587_ /1 undetected,input_edge,__tpi_not_test_en,__tpi_cp_4_new_n13587_,__tpi_cp_4_new_n13587_,1,undetected,__tpi_cp_4_new_n13587_,__tpi_cp_4_new_n13587_,__tpi_cp_4_new_n13587_,sa1,1
8,__tpi_not_test_en->__tpi_cp_103_new_n11237_ /1 undetected,input_edge,__tpi_not_test_en,__tpi_cp_103_new_n11237_,__tpi_cp_103_new_n11237_,1,undetected,__tpi_cp_103_new_n11237_,__tpi_cp_103_new_n11237_,__tpi_cp_103_new_n11237_,sa1,1
9,new_n11222_ /1 undetected,output,,new_n11222_,new_n11222_,1,undetected,new_n11222_,new_n11222_,new_n11222_,sa1,1
10,__buf_split_7389 /1 undetected,output,,__buf_split_7389,__buf_split_7389,1,undetected,__buf_split_7389,__buf_split_7389,__buf_split_7389,sa1,1
11,new_n11214_->__tpi_cp_6_new_n11214_ /0 undetected,input_edge,new_n11214_,__tpi_cp_6_new_n11214_,__tpi_cp_6_new_n11214_,0,undetected,__tpi_cp_6_new_n11214_,__tpi_cp_6_new_n11214_,__tpi_cp_6_new_n11214_,sa0,1
12,test_en->__tpi_cp_6_new_n11214_ /0 undetected,input_edge,test_en,__tpi_cp_6_new_n11214_,__tpi_cp_6_new_n11214_,0,undetected,__tpi_cp_6_new_n11214_,__tpi_cp_6_new_n11214_,__tpi_cp_6_new_n11214_,sa0,1
13,test_en->__tpi_cp_102_new_n11220_ /0 undetected,input_edge,test_en,__tpi_cp_102_new_n11220_,__tpi_cp_102_new_n11220_,0,undetected,__tpi_cp_102_new_n11220_,__tpi_cp_102_new_n11220_,__tpi_cp_102_new_n11220_,sa0,1
14,__tpi_not_test_en->__tpi_cp_137___buf_split_7382 /1 undetected,input_edge,__tpi_not_test_en,__tpi_cp_137___buf_split_7382,__tpi_cp_137___buf_split_7382,1,undetected,__tpi_cp_137___buf_split_7382,__tpi_cp_137___buf_split_7382,__tpi_cp_137___buf_split_7382,sa1,1
15,__buf_split_7382 /1 undetected,output,,__buf_split_7382,__buf_split_7382,1,undetected,__buf_split_7382,__buf_split_7382,__buf_split_7382,sa1,1
16,__tpi_not_test_en->__tpi_cp_118_new_n11213_ /1 undetected,input_edge,__tpi_not_test_en,__tpi_cp_118_new_n11213_,__tpi_cp_118_new_n11213_,1,undetected,__tpi_cp_118_new_n11213_,__tpi_cp_118_new_n11213_,__tpi_cp_118_new_n11213_,sa1,1
17,new_n11213_ /1 undetected,output,,new_n11213_,new_n11213_,1,undetected,new_n11213_,new_n11213_,new_n11213_,sa1,1
18,__tpi_not_test_en->__tpi_cp_0_new_n11212_ /1 undetected,input_edge,__tpi_not_test_en,__tpi_cp_0_new_n11212_,__tpi_cp_0_new_n11212_,1,undetected,__tpi_cp_0_new_n11212_,__tpi_cp_0_new_n11212_,__tpi_cp_0_new_n11212_,sa1,1
19,__tpi_cp_0_new_n11212_ /1 undetected,output,,__tpi_cp_0_new_n11212_,__tpi_cp_0_new_n11212_,1,undetected,__tpi_cp_0_new_n11212_,__tpi_cp_0_new_n11212_,__tpi_cp_0_new_n11212_,sa1,1
20,new_n11212_ /1 undetected,output,,new_n11212_,new_n11212_,1,undetected,new_n11212_,new_n11212_,new_n11212_,sa1,1
21,test_en->__tpi_cp_117_new_n11211_ /0 undetected,input_edge,test_en,__tpi_cp_117_new_n11211_,__tpi_cp_117_new_n11211_,0,undetected,__tpi_cp_117_new_n11211_,__tpi_cp_117_new_n11211_,__tpi_cp_117_new_n11211_,sa0,1
22,new_n11211_ /0 undetected,output,,new_n11211_,new_n11211_,0,undetected,new_n11211_,new_n11211_,new_n11211_,sa0,1
23,test_en->__tpi_cp_119_new_n11210_ /0 undetected,input_edge,test_en,__tpi_cp_119_new_n11210_,__tpi_cp_119_new_n11210_,0,undetected,__tpi_cp_119_new_n11210_,__tpi_cp_119_new_n11210_,__tpi_cp_119_new_n11210_,sa0,1
24,__tpi_cp_119_new_n11210_ /1 undetected,output,,__tpi_cp_119_new_n11210_,__tpi_cp_119_new_n11210_,1,undetected,__tpi_cp_119_new_n11210_,__tpi_cp_119_new_n11210_,__tpi_cp_119_new_n11210_,sa1,1
25,new_n11210_ /0 undetected,output,,new_n11210_,new_n11210_,0,undetected,new_n11210_,new_n11210_,new_n11210_,sa0,1
26,test_en->__tpi_cp_121_new_n11209_ /0 undetected,input_edge,test_en,__tpi_cp_121_new_n11209_,__tpi_cp_121_new_n11209_,0,undetected,__tpi_cp_121_new_n11209_,__tpi_cp_121_new_n11209_,__tpi_cp_121_new_n11209_,sa0,1
27,__tpi_cp_121_new_n11209_ /1 undetected,output,,__tpi_cp_121_new_n11209_,__tpi_cp_121_new_n11209_,1,undetected,__tpi_cp_121_new_n11209_,__tpi_cp_121_new_n11209_,__tpi_cp_121_new_n11209_,sa1,1
28,new_n11209_ /0 undetected,output,,new_n11209_,new_n11209_,0,undetected,new_n11209_,new_n11209_,new_n11209_,sa0,1
29,new_n11208_ /1 undetected,output,,new_n11208_,new_n11208_,1,undetected,new_n11208_,new_n11208_,new_n11208_,sa1,1
30,test_en->__tpi_cp_156_new_n11207_ /0 undetected,input_edge,test_en,__tpi_cp_156_new_n11207_,__tpi_cp_156_new_n11207_,0,undetected,__tpi_cp_156_new_n11207_,__tpi_cp_156_new_n11207_,__tpi_cp_156_new_n11207_,sa0,1
31,__tpi_cp_156_new_n11207_ /1 undetected,output,,__tpi_cp_156_new_n11207_,__tpi_cp_156_new_n11207_,1,undetected,__tpi_cp_156_new_n11207_,__tpi_cp_156_new_n11207_,__tpi_cp_156_new_n11207_,sa1,1
32,new_n11207_ /0 undetected,output,,new_n11207_,new_n11207_,0,undetected,new_n11207_,new_n11207_,new_n11207_,sa0,1
33,test_en->__tpi_cp_82_new_n11206_ /0 undetected,input_edge,test_en,__tpi_cp_82_new_n11206_,__tpi_cp_82_new_n11206_,0,undetected,__tpi_cp_82_new_n11206_,__tpi_cp_82_new_n11206_,__tpi_cp_82_new_n11206_,sa0,1
34,__tpi_cp_82_new_n11206_ /1 undetected,output,,__tpi_cp_82_new_n11206_,__tpi_cp_82_new_n11206_,1,undetected,__tpi_cp_82_new_n11206_,__tpi_cp_82_new_n11206_,__tpi_cp_82_new_n11206_,sa1,1
35,new_n11206_ /0 undetected,output,,new_n11206_,new_n11206_,0,undetected,new_n11206_,new_n11206_,new_n11206_,sa0,1
36,__tpi_not_test_en->__tpi_cp_175_new_n11205_ /1 undetected,input_edge,__tpi_not_test_en,__tpi_cp_175_new_n11205_,__tpi_cp_175_new_n11205_,1,undetected,__tpi_cp_175_new_n11205_,__tpi_cp_175_new_n11205_,__tpi_cp_175_new_n11205_,sa1,1
37,__tpi_cp_175_new_n11205_ /1 undetected,output,,__tpi_cp_175_new_n11205_,__tpi_cp_175_new_n11205_,1,undetected,__tpi_cp_175_new_n11205_,__tpi_cp_175_new_n11205_,__tpi_cp_175_new_n11205_,sa1,1
38,new_n11205_ /1 undetected,output,,new_n11205_,new_n11205_,1,undetected,new_n11205_,new_n11205_,new_n11205_,sa1,1
39,new_n11204_ /1 undetected,output,,new_n11204_,new_n11204_,1,undetected,new_n11204_,new_n11204_,new_n11204_,sa1,1
40,__buf_split_7380 /1 undetected,output,,__buf_split_7380,__buf_split_7380,1,undetected,__buf_split_7380,__buf_split_7380,__buf_split_7380,sa1,1
41,__buf_split_7379 /1 undetected,output,,__buf_split_7379,__buf_split_7379,1,undetected,__buf_split_7379,__buf_split_7379,__buf_split_7379,sa1,1
42,__tpi_not_test_en->__tpi_cp_37_new_n11203_ /1 undetected,input_edge,__tpi_not_test_en,__tpi_cp_37_new_n11203_,__tpi_cp_37_new_n11203_,1,undetected,__tpi_cp_37_new_n11203_,__tpi_cp_37_new_n11203_,__tpi_cp_37_new_n11203_,sa1,1
43,__tpi_cp_37_new_n11203_ /1 undetected,output,,__tpi_cp_37_new_n11203_,__tpi_cp_37_new_n11203_,1,undetected,__tpi_cp_37_new_n11203_,__tpi_cp_37_new_n11203_,__tpi_cp_37_new_n11203_,sa1,1
44,new_n11203_ /1 undetected,output,,new_n11203_,new_n11203_,1,undetected,new_n11203_,new_n11203_,new_n11203_,sa1,1
45,__buf_split_7378 /1 undetected,output,,__buf_split_7378,__buf_split_7378,1,undetected,__buf_split_7378,__buf_split_7378,__buf_split_7378,sa1,1
46,__buf_split_7377 /1 undetected,output,,__buf_split_7377,__buf_split_7377,1,undetected,__buf_split_7377,__buf_split_7377,__buf_split_7377,sa1,1
47,__tpi_not_test_en->__tpi_cp_157_new_n11202_ /1 undetected,input_edge,__tpi_not_test_en,__tpi_cp_157_new_n11202_,__tpi_cp_157_new_n11202_,1,undetected,__tpi_cp_157_new_n11202_,__tpi_cp_157_new_n11202_,__tpi_cp_157_new_n11202_,sa1,1
48,__tpi_cp_157_new_n11202_ /1 undetected,output,,__tpi_cp_157_new_n11202_,__tpi_cp_157_new_n11202_,1,undetected,__tpi_cp_157_new_n11202_,__tpi_cp_157_new_n11202_,__tpi_cp_157_new_n11202_,sa1,1
49,new_n11202_ /1 undetected,output,,new_n11202_,new_n11202_,1,undetected,new_n11202_,new_n11202_,new_n11202_,sa1,1
50,new_n11201_ /1 undetected,output,,new_n11201_,new_n11201_,1,undetected,new_n11201_,new_n11201_,new_n11201_,sa1,1
51,__buf_split_7376 /1 undetected,output,,__buf_split_7376,__buf_split_7376,1,undetected,__buf_split_7376,__buf_split_7376,__buf_split_7376,sa1,1
52,__buf_split_7375 /1 undetected,output,,__buf_split_7375,__buf_split_7375,1,undetected,__buf_split_7375,__buf_split_7375,__buf_split_7375,sa1,1
53,__tpi_not_test_en->__tpi_cp_38_new_n11200_ /1 undetected,input_edge,__tpi_not_test_en,__tpi_cp_38_new_n11200_,__tpi_cp_38_new_n11200_,1,undetected,__tpi_cp_38_new_n11200_,__tpi_cp_38_new_n11200_,__tpi_cp_38_new_n11200_,sa1,1
54,__tpi_cp_38_new_n11200_ /1 undetected,output,,__tpi_cp_38_new_n11200_,__tpi_cp_38_new_n11200_,1,undetected,__tpi_cp_38_new_n11200_,__tpi_cp_38_new_n11200_,__tpi_cp_38_new_n11200_,sa1,1
55,new_n11200_ /1 undetected,output,,new_n11200_,new_n11200_,1,undetected,new_n11200_,new_n11200_,new_n11200_,sa1,1
56,__buf_split_7374 /1 undetected,output,,__buf_split_7374,__buf_split_7374,1,undetected,__buf_split_7374,__buf_split_7374,__buf_split_7374,sa1,1
57,__buf_split_7373 /1 undetected,output,,__buf_split_7373,__buf_split_7373,1,undetected,__buf_split_7373,__buf_split_7373,__buf_split_7373,sa1,1
58,new_n11199_ /1 undetected,output,,new_n11199_,new_n11199_,1,undetected,new_n11199_,new_n11199_,new_n11199_,sa1,1
59,__tpi_not_test_en->__tpi_cp_177_new_n11198_ /1 undetected,input_edge,__tpi_not_test_en,__tpi_cp_177_new_n11198_,__tpi_cp_177_new_n11198_,1,undetected,__tpi_cp_177_new_n11198_,__tpi_cp_177_new_n11198_,__tpi_cp_177_new_n11198_,sa1,1
60,__tpi_cp_177_new_n11198_ /1 undetected,output,,__tpi_cp_177_new_n11198_,__tpi_cp_177_new_n11198_,1,undetected,__tpi_cp_177_new_n11198_,__tpi_cp_177_new_n11198_,__tpi_cp_177_new_n11198_,sa1,1
61,new_n11198_ /1 undetected,output,,new_n11198_,new_n11198_,1,undetected,new_n11198_,new_n11198_,new_n11198_,sa1,1
62,__tpi_not_test_en->__tpi_cp_39_new_n11197_ /1 undetected,input_edge,__tpi_not_test_en,__tpi_cp_39_new_n11197_,__tpi_cp_39_new_n11197_,1,undetected,__tpi_cp_39_new_n11197_,__tpi_cp_39_new_n11197_,__tpi_cp_39_new_n11197_,sa1,1
63,__tpi_cp_39_new_n11197_ /1 undetected,output,,__tpi_cp_39_new_n11197_,__tpi_cp_39_new_n11197_,1,undetected,__tpi_cp_39_new_n11197_,__tpi_cp_39_new_n11197_,__tpi_cp_39_new_n11197_,sa1,1
64,new_n11197_ /1 undetected,output,,new_n11197_,new_n11197_,1,undetected,new_n11197_,new_n11197_,new_n11197_,sa1,1
65,__buf_split_7372 /1 undetected,output,,__buf_split_7372,__buf_split_7372,1,undetected,__buf_split_7372,__buf_split_7372,__buf_split_7372,sa1,1
66,__buf_split_7371 /1 undetected,output,,__buf_split_7371,__buf_split_7371,1,undetected,__buf_split_7371,__buf_split_7371,__buf_split_7371,sa1,1
67,test_en->__tpi_cp_84_new_n11196_ /0 undetected,input_edge,test_en,__tpi_cp_84_new_n11196_,__tpi_cp_84_new_n11196_,0,undetected,__tpi_cp_84_new_n11196_,__tpi_cp_84_new_n11196_,__tpi_cp_84_new_n11196_,sa0,1
68,__tpi_cp_84_new_n11196_ /1 undetected,output,,__tpi_cp_84_new_n11196_,__tpi_cp_84_new_n11196_,1,undetected,__tpi_cp_84_new_n11196_,__tpi_cp_84_new_n11196_,__tpi_cp_84_new_n11196_,sa1,1
69,new_n11196_ /0 undetected,output,,new_n11196_,new_n11196_,0,undetected,new_n11196_,new_n11196_,new_n11196_,sa0,1
70,__buf_split_7370 /1 undetected,output,,__buf_split_7370,__buf_split_7370,1,undetected,__buf_split_7370,__buf_split_7370,__buf_split_7370,sa1,1
71,__buf_split_7369 /1 undetected,output,,__buf_split_7369,__buf_split_7369,1,undetected,__buf_split_7369,__buf_split_7369,__buf_split_7369,sa1,1
72,__tpi_not_test_en->__tpi_cp_181_new_n11195_ /1 undetected,input_edge,__tpi_not_test_en,__tpi_cp_181_new_n11195_,__tpi_cp_181_new_n11195_,1,undetected,__tpi_cp_181_new_n11195_,__tpi_cp_181_new_n11195_,__tpi_cp_181_new_n11195_,sa1,1
73,__tpi_cp_181_new_n11195_ /1 undetected,output,,__tpi_cp_181_new_n11195_,__tpi_cp_181_new_n11195_,1,undetected,__tpi_cp_181_new_n11195_,__tpi_cp_181_new_n11195_,__tpi_cp_181_new_n11195_,sa1,1
74,new_n11195_ /1 undetected,output,,new_n11195_,new_n11195_,1,undetected,new_n11195_,new_n11195_,new_n11195_,sa1,1
75,test_en->__tpi_cp_87_new_n11194_ /0 undetected,input_edge,test_en,__tpi_cp_87_new_n11194_,__tpi_cp_87_new_n11194_,0,undetected,__tpi_cp_87_new_n11194_,__tpi_cp_87_new_n11194_,__tpi_cp_87_new_n11194_,sa0,1
76,__tpi_cp_87_new_n11194_ /1 undetected,output,,__tpi_cp_87_new_n11194_,__tpi_cp_87_new_n11194_,1,undetected,__tpi_cp_87_new_n11194_,__tpi_cp_87_new_n11194_,__tpi_cp_87_new_n11194_,sa1,1
77,new_n11194_ /0 undetected,output,,new_n11194_,new_n11194_,0,undetected,new_n11194_,new_n11194_,new_n11194_,sa0,1
78,__buf_split_7368 /1 undetected,output,,__buf_split_7368,__buf_split_7368,1,undetected,__buf_split_7368,__buf_split_7368,__buf_split_7368,sa1,1
79,__buf_split_7367 /1 undetected,output,,__buf_split_7367,__buf_split_7367,1,undetected,__buf_split_7367,__buf_split_7367,__buf_split_7367,sa1,1
80,__tpi_not_test_en->__tpi_cp_31_new_n11193_ /1 undetected,input_edge,__tpi_not_test_en,__tpi_cp_31_new_n11193_,__tpi_cp_31_new_n11193_,1,undetected,__tpi_cp_31_new_n11193_,__tpi_cp_31_new_n11193_,__tpi_cp_31_new_n11193_,sa1,1
81,__tpi_cp_31_new_n11193_ /1 undetected,output,,__tpi_cp_31_new_n11193_,__tpi_cp_31_new_n11193_,1,undetected,__tpi_cp_31_new_n11193_,__tpi_cp_31_new_n11193_,__tpi_cp_31_new_n11193_,sa1,1
82,new_n11193_ /1 undetected,output,,new_n11193_,new_n11193_,1,undetected,new_n11193_,new_n11193_,new_n11193_,sa1,1
83,__buf_split_7366 /1 undetected,output,,__buf_split_7366,__buf_split_7366,1,undetected,__buf_split_7366,__buf_split_7366,__buf_split_7366,sa1,1
84,__buf_split_7365 /1 undetected,output,,__buf_split_7365,__buf_split_7365,1,undetected,__buf_split_7365,__buf_split_7365,__buf_split_7365,sa1,1
85,test_en->__tpi_cp_176_new_n11192_ /0 undetected,input_edge,test_en,__tpi_cp_176_new_n11192_,__tpi_cp_176_new_n11192_,0,undetected,__tpi_cp_176_new_n11192_,__tpi_cp_176_new_n11192_,__tpi_cp_176_new_n11192_,sa0,1
86,__tpi_cp_176_new_n11192_ /1 undetected,output,,__tpi_cp_176_new_n11192_,__tpi_cp_176_new_n11192_,1,undetected,__tpi_cp_176_new_n11192_,__tpi_cp_176_new_n11192_,__tpi_cp_176_new_n11192_,sa1,1
87,new_n11192_ /0 undetected,output,,new_n11192_,new_n11192_,0,undetected,new_n11192_,new_n11192_,new_n11192_,sa0,1
88,__tpi_not_test_en->__tpi_cp_160_new_n11191_ /1 undetected,input_edge,__tpi_not_test_en,__tpi_cp_160_new_n11191_,__tpi_cp_160_new_n11191_,1,undetected,__tpi_cp_160_new_n11191_,__tpi_cp_160_new_n11191_,__tpi_cp_160_new_n11191_,sa1,1
89,__tpi_cp_160_new_n11191_ /1 undetected,output,,__tpi_cp_160_new_n11191_,__tpi_cp_160_new_n11191_,1,undetected,__tpi_cp_160_new_n11191_,__tpi_cp_160_new_n11191_,__tpi_cp_160_new_n11191_,sa1,1
90,new_n11191_ /1 undetected,output,,new_n11191_,new_n11191_,1,undetected,new_n11191_,new_n11191_,new_n11191_,sa1,1
91,__buf_split_7364 /1 undetected,output,,__buf_split_7364,__buf_split_7364,1,undetected,__buf_split_7364,__buf_split_7364,__buf_split_7364,sa1,1
92,__buf_split_7363 /1 undetected,output,,__buf_split_7363,__buf_split_7363,1,undetected,__buf_split_7363,__buf_split_7363,__buf_split_7363,sa1,1
93,new_n11190_ /1 undetected,output,,new_n11190_,new_n11190_,1,undetected,new_n11190_,new_n11190_,new_n11190_,sa1,1
94,test_en->__tpi_cp_202_new_n11189_ /0 undetected,input_edge,test_en,__tpi_cp_202_new_n11189_,__tpi_cp_202_new_n11189_,0,undetected,__tpi_cp_202_new_n11189_,__tpi_cp_202_new_n11189_,__tpi_cp_202_new_n11189_,sa0,1
95,__tpi_cp_202_new_n11189_ /1 undetected,output,,__tpi_cp_202_new_n11189_,__tpi_cp_202_new_n11189_,1,undetected,__tpi_cp_202_new_n11189_,__tpi_cp_202_new_n11189_,__tpi_cp_202_new_n11189_,sa1,1
96,new_n11189_ /0 undetected,output,,new_n11189_,new_n11189_,0,undetected,new_n11189_,new_n11189_,new_n11189_,sa0,1
97,new_n11188_ /1 undetected,output,,new_n11188_,new_n11188_,1,undetected,new_n11188_,new_n11188_,new_n11188_,sa1,1
98,__buf_split_7362 /1 undetected,output,,__buf_split_7362,__buf_split_7362,1,undetected,__buf_split_7362,__buf_split_7362,__buf_split_7362,sa1,1
99,__buf_split_7361 /1 undetected,output,,__buf_split_7361,__buf_split_7361,1,undetected,__buf_split_7361,__buf_split_7361,__buf_split_7361,sa1,1
100,__tpi_not_test_en->__tpi_cp_42_new_n11187_ /1 undetected,input_edge,__tpi_not_test_en,__tpi_cp_42_new_n11187_,__tpi_cp_42_new_n11187_,1,undetected,__tpi_cp_42_new_n11187_,__tpi_cp_42_new_n11187_,__tpi_cp_42_new_n11187_,sa1,1
101,__tpi_cp_42_new_n11187_ /1 undetected,output,,__tpi_cp_42_new_n11187_,__tpi_cp_42_new_n11187_,1,undetected,__tpi_cp_42_new_n11187_,__tpi_cp_42_new_n11187_,__tpi_cp_42_new_n11187_,sa1,1
102,new_n11187_ /1 undetected,output,,new_n11187_,new_n11187_,1,undetected,new_n11187_,new_n11187_,new_n11187_,sa1,1
103,__buf_split_7360 /1 undetected,output,,__buf_split_7360,__buf_split_7360,1,undetected,__buf_split_7360,__buf_split_7360,__buf_split_7360,sa1,1
104,__buf_split_7359 /1 undetected,output,,__buf_split_7359,__buf_split_7359,1,undetected,__buf_split_7359,__buf_split_7359,__buf_split_7359,sa1,1
105,test_en->__tpi_cp_67_new_n11186_ /0 undetected,input_edge,test_en,__tpi_cp_67_new_n11186_,__tpi_cp_67_new_n11186_,0,undetected,__tpi_cp_67_new_n11186_,__tpi_cp_67_new_n11186_,__tpi_cp_67_new_n11186_,sa0,1
106,__tpi_cp_67_new_n11186_ /1 undetected,output,,__tpi_cp_67_new_n11186_,__tpi_cp_67_new_n11186_,1,undetected,__tpi_cp_67_new_n11186_,__tpi_cp_67_new_n11186_,__tpi_cp_67_new_n11186_,sa1,1
107,new_n11186_ /0 undetected,output,,new_n11186_,new_n11186_,0,undetected,new_n11186_,new_n11186_,new_n11186_,sa0,1
108,__tpi_not_test_en->__tpi_cp_141___buf_split_7358 /1 undetected,input_edge,__tpi_not_test_en,__tpi_cp_141___buf_split_7358,__tpi_cp_141___buf_split_7358,1,undetected,__tpi_cp_141___buf_split_7358,__tpi_cp_141___buf_split_7358,__tpi_cp_141___buf_split_7358,sa1,1
109,__tpi_cp_141___buf_split_7358 /1 undetected,output,,__tpi_cp_141___buf_split_7358,__tpi_cp_141___buf_split_7358,1,undetected,__tpi_cp_141___buf_split_7358,__tpi_cp_141___buf_split_7358,__tpi_cp_141___buf_split_7358,sa1,1
110,__buf_split_7358 /1 undetected,output,,__buf_split_7358,__buf_split_7358,1,undetected,__buf_split_7358,__buf_split_7358,__buf_split_7358,sa1,1
111,__buf_split_7357 /1 undetected,output,,__buf_split_7357,__buf_split_7357,1,undetected,__buf_split_7357,__buf_split_7357,__buf_split_7357,sa1,1
112,test_en->__tpi_cp_25_new_n11184_ /0 undetected,input_edge,test_en,__tpi_cp_25_new_n11184_,__tpi_cp_25_new_n11184_,0,undetected,__tpi_cp_25_new_n11184_,__tpi_cp_25_new_n11184_,__tpi_cp_25_new_n11184_,sa0,1
113,__tpi_cp_25_new_n11184_ /1 undetected,output,,__tpi_cp_25_new_n11184_,__tpi_cp_25_new_n11184_,1,undetected,__tpi_cp_25_new_n11184_,__tpi_cp_25_new_n11184_,__tpi_cp_25_new_n11184_,sa1,1
114,new_n11184_ /0 undetected,output,,new_n11184_,new_n11184_,0,undetected,new_n11184_,new_n11184_,new_n11184_,sa0,1
115,new_n11183_ /1 undetected,output,,new_n11183_,new_n11183_,1,undetected,new_n11183_,new_n11183_,new_n11183_,sa1,1
116,new_n11182_ /1 undetected,output,,new_n11182_,new_n11182_,1,undetected,new_n11182_,new_n11182_,new_n11182_,sa1,1
117,__tpi_not_test_en->__tpi_cp_61_new_n11181_ /1 undetected,input_edge,__tpi_not_test_en,__tpi_cp_61_new_n11181_,__tpi_cp_61_new_n11181_,1,undetected,__tpi_cp_61_new_n11181_,__tpi_cp_61_new_n11181_,__tpi_cp_61_new_n11181_,sa1,1
118,__tpi_cp_61_new_n11181_ /1 undetected,output,,__tpi_cp_61_new_n11181_,__tpi_cp_61_new_n11181_,1,undetected,__tpi_cp_61_new_n11181_,__tpi_cp_61_new_n11181_,__tpi_cp_61_new_n11181_,sa1,1
119,new_n11181_ /1 undetected,output,,new_n11181_,new_n11181_,1,undetected,new_n11181_,new_n11181_,new_n11181_,sa1,1
120,__buf_split_7354 /1 undetected,output,,__buf_split_7354,__buf_split_7354,1,undetected,__buf_split_7354,__buf_split_7354,__buf_split_7354,sa1,1
121,__buf_split_7353 /1 undetected,output,,__buf_split_7353,__buf_split_7353,1,undetected,__buf_split_7353,__buf_split_7353,__buf_split_7353,sa1,1
122,__tpi_not_test_en->__tpi_cp_182_new_n11180_ /1 undetected,input_edge,__tpi_not_test_en,__tpi_cp_182_new_n11180_,__tpi_cp_182_new_n11180_,1,undetected,__tpi_cp_182_new_n11180_,__tpi_cp_182_new_n11180_,__tpi_cp_182_new_n11180_,sa1,1
123,__tpi_cp_182_new_n11180_ /1 undetected,output,,__tpi_cp_182_new_n11180_,__tpi_cp_182_new_n11180_,1,undetected,__tpi_cp_182_new_n11180_,__tpi_cp_182_new_n11180_,__tpi_cp_182_new_n11180_,sa1,1
124,new_n11180_ /1 undetected,output,,new_n11180_,new_n11180_,1,undetected,new_n11180_,new_n11180_,new_n11180_,sa1,1
125,__buf_split_7352 /1 undetected,output,,__buf_split_7352,__buf_split_7352,1,undetected,__buf_split_7352,__buf_split_7352,__buf_split_7352,sa1,1
126,__buf_split_7351 /1 undetected,output,,__buf_split_7351,__buf_split_7351,1,undetected,__buf_split_7351,__buf_split_7351,__buf_split_7351,sa1,1
127,new_n11179_ /1 undetected,output,,new_n11179_,new_n11179_,1,undetected,new_n11179_,new_n11179_,new_n11179_,sa1,1
128,__tpi_not_test_en->__tpi_cp_63_new_n11178_ /1 undetected,input_edge,__tpi_not_test_en,__tpi_cp_63_new_n11178_,__tpi_cp_63_new_n11178_,1,undetected,__tpi_cp_63_new_n11178_,__tpi_cp_63_new_n11178_,__tpi_cp_63_new_n11178_,sa1,1
129,__tpi_cp_63_new_n11178_ /1 undetected,output,,__tpi_cp_63_new_n11178_,__tpi_cp_63_new_n11178_,1,undetected,__tpi_cp_63_new_n11178_,__tpi_cp_63_new_n11178_,__tpi_cp_63_new_n11178_,sa1,1
130,new_n11178_ /1 undetected,output,,new_n11178_,new_n11178_,1,undetected,new_n11178_,new_n11178_,new_n11178_,sa1,1
131,__buf_split_7350 /1 undetected,output,,__buf_split_7350,__buf_split_7350,1,undetected,__buf_split_7350,__buf_split_7350,__buf_split_7350,sa1,1
132,__buf_split_7349 /1 undetected,output,,__buf_split_7349,__buf_split_7349,1,undetected,__buf_split_7349,__buf_split_7349,__buf_split_7349,sa1,1
133,__tpi_not_test_en->__tpi_cp_183_new_n11177_ /1 undetected,input_edge,__tpi_not_test_en,__tpi_cp_183_new_n11177_,__tpi_cp_183_new_n11177_,1,undetected,__tpi_cp_183_new_n11177_,__tpi_cp_183_new_n11177_,__tpi_cp_183_new_n11177_,sa1,1
134,__tpi_cp_183_new_n11177_ /1 undetected,output,,__tpi_cp_183_new_n11177_,__tpi_cp_183_new_n11177_,1,undetected,__tpi_cp_183_new_n11177_,__tpi_cp_183_new_n11177_,__tpi_cp_183_new_n11177_,sa1,1
135,new_n11177_ /1 undetected,output,,new_n11177_,new_n11177_,1,undetected,new_n11177_,new_n11177_,new_n11177_,sa1,1
136,__buf_split_7348 /1 undetected,output,,__buf_split_7348,__buf_split_7348,1,undetected,__buf_split_7348,__buf_split_7348,__buf_split_7348,sa1,1
137,__buf_split_7347 /1 undetected,output,,__buf_split_7347,__buf_split_7347,1,undetected,__buf_split_7347,__buf_split_7347,__buf_split_7347,sa1,1
138,test_en->__tpi_cp_151_new_n11176_ /0 undetected,input_edge,test_en,__tpi_cp_151_new_n11176_,__tpi_cp_151_new_n11176_,0,undetected,__tpi_cp_151_new_n11176_,__tpi_cp_151_new_n11176_,__tpi_cp_151_new_n11176_,sa0,1
139,__tpi_cp_151_new_n11176_ /1 undetected,output,,__tpi_cp_151_new_n11176_,__tpi_cp_151_new_n11176_,1,undetected,__tpi_cp_151_new_n11176_,__tpi_cp_151_new_n11176_,__tpi_cp_151_new_n11176_,sa1,1
140,new_n11176_ /0 undetected,output,,new_n11176_,new_n11176_,0,undetected,new_n11176_,new_n11176_,new_n11176_,sa0,1
141,new_n11175_ /1 undetected,output,,new_n11175_,new_n11175_,1,undetected,new_n11175_,new_n11175_,new_n11175_,sa1,1
142,__tpi_not_test_en->__tpi_cp_159_new_n11174_ /1 undetected,input_edge,__tpi_not_test_en,__tpi_cp_159_new_n11174_,__tpi_cp_159_new_n11174_,1,undetected,__tpi_cp_159_new_n11174_,__tpi_cp_159_new_n11174_,__tpi_cp_159_new_n11174_,sa1,1
143,__tpi_cp_159_new_n11174_ /1 undetected,output,,__tpi_cp_159_new_n11174_,__tpi_cp_159_new_n11174_,1,undetected,__tpi_cp_159_new_n11174_,__tpi_cp_159_new_n11174_,__tpi_cp_159_new_n11174_,sa1,1
144,new_n11174_ /1 undetected,output,,new_n11174_,new_n11174_,1,undetected,new_n11174_,new_n11174_,new_n11174_,sa1,1
145,test_en->__tpi_cp_36_new_n11173_ /0 undetected,input_edge,test_en,__tpi_cp_36_new_n11173_,__tpi_cp_36_new_n11173_,0,undetected,__tpi_cp_36_new_n11173_,__tpi_cp_36_new_n11173_,__tpi_cp_36_new_n11173_,sa0,1
146,__tpi_cp_36_new_n11173_ /1 undetected,output,,__tpi_cp_36_new_n11173_,__tpi_cp_36_new_n11173_,1,undetected,__tpi_cp_36_new_n11173_,__tpi_cp_36_new_n11173_,__tpi_cp_36_new_n11173_,sa1,1
147,new_n11173_ /0 undetected,output,,new_n11173_,new_n11173_,0,undetected,new_n11173_,new_n11173_,new_n11173_,sa0,1
148,__buf_split_7346 /1 undetected,output,,__buf_split_7346,__buf_split_7346,1,undetected,__buf_split_7346,__buf_split_7346,__buf_split_7346,sa1,1
149,__buf_split_7345 /1 undetected,output,,__buf_split_7345,__buf_split_7345,1,undetected,__buf_split_7345,__buf_split_7345,__buf_split_7345,sa1,1
150,new_n11172_ /1 undetected,output,,new_n11172_,new_n11172_,1,undetected,new_n11172_,new_n11172_,new_n11172_,sa1,1
151,__buf_split_7344 /1 undetected,output,,__buf_split_7344,__buf_split_7344,1,undetected,__buf_split_7344,__buf_split_7344,__buf_split_7344,sa1,1
152,__buf_split_7343 /1 undetected,output,,__buf_split_7343,__buf_split_7343,1,undetected,__buf_split_7343,__buf_split_7343,__buf_split_7343,sa1,1
153,__tpi_not_test_en->__tpi_cp_76_new_n11171_ /1 undetected,input_edge,__tpi_not_test_en,__tpi_cp_76_new_n11171_,__tpi_cp_76_new_n11171_,1,undetected,__tpi_cp_76_new_n11171_,__tpi_cp_76_new_n11171_,__tpi_cp_76_new_n11171_,sa1,1
154,__tpi_cp_76_new_n11171_ /1 undetected,output,,__tpi_cp_76_new_n11171_,__tpi_cp_76_new_n11171_,1,undetected,__tpi_cp_76_new_n11171_,__tpi_cp_76_new_n11171_,__tpi_cp_76_new_n11171_,sa1,1
155,new_n11171_ /1 undetected,output,,new_n11171_,new_n11171_,1,undetected,new_n11171_,new_n11171_,new_n11171_,sa1,1
156,new_n11170_ /1 undetected,output,,new_n11170_,new_n11170_,1,undetected,new_n11170_,new_n11170_,new_n11170_,sa1,1
157,__buf_split_7342 /1 undetected,output,,__buf_split_7342,__buf_split_7342,1,undetected,__buf_split_7342,__buf_split_7342,__buf_split_7342,sa1,1
158,__buf_split_7341 /1 undetected,output,,__buf_split_7341,__buf_split_7341,1,undetected,__buf_split_7341,__buf_split_7341,__buf_split_7341,sa1,1
159,test_en->__tpi_cp_33_new_n11169_ /0 undetected,input_edge,test_en,__tpi_cp_33_new_n11169_,__tpi_cp_33_new_n11169_,0,undetected,__tpi_cp_33_new_n11169_,__tpi_cp_33_new_n11169_,__tpi_cp_33_new_n11169_,sa0,1
160,__tpi_cp_33_new_n11169_ /1 undetected,output,,__tpi_cp_33_new_n11169_,__tpi_cp_33_new_n11169_,1,undetected,__tpi_cp_33_new_n11169_,__tpi_cp_33_new_n11169_,__tpi_cp_33_new_n11169_,sa1,1
161,new_n11169_ /0 undetected,output,,new_n11169_,new_n11169_,0,undetected,new_n11169_,new_n11169_,new_n11169_,sa0,1
162,__buf_split_7340 /1 undetected,output,,__buf_split_7340,__buf_split_7340,1,undetected,__buf_split_7340,__buf_split_7340,__buf_split_7340,sa1,1
163,__buf_split_7339 /1 undetected,output,,__buf_split_7339,__buf_split_7339,1,undetected,__buf_split_7339,__buf_split_7339,__buf_split_7339,sa1,1
164,new_n11168_ /1 undetected,output,,new_n11168_,new_n11168_,1,undetected,new_n11168_,new_n11168_,new_n11168_,sa1,1
165,__tpi_not_test_en->__tpi_cp_66_new_n11167_ /1 undetected,input_edge,__tpi_not_test_en,__tpi_cp_66_new_n11167_,__tpi_cp_66_new_n11167_,1,undetected,__tpi_cp_66_new_n11167_,__tpi_cp_66_new_n11167_,__tpi_cp_66_new_n11167_,sa1,1
166,__tpi_cp_66_new_n11167_ /1 undetected,output,,__tpi_cp_66_new_n11167_,__tpi_cp_66_new_n11167_,1,undetected,__tpi_cp_66_new_n11167_,__tpi_cp_66_new_n11167_,__tpi_cp_66_new_n11167_,sa1,1
167,new_n11167_ /1 undetected,output,,new_n11167_,new_n11167_,1,undetected,new_n11167_,new_n11167_,new_n11167_,sa1,1
168,__buf_split_7338 /1 undetected,output,,__buf_split_7338,__buf_split_7338,1,undetected,__buf_split_7338,__buf_split_7338,__buf_split_7338,sa1,1
169,__buf_split_7337 /1 undetected,output,,__buf_split_7337,__buf_split_7337,1,undetected,__buf_split_7337,__buf_split_7337,__buf_split_7337,sa1,1
170,__tpi_not_test_en->__tpi_cp_184_new_n11166_ /1 undetected,input_edge,__tpi_not_test_en,__tpi_cp_184_new_n11166_,__tpi_cp_184_new_n11166_,1,undetected,__tpi_cp_184_new_n11166_,__tpi_cp_184_new_n11166_,__tpi_cp_184_new_n11166_,sa1,1
171,__tpi_cp_184_new_n11166_ /1 undetected,output,,__tpi_cp_184_new_n11166_,__tpi_cp_184_new_n11166_,1,undetected,__tpi_cp_184_new_n11166_,__tpi_cp_184_new_n11166_,__tpi_cp_184_new_n11166_,sa1,1
172,new_n11166_ /1 undetected,output,,new_n11166_,new_n11166_,1,undetected,new_n11166_,new_n11166_,new_n11166_,sa1,1
173,__buf_split_7336 /1 undetected,output,,__buf_split_7336,__buf_split_7336,1,undetected,__buf_split_7336,__buf_split_7336,__buf_split_7336,sa1,1
174,__buf_split_7335 /1 undetected,output,,__buf_split_7335,__buf_split_7335,1,undetected,__buf_split_7335,__buf_split_7335,__buf_split_7335,sa1,1
175,test_en->__tpi_cp_123_new_n11165_ /0 undetected,input_edge,test_en,__tpi_cp_123_new_n11165_,__tpi_cp_123_new_n11165_,0,undetected,__tpi_cp_123_new_n11165_,__tpi_cp_123_new_n11165_,__tpi_cp_123_new_n11165_,sa0,1
176,__tpi_cp_123_new_n11165_ /1 undetected,output,,__tpi_cp_123_new_n11165_,__tpi_cp_123_new_n11165_,1,undetected,__tpi_cp_123_new_n11165_,__tpi_cp_123_new_n11165_,__tpi_cp_123_new_n11165_,sa1,1
177,new_n11165_ /0 undetected,output,,new_n11165_,new_n11165_,0,undetected,new_n11165_,new_n11165_,new_n11165_,sa0,1
178,new_n11164_ /1 undetected,output,,new_n11164_,new_n11164_,1,undetected,new_n11164_,new_n11164_,new_n11164_,sa1,1
179,test_en->__tpi_cp_5_new_n11163_ /0 undetected,input_edge,test_en,__tpi_cp_5_new_n11163_,__tpi_cp_5_new_n11163_,0,undetected,__tpi_cp_5_new_n11163_,__tpi_cp_5_new_n11163_,__tpi_cp_5_new_n11163_,sa0,1
180,__tpi_cp_5_new_n11163_ /1 undetected,output,,__tpi_cp_5_new_n11163_,__tpi_cp_5_new_n11163_,1,undetected,__tpi_cp_5_new_n11163_,__tpi_cp_5_new_n11163_,__tpi_cp_5_new_n11163_,sa1,1
181,new_n11163_ /0 undetected,output,,new_n11163_,new_n11163_,0,undetected,new_n11163_,new_n11163_,new_n11163_,sa0,1
182,__tpi_not_test_en->__tpi_cp_161_new_n11162_ /1 undetected,input_edge,__tpi_not_test_en,__tpi_cp_161_new_n11162_,__tpi_cp_161_new_n11162_,1,undetected,__tpi_cp_161_new_n11162_,__tpi_cp_161_new_n11162_,__tpi_cp_161_new_n11162_,sa1,1
183,__tpi_cp_161_new_n11162_ /1 undetected,output,,__tpi_cp_161_new_n11162_,__tpi_cp_161_new_n11162_,1,undetected,__tpi_cp_161_new_n11162_,__tpi_cp_161_new_n11162_,__tpi_cp_161_new_n11162_,sa1,1
184,new_n11162_ /1 undetected,output,,new_n11162_,new_n11162_,1,undetected,new_n11162_,new_n11162_,new_n11162_,sa1,1
185,__buf_split_7334 /1 undetected,output,,__buf_split_7334,__buf_split_7334,1,undetected,__buf_split_7334,__buf_split_7334,__buf_split_7334,sa1,1
186,new_n10899_->__tpi_cp_59_new_n10899_ /1 undetected,input_edge,new_n10899_,__tpi_cp_59_new_n10899_,__tpi_cp_59_new_n10899_,1,undetected,__tpi_cp_59_new_n10899_,__tpi_cp_59_new_n10899_,__tpi_cp_59_new_n10899_,sa1,1
187,__tpi_not_test_en->__tpi_cp_59_new_n10899_ /1 undetected,input_edge,__tpi_not_test_en,__tpi_cp_59_new_n10899_,__tpi_cp_59_new_n10899_,1,undetected,__tpi_cp_59_new_n10899_,__tpi_cp_59_new_n10899_,__tpi_cp_59_new_n10899_,sa1,1
188,__buf_split_7333 /1 undetected,output,,__buf_split_7333,__buf_split_7333,1,undetected,__buf_split_7333,__buf_split_7333,__buf_split_7333,sa1,1
189,new_n10895_->__tpi_cp_60_new_n10895_ /1 undetected,input_edge,new_n10895_,__tpi_cp_60_new_n10895_,__tpi_cp_60_new_n10895_,1,undetected,__tpi_cp_60_new_n10895_,__tpi_cp_60_new_n10895_,__tpi_cp_60_new_n10895_,sa1,1
190,__tpi_not_test_en->__tpi_cp_60_new_n10895_ /1 undetected,input_edge,__tpi_not_test_en,__tpi_cp_60_new_n10895_,__tpi_cp_60_new_n10895_,1,undetected,__tpi_cp_60_new_n10895_,__tpi_cp_60_new_n10895_,__tpi_cp_60_new_n10895_,sa1,1
191,__tpi_not_test_en->__tpi_cp_163_new_n11161_ /1 undetected,input_edge,__tpi_not_test_en,__tpi_cp_163_new_n11161_,__tpi_cp_163_new_n11161_,1,undetected,__tpi_cp_163_new_n11161_,__tpi_cp_163_new_n11161_,__tpi_cp_163_new_n11161_,sa1,1
192,__tpi_cp_163_new_n11161_ /1 undetected,output,,__tpi_cp_163_new_n11161_,__tpi_cp_163_new_n11161_,1,undetected,__tpi_cp_163_new_n11161_,__tpi_cp_163_new_n11161_,__tpi_cp_163_new_n11161_,sa1,1
193,new_n11161_ /1 undetected,output,,new_n11161_,new_n11161_,1,undetected,new_n11161_,new_n11161_,new_n11161_,sa1,1
194,__buf_split_7332 /1 undetected,output,,__buf_split_7332,__buf_split_7332,1,undetected,__buf_split_7332,__buf_split_7332,__buf_split_7332,sa1,1
195,new_n10741_->__tpi_cp_51_new_n10741_ /1 undetected,input_edge,new_n10741_,__tpi_cp_51_new_n10741_,__tpi_cp_51_new_n10741_,1,undetected,__tpi_cp_51_new_n10741_,__tpi_cp_51_new_n10741_,__tpi_cp_51_new_n10741_,sa1,1
196,__tpi_not_test_en->__tpi_cp_51_new_n10741_ /1 undetected,input_edge,__tpi_not_test_en,__tpi_cp_51_new_n10741_,__tpi_cp_51_new_n10741_,1,undetected,__tpi_cp_51_new_n10741_,__tpi_cp_51_new_n10741_,__tpi_cp_51_new_n10741_,sa1,1
197,__buf_split_7331 /1 undetected,output,,__buf_split_7331,__buf_split_7331,1,undetected,__buf_split_7331,__buf_split_7331,__buf_split_7331,sa1,1
198,new_n10626_->__tpi_cp_49_new_n10626_ /1 undetected,input_edge,new_n10626_,__tpi_cp_49_new_n10626_,__tpi_cp_49_new_n10626_,1,undetected,__tpi_cp_49_new_n10626_,__tpi_cp_49_new_n10626_,__tpi_cp_49_new_n10626_,sa1,1
199,__tpi_not_test_en->__tpi_cp_49_new_n10626_ /1 undetected,input_edge,__tpi_not_test_en,__tpi_cp_49_new_n10626_,__tpi_cp_49_new_n10626_,1,undetected,__tpi_cp_49_new_n10626_,__tpi_cp_49_new_n10626_,__tpi_cp_49_new_n10626_,sa1,1
200,new_n11160_ /1 undetected,output,,new_n11160_,new_n11160_,1,undetected,new_n11160_,new_n11160_,new_n11160_,sa1,1
201,__tpi_not_test_en->__tpi_cp_75_new_n11159_ /1 undetected,input_edge,__tpi_not_test_en,__tpi_cp_75_new_n11159_,__tpi_cp_75_new_n11159_,1,undetected,__tpi_cp_75_new_n11159_,__tpi_cp_75_new_n11159_,__tpi_cp_75_new_n11159_,sa1,1
202,__tpi_cp_75_new_n11159_ /1 undetected,output,,__tpi_cp_75_new_n11159_,__tpi_cp_75_new_n11159_,1,undetected,__tpi_cp_75_new_n11159_,__tpi_cp_75_new_n11159_,__tpi_cp_75_new_n11159_,sa1,1
203,new_n11159_ /1 undetected,output,,new_n11159_,new_n11159_,1,undetected,new_n11159_,new_n11159_,new_n11159_,sa1,1
204,__buf_split_7330 /1 undetected,output,,__buf_split_7330,__buf_split_7330,1,undetected,__buf_split_7330,__buf_split_7330,__buf_split_7330,sa1,1
205,new_n11158_->__tpi_cp_44_new_n11158_ /0 undetected,input_edge,new_n11158_,__tpi_cp_44_new_n11158_,__tpi_cp_44_new_n11158_,0,undetected,__tpi_cp_44_new_n11158_,__tpi_cp_44_new_n11158_,__tpi_cp_44_new_n11158_,sa0,1
206,test_en->__tpi_cp_44_new_n11158_ /0 undetected,input_edge,test_en,__tpi_cp_44_new_n11158_,__tpi_cp_44_new_n11158_,0,undetected,__tpi_cp_44_new_n11158_,__tpi_cp_44_new_n11158_,__tpi_cp_44_new_n11158_,sa0,1
207,__buf_split_7329 /1 undetected,output,,__buf_split_7329,__buf_split_7329,1,undetected,__buf_split_7329,__buf_split_7329,__buf_split_7329,sa1,1
208,new_n11157_->__tpi_cp_41_new_n11157_ /0 undetected,input_edge,new_n11157_,__tpi_cp_41_new_n11157_,__tpi_cp_41_new_n11157_,0,undetected,__tpi_cp_41_new_n11157_,__tpi_cp_41_new_n11157_,__tpi_cp_41_new_n11157_,sa0,1
209,test_en->__tpi_cp_41_new_n11157_ /0 undetected,input_edge,test_en,__tpi_cp_41_new_n11157_,__tpi_cp_41_new_n11157_,0,undetected,__tpi_cp_41_new_n11157_,__tpi_cp_41_new_n11157_,__tpi_cp_41_new_n11157_,sa0,1
210,__tpi_not_test_en->__tpi_cp_162_new_n11156_ /1 undetected,input_edge,__tpi_not_test_en,__tpi_cp_162_new_n11156_,__tpi_cp_162_new_n11156_,1,undetected,__tpi_cp_162_new_n11156_,__tpi_cp_162_new_n11156_,__tpi_cp_162_new_n11156_,sa1,1
211,__tpi_cp_162_new_n11156_ /1 undetected,output,,__tpi_cp_162_new_n11156_,__tpi_cp_162_new_n11156_,1,undetected,__tpi_cp_162_new_n11156_,__tpi_cp_162_new_n11156_,__tpi_cp_162_new_n11156_,sa1,1
212,new_n11156_ /1 undetected,output,,new_n11156_,new_n11156_,1,undetected,new_n11156_,new_n11156_,new_n11156_,sa1,1
213,__buf_split_7324 /1 undetected,output,,__buf_split_7324,__buf_split_7324,1,undetected,__buf_split_7324,__buf_split_7324,__buf_split_7324,sa1,1
214,new_n11020_->__tpi_cp_58_new_n11020_ /1 undetected,input_edge,new_n11020_,__tpi_cp_58_new_n11020_,__tpi_cp_58_new_n11020_,1,undetected,__tpi_cp_58_new_n11020_,__tpi_cp_58_new_n11020_,__tpi_cp_58_new_n11020_,sa1,1
215,__tpi_not_test_en->__tpi_cp_58_new_n11020_ /1 undetected,input_edge,__tpi_not_test_en,__tpi_cp_58_new_n11020_,__tpi_cp_58_new_n11020_,1,undetected,__tpi_cp_58_new_n11020_,__tpi_cp_58_new_n11020_,__tpi_cp_58_new_n11020_,sa1,1
216,__buf_split_7323 /1 undetected,output,,__buf_split_7323,__buf_split_7323,1,undetected,__buf_split_7323,__buf_split_7323,__buf_split_7323,sa1,1
217,new_n11026_->__tpi_cp_56_new_n11026_ /1 undetected,input_edge,new_n11026_,__tpi_cp_56_new_n11026_,__tpi_cp_56_new_n11026_,1,undetected,__tpi_cp_56_new_n11026_,__tpi_cp_56_new_n11026_,__tpi_cp_56_new_n11026_,sa1,1
218,__tpi_not_test_en->__tpi_cp_56_new_n11026_ /1 undetected,input_edge,__tpi_not_test_en,__tpi_cp_56_new_n11026_,__tpi_cp_56_new_n11026_,1,undetected,__tpi_cp_56_new_n11026_,__tpi_cp_56_new_n11026_,__tpi_cp_56_new_n11026_,sa1,1
219,test_en->__tpi_cp_132_new_n11155_ /0 undetected,input_edge,test_en,__tpi_cp_132_new_n11155_,__tpi_cp_132_new_n11155_,0,undetected,__tpi_cp_132_new_n11155_,__tpi_cp_132_new_n11155_,__tpi_cp_132_new_n11155_,sa0,1
220,__tpi_cp_132_new_n11155_ /1 undetected,output,,__tpi_cp_132_new_n11155_,__tpi_cp_132_new_n11155_,1,undetected,__tpi_cp_132_new_n11155_,__tpi_cp_132_new_n11155_,__tpi_cp_132_new_n11155_,sa1,1
221,new_n11155_ /0 undetected,output,,new_n11155_,new_n11155_,0,undetected,new_n11155_,new_n11155_,new_n11155_,sa0,1
222,test_en->__tpi_cp_29_new_n11154_ /0 undetected,input_edge,test_en,__tpi_cp_29_new_n11154_,__tpi_cp_29_new_n11154_,0,undetected,__tpi_cp_29_new_n11154_,__tpi_cp_29_new_n11154_,__tpi_cp_29_new_n11154_,sa0,1
223,__tpi_cp_29_new_n11154_ /1 undetected,output,,__tpi_cp_29_new_n11154_,__tpi_cp_29_new_n11154_,1,undetected,__tpi_cp_29_new_n11154_,__tpi_cp_29_new_n11154_,__tpi_cp_29_new_n11154_,sa1,1
224,new_n11154_ /0 undetected,output,,new_n11154_,new_n11154_,0,undetected,new_n11154_,new_n11154_,new_n11154_,sa0,1
225,__tpi_not_test_en->__tpi_cp_167_new_n11153_ /1 undetected,input_edge,__tpi_not_test_en,__tpi_cp_167_new_n11153_,__tpi_cp_167_new_n11153_,1,undetected,__tpi_cp_167_new_n11153_,__tpi_cp_167_new_n11153_,__tpi_cp_167_new_n11153_,sa1,1
226,__tpi_cp_167_new_n11153_ /1 undetected,output,,__tpi_cp_167_new_n11153_,__tpi_cp_167_new_n11153_,1,undetected,__tpi_cp_167_new_n11153_,__tpi_cp_167_new_n11153_,__tpi_cp_167_new_n11153_,sa1,1
227,new_n11153_ /1 undetected,output,,new_n11153_,new_n11153_,1,undetected,new_n11153_,new_n11153_,new_n11153_,sa1,1
228,__buf_split_7322 /1 undetected,output,,__buf_split_7322,__buf_split_7322,1,undetected,__buf_split_7322,__buf_split_7322,__buf_split_7322,sa1,1
229,new_n9576_->__tpi_cp_43_new_n9576_ /1 undetected,input_edge,new_n9576_,__tpi_cp_43_new_n9576_,__tpi_cp_43_new_n9576_,1,undetected,__tpi_cp_43_new_n9576_,__tpi_cp_43_new_n9576_,__tpi_cp_43_new_n9576_,sa1,1
230,__tpi_not_test_en->__tpi_cp_43_new_n9576_ /1 undetected,input_edge,__tpi_not_test_en,__tpi_cp_43_new_n9576_,__tpi_cp_43_new_n9576_,1,undetected,__tpi_cp_43_new_n9576_,__tpi_cp_43_new_n9576_,__tpi_cp_43_new_n9576_,sa1,1
231,__buf_split_7321 /1 undetected,output,,__buf_split_7321,__buf_split_7321,1,undetected,__buf_split_7321,__buf_split_7321,__buf_split_7321,sa1,1
232,new_n9887_->__tpi_cp_48_new_n9887_ /1 undetected,input_edge,new_n9887_,__tpi_cp_48_new_n9887_,__tpi_cp_48_new_n9887_,1,undetected,__tpi_cp_48_new_n9887_,__tpi_cp_48_new_n9887_,__tpi_cp_48_new_n9887_,sa1,1
233,__tpi_not_test_en->__tpi_cp_48_new_n9887_ /1 undetected,input_edge,__tpi_not_test_en,__tpi_cp_48_new_n9887_,__tpi_cp_48_new_n9887_,1,undetected,__tpi_cp_48_new_n9887_,__tpi_cp_48_new_n9887_,__tpi_cp_48_new_n9887_,sa1,1
234,__tpi_not_test_en->__tpi_cp_172_new_n11152_ /1 undetected,input_edge,__tpi_not_test_en,__tpi_cp_172_new_n11152_,__tpi_cp_172_new_n11152_,1,undetected,__tpi_cp_172_new_n11152_,__tpi_cp_172_new_n11152_,__tpi_cp_172_new_n11152_,sa1,1
235,__tpi_cp_172_new_n11152_ /1 undetected,output,,__tpi_cp_172_new_n11152_,__tpi_cp_172_new_n11152_,1,undetected,__tpi_cp_172_new_n11152_,__tpi_cp_172_new_n11152_,__tpi_cp_172_new_n11152_,sa1,1
236,new_n11152_ /1 undetected,output,,new_n11152_,new_n11152_,1,undetected,new_n11152_,new_n11152_,new_n11152_,sa1,1
237,__buf_split_7320 /1 undetected,output,,__buf_split_7320,__buf_split_7320,1,undetected,__buf_split_7320,__buf_split_7320,__buf_split_7320,sa1,1
238,new_n9923_->__tpi_cp_47_new_n9923_ /1 undetected,input_edge,new_n9923_,__tpi_cp_47_new_n9923_,__tpi_cp_47_new_n9923_,1,undetected,__tpi_cp_47_new_n9923_,__tpi_cp_47_new_n9923_,__tpi_cp_47_new_n9923_,sa1,1
239,__tpi_not_test_en->__tpi_cp_47_new_n9923_ /1 undetected,input_edge,__tpi_not_test_en,__tpi_cp_47_new_n9923_,__tpi_cp_47_new_n9923_,1,undetected,__tpi_cp_47_new_n9923_,__tpi_cp_47_new_n9923_,__tpi_cp_47_new_n9923_,sa1,1
240,__tpi_not_test_en->__tpi_cp_208___buf_split_7319 /1 undetected,input_edge,__tpi_not_test_en,__tpi_cp_208___buf_split_7319,__tpi_cp_208___buf_split_7319,1,undetected,__tpi_cp_208___buf_split_7319,__tpi_cp_208___buf_split_7319,__tpi_cp_208___buf_split_7319,sa1,1
241,__tpi_cp_208___buf_split_7319 /1 undetected,output,,__tpi_cp_208___buf_split_7319,__tpi_cp_208___buf_split_7319,1,undetected,__tpi_cp_208___buf_split_7319,__tpi_cp_208___buf_split_7319,__tpi_cp_208___buf_split_7319,sa1,1
242,__buf_split_7319 /1 undetected,output,,__buf_split_7319,__buf_split_7319,1,undetected,__buf_split_7319,__buf_split_7319,__buf_split_7319,sa1,1
243,new_n9798_->__tpi_cp_45_new_n9798_ /1 undetected,input_edge,new_n9798_,__tpi_cp_45_new_n9798_,__tpi_cp_45_new_n9798_,1,undetected,__tpi_cp_45_new_n9798_,__tpi_cp_45_new_n9798_,__tpi_cp_45_new_n9798_,sa1,1
244,__tpi_not_test_en->__tpi_cp_45_new_n9798_ /1 undetected,input_edge,__tpi_not_test_en,__tpi_cp_45_new_n9798_,__tpi_cp_45_new_n9798_,1,undetected,__tpi_cp_45_new_n9798_,__tpi_cp_45_new_n9798_,__tpi_cp_45_new_n9798_,sa1,1
245,new_n11151_ /1 undetected,output,,new_n11151_,new_n11151_,1,undetected,new_n11151_,new_n11151_,new_n11151_,sa1,1
246,__tpi_not_test_en->__tpi_cp_173_new_n11150_ /1 undetected,input_edge,__tpi_not_test_en,__tpi_cp_173_new_n11150_,__tpi_cp_173_new_n11150_,1,undetected,__tpi_cp_173_new_n11150_,__tpi_cp_173_new_n11150_,__tpi_cp_173_new_n11150_,sa1,1
247,__tpi_cp_173_new_n11150_ /1 undetected,output,,__tpi_cp_173_new_n11150_,__tpi_cp_173_new_n11150_,1,undetected,__tpi_cp_173_new_n11150_,__tpi_cp_173_new_n11150_,__tpi_cp_173_new_n11150_,sa1,1
248,new_n11150_ /1 undetected,output,,new_n11150_,new_n11150_,1,undetected,new_n11150_,new_n11150_,new_n11150_,sa1,1
249,__buf_split_7318 /1 undetected,output,,__buf_split_7318,__buf_split_7318,1,undetected,__buf_split_7318,__buf_split_7318,__buf_split_7318,sa1,1
250,new_n10344_->__tpi_cp_52_new_n10344_ /1 undetected,input_edge,new_n10344_,__tpi_cp_52_new_n10344_,__tpi_cp_52_new_n10344_,1,undetected,__tpi_cp_52_new_n10344_,__tpi_cp_52_new_n10344_,__tpi_cp_52_new_n10344_,sa1,1
251,__tpi_not_test_en->__tpi_cp_52_new_n10344_ /1 undetected,input_edge,__tpi_not_test_en,__tpi_cp_52_new_n10344_,__tpi_cp_52_new_n10344_,1,undetected,__tpi_cp_52_new_n10344_,__tpi_cp_52_new_n10344_,__tpi_cp_52_new_n10344_,sa1,1
252,__buf_split_7317 /1 undetected,output,,__buf_split_7317,__buf_split_7317,1,undetected,__buf_split_7317,__buf_split_7317,__buf_split_7317,sa1,1
253,new_n10330_->__tpi_cp_50_new_n10330_ /1 undetected,input_edge,new_n10330_,__tpi_cp_50_new_n10330_,__tpi_cp_50_new_n10330_,1,undetected,__tpi_cp_50_new_n10330_,__tpi_cp_50_new_n10330_,__tpi_cp_50_new_n10330_,sa1,1
254,__tpi_not_test_en->__tpi_cp_50_new_n10330_ /1 undetected,input_edge,__tpi_not_test_en,__tpi_cp_50_new_n10330_,__tpi_cp_50_new_n10330_,1,undetected,__tpi_cp_50_new_n10330_,__tpi_cp_50_new_n10330_,__tpi_cp_50_new_n10330_,sa1,1
255,__tpi_not_test_en->__tpi_cp_174_new_n11149_ /1 undetected,input_edge,__tpi_not_test_en,__tpi_cp_174_new_n11149_,__tpi_cp_174_new_n11149_,1,undetected,__tpi_cp_174_new_n11149_,__tpi_cp_174_new_n11149_,__tpi_cp_174_new_n11149_,sa1,1
256,__tpi_cp_174_new_n11149_ /1 undetected,output,,__tpi_cp_174_new_n11149_,__tpi_cp_174_new_n11149_,1,undetected,__tpi_cp_174_new_n11149_,__tpi_cp_174_new_n11149_,__tpi_cp_174_new_n11149_,sa1,1
257,new_n11149_ /1 undetected,output,,new_n11149_,new_n11149_,1,undetected,new_n11149_,new_n11149_,new_n11149_,sa1,1
258,__buf_split_7316 /1 undetected,output,,__buf_split_7316,__buf_split_7316,1,undetected,__buf_split_7316,__buf_split_7316,__buf_split_7316,sa1,1
259,new_n10327_->__tpi_cp_57_new_n10327_ /1 undetected,input_edge,new_n10327_,__tpi_cp_57_new_n10327_,__tpi_cp_57_new_n10327_,1,undetected,__tpi_cp_57_new_n10327_,__tpi_cp_57_new_n10327_,__tpi_cp_57_new_n10327_,sa1,1
260,__tpi_not_test_en->__tpi_cp_57_new_n10327_ /1 undetected,input_edge,__tpi_not_test_en,__tpi_cp_57_new_n10327_,__tpi_cp_57_new_n10327_,1,undetected,__tpi_cp_57_new_n10327_,__tpi_cp_57_new_n10327_,__tpi_cp_57_new_n10327_,sa1,1
261,__buf_split_7315 /1 undetected,output,,__buf_split_7315,__buf_split_7315,1,undetected,__buf_split_7315,__buf_split_7315,__buf_split_7315,sa1,1
262,new_n9899_->__tpi_cp_40_new_n9899_ /0 undetected,input_edge,new_n9899_,__tpi_cp_40_new_n9899_,__tpi_cp_40_new_n9899_,0,undetected,__tpi_cp_40_new_n9899_,__tpi_cp_40_new_n9899_,__tpi_cp_40_new_n9899_,sa0,1
263,test_en->__tpi_cp_40_new_n9899_ /0 undetected,input_edge,test_en,__tpi_cp_40_new_n9899_,__tpi_cp_40_new_n9899_,0,undetected,__tpi_cp_40_new_n9899_,__tpi_cp_40_new_n9899_,__tpi_cp_40_new_n9899_,sa0,1
264,test_en->__tpi_cp_124_new_n11148_ /0 undetected,input_edge,test_en,__tpi_cp_124_new_n11148_,__tpi_cp_124_new_n11148_,0,undetected,__tpi_cp_124_new_n11148_,__tpi_cp_124_new_n11148_,__tpi_cp_124_new_n11148_,sa0,1
265,__tpi_cp_124_new_n11148_ /1 undetected,output,,__tpi_cp_124_new_n11148_,__tpi_cp_124_new_n11148_,1,undetected,__tpi_cp_124_new_n11148_,__tpi_cp_124_new_n11148_,__tpi_cp_124_new_n11148_,sa1,1
266,new_n11148_ /0 undetected,output,,new_n11148_,new_n11148_,0,undetected,new_n11148_,new_n11148_,new_n11148_,sa0,1
267,test_en->__tpi_cp_127_new_n11147_ /0 undetected,input_edge,test_en,__tpi_cp_127_new_n11147_,__tpi_cp_127_new_n11147_,0,undetected,__tpi_cp_127_new_n11147_,__tpi_cp_127_new_n11147_,__tpi_cp_127_new_n11147_,sa0,1
268,__tpi_cp_127_new_n11147_ /1 undetected,output,,__tpi_cp_127_new_n11147_,__tpi_cp_127_new_n11147_,1,undetected,__tpi_cp_127_new_n11147_,__tpi_cp_127_new_n11147_,__tpi_cp_127_new_n11147_,sa1,1
269,new_n11147_ /0 undetected,output,,new_n11147_,new_n11147_,0,undetected,new_n11147_,new_n11147_,new_n11147_,sa0,1
270,test_en->__tpi_cp_153_new_n11146_ /0 undetected,input_edge,test_en,__tpi_cp_153_new_n11146_,__tpi_cp_153_new_n11146_,0,undetected,__tpi_cp_153_new_n11146_,__tpi_cp_153_new_n11146_,__tpi_cp_153_new_n11146_,sa0,1
271,__tpi_cp_153_new_n11146_ /1 undetected,output,,__tpi_cp_153_new_n11146_,__tpi_cp_153_new_n11146_,1,undetected,__tpi_cp_153_new_n11146_,__tpi_cp_153_new_n11146_,__tpi_cp_153_new_n11146_,sa1,1
272,new_n11146_ /0 undetected,output,,new_n11146_,new_n11146_,0,undetected,new_n11146_,new_n11146_,new_n11146_,sa0,1
273,__tpi_not_test_en->__tpi_cp_12_new_n11145_ /1 undetected,input_edge,__tpi_not_test_en,__tpi_cp_12_new_n11145_,__tpi_cp_12_new_n11145_,1,undetected,__tpi_cp_12_new_n11145_,__tpi_cp_12_new_n11145_,__tpi_cp_12_new_n11145_,sa1,1
274,__tpi_cp_12_new_n11145_ /1 undetected,output,,__tpi_cp_12_new_n11145_,__tpi_cp_12_new_n11145_,1,undetected,__tpi_cp_12_new_n11145_,__tpi_cp_12_new_n11145_,__tpi_cp_12_new_n11145_,sa1,1
275,new_n11145_ /1 undetected,output,,new_n11145_,new_n11145_,1,undetected,new_n11145_,new_n11145_,new_n11145_,sa1,1
276,__buf_split_7313 /1 undetected,output,,__buf_split_7313,__buf_split_7313,1,undetected,__buf_split_7313,__buf_split_7313,__buf_split_7313,sa1,1
277,new_n10157_->__tpi_cp_95_new_n10157_ /0 undetected,input_edge,new_n10157_,__tpi_cp_95_new_n10157_,__tpi_cp_95_new_n10157_,0,undetected,__tpi_cp_95_new_n10157_,__tpi_cp_95_new_n10157_,__tpi_cp_95_new_n10157_,sa0,1
278,test_en->__tpi_cp_95_new_n10157_ /0 undetected,input_edge,test_en,__tpi_cp_95_new_n10157_,__tpi_cp_95_new_n10157_,0,undetected,__tpi_cp_95_new_n10157_,__tpi_cp_95_new_n10157_,__tpi_cp_95_new_n10157_,sa0,1
279,__buf_split_7312 /1 undetected,output,,__buf_split_7312,__buf_split_7312,1,undetected,__buf_split_7312,__buf_split_7312,__buf_split_7312,sa1,1
280,new_n10159_->__tpi_cp_203_new_n10159_ /0 undetected,input_edge,new_n10159_,__tpi_cp_203_new_n10159_,__tpi_cp_203_new_n10159_,0,undetected,__tpi_cp_203_new_n10159_,__tpi_cp_203_new_n10159_,__tpi_cp_203_new_n10159_,sa0,1
281,test_en->__tpi_cp_203_new_n10159_ /0 undetected,input_edge,test_en,__tpi_cp_203_new_n10159_,__tpi_cp_203_new_n10159_,0,undetected,__tpi_cp_203_new_n10159_,__tpi_cp_203_new_n10159_,__tpi_cp_203_new_n10159_,sa0,1
282,__tpi_not_test_en->__tpi_cp_142___buf_split_7314 /1 undetected,input_edge,__tpi_not_test_en,__tpi_cp_142___buf_split_7314,__tpi_cp_142___buf_split_7314,1,undetected,__tpi_cp_142___buf_split_7314,__tpi_cp_142___buf_split_7314,__tpi_cp_142___buf_split_7314,sa1,1
283,__tpi_cp_142___buf_split_7314 /1 undetected,output,,__tpi_cp_142___buf_split_7314,__tpi_cp_142___buf_split_7314,1,undetected,__tpi_cp_142___buf_split_7314,__tpi_cp_142___buf_split_7314,__tpi_cp_142___buf_split_7314,sa1,1
284,__buf_split_7314 /1 undetected,output,,__buf_split_7314,__buf_split_7314,1,undetected,__buf_split_7314,__buf_split_7314,__buf_split_7314,sa1,1
285,new_n10172_->__tpi_cp_18_new_n10172_ /0 undetected,input_edge,new_n10172_,__tpi_cp_18_new_n10172_,__tpi_cp_18_new_n10172_,0,undetected,__tpi_cp_18_new_n10172_,__tpi_cp_18_new_n10172_,__tpi_cp_18_new_n10172_,sa0,1
286,test_en->__tpi_cp_18_new_n10172_ /0 undetected,input_edge,test_en,__tpi_cp_18_new_n10172_,__tpi_cp_18_new_n10172_,0,undetected,__tpi_cp_18_new_n10172_,__tpi_cp_18_new_n10172_,__tpi_cp_18_new_n10172_,sa0,1
287,new_n11144_ /1 undetected,output,,new_n11144_,new_n11144_,1,undetected,new_n11144_,new_n11144_,new_n11144_,sa1,1
288,__tpi_not_test_en->__tpi_cp_158_new_n11143_ /1 undetected,input_edge,__tpi_not_test_en,__tpi_cp_158_new_n11143_,__tpi_cp_158_new_n11143_,1,undetected,__tpi_cp_158_new_n11143_,__tpi_cp_158_new_n11143_,__tpi_cp_158_new_n11143_,sa1,1
289,__tpi_cp_158_new_n11143_ /1 undetected,output,,__tpi_cp_158_new_n11143_,__tpi_cp_158_new_n11143_,1,undetected,__tpi_cp_158_new_n11143_,__tpi_cp_158_new_n11143_,__tpi_cp_158_new_n11143_,sa1,1
290,new_n11143_ /1 undetected,output,,new_n11143_,new_n11143_,1,undetected,new_n11143_,new_n11143_,new_n11143_,sa1,1
291,__tpi_not_test_en->__tpi_cp_23___buf_split_7311 /1 undetected,input_edge,__tpi_not_test_en,__tpi_cp_23___buf_split_7311,__tpi_cp_23___buf_split_7311,1,undetected,__tpi_cp_23___buf_split_7311,__tpi_cp_23___buf_split_7311,__tpi_cp_23___buf_split_7311,sa1,1
292,__tpi_cp_23___buf_split_7311 /1 undetected,output,,__tpi_cp_23___buf_split_7311,__tpi_cp_23___buf_split_7311,1,undetected,__tpi_cp_23___buf_split_7311,__tpi_cp_23___buf_split_7311,__tpi_cp_23___buf_split_7311,sa1,1
293,__buf_split_7311 /1 undetected,output,,__buf_split_7311,__buf_split_7311,1,undetected,__buf_split_7311,__buf_split_7311,__buf_split_7311,sa1,1
294,new_n11142_->__tpi_cp_90_new_n11142_ /0 undetected,input_edge,new_n11142_,__tpi_cp_90_new_n11142_,__tpi_cp_90_new_n11142_,0,undetected,__tpi_cp_90_new_n11142_,__tpi_cp_90_new_n11142_,__tpi_cp_90_new_n11142_,sa0,1
295,test_en->__tpi_cp_90_new_n11142_ /0 undetected,input_edge,test_en,__tpi_cp_90_new_n11142_,__tpi_cp_90_new_n11142_,0,undetected,__tpi_cp_90_new_n11142_,__tpi_cp_90_new_n11142_,__tpi_cp_90_new_n11142_,sa0,1
296,__buf_split_7310 /1 undetected,output,,__buf_split_7310,__buf_split_7310,1,undetected,__buf_split_7310,__buf_split_7310,__buf_split_7310,sa1,1
297,new_n11141_->__tpi_cp_26_new_n11141_ /0 undetected,input_edge,new_n11141_,__tpi_cp_26_new_n11141_,__tpi_cp_26_new_n11141_,0,undetected,__tpi_cp_26_new_n11141_,__tpi_cp_26_new_n11141_,__tpi_cp_26_new_n11141_,sa0,1
298,test_en->__tpi_cp_26_new_n11141_ /0 undetected,input_edge,test_en,__tpi_cp_26_new_n11141_,__tpi_cp_26_new_n11141_,0,undetected,__tpi_cp_26_new_n11141_,__tpi_cp_26_new_n11141_,__tpi_cp_26_new_n11141_,sa0,1
299,__tpi_not_test_en->__tpi_cp_155_new_n11140_ /1 undetected,input_edge,__tpi_not_test_en,__tpi_cp_155_new_n11140_,__tpi_cp_155_new_n11140_,1,undetected,__tpi_cp_155_new_n11140_,__tpi_cp_155_new_n11140_,__tpi_cp_155_new_n11140_,sa1,1
300,__tpi_cp_155_new_n11140_ /1 undetected,output,,__tpi_cp_155_new_n11140_,__tpi_cp_155_new_n11140_,1,undetected,__tpi_cp_155_new_n11140_,__tpi_cp_155_new_n11140_,__tpi_cp_155_new_n11140_,sa1,1
301,new_n11140_ /1 undetected,output,,new_n11140_,new_n11140_,1,undetected,new_n11140_,new_n11140_,new_n11140_,sa1,1
302,__tpi_not_test_en->__tpi_cp_98___buf_split_7305 /1 undetected,input_edge,__tpi_not_test_en,__tpi_cp_98___buf_split_7305,__tpi_cp_98___buf_split_7305,1,undetected,__tpi_cp_98___buf_split_7305,__tpi_cp_98___buf_split_7305,__tpi_cp_98___buf_split_7305,sa1,1
303,__tpi_cp_98___buf_split_7305 /1 undetected,output,,__tpi_cp_98___buf_split_7305,__tpi_cp_98___buf_split_7305,1,undetected,__tpi_cp_98___buf_split_7305,__tpi_cp_98___buf_split_7305,__tpi_cp_98___buf_split_7305,sa1,1
304,__buf_split_7305 /1 undetected,output,,__buf_split_7305,__buf_split_7305,1,undetected,__buf_split_7305,__buf_split_7305,__buf_split_7305,sa1,1
305,new_n10745_->__tpi_cp_27_new_n10745_ /0 undetected,input_edge,new_n10745_,__tpi_cp_27_new_n10745_,__tpi_cp_27_new_n10745_,0,undetected,__tpi_cp_27_new_n10745_,__tpi_cp_27_new_n10745_,__tpi_cp_27_new_n10745_,sa0,1
306,test_en->__tpi_cp_27_new_n10745_ /0 undetected,input_edge,test_en,__tpi_cp_27_new_n10745_,__tpi_cp_27_new_n10745_,0,undetected,__tpi_cp_27_new_n10745_,__tpi_cp_27_new_n10745_,__tpi_cp_27_new_n10745_,sa0,1
307,__buf_split_7304 /1 undetected,output,,__buf_split_7304,__buf_split_7304,1,undetected,__buf_split_7304,__buf_split_7304,__buf_split_7304,sa1,1
308,new_n10315_->__tpi_cp_28_new_n10315_ /0 undetected,input_edge,new_n10315_,__tpi_cp_28_new_n10315_,__tpi_cp_28_new_n10315_,0,undetected,__tpi_cp_28_new_n10315_,__tpi_cp_28_new_n10315_,__tpi_cp_28_new_n10315_,sa0,1
309,test_en->__tpi_cp_28_new_n10315_ /0 undetected,input_edge,test_en,__tpi_cp_28_new_n10315_,__tpi_cp_28_new_n10315_,0,undetected,__tpi_cp_28_new_n10315_,__tpi_cp_28_new_n10315_,__tpi_cp_28_new_n10315_,sa0,1
310,test_en->__tpi_cp_136_new_n11139_ /0 undetected,input_edge,test_en,__tpi_cp_136_new_n11139_,__tpi_cp_136_new_n11139_,0,undetected,__tpi_cp_136_new_n11139_,__tpi_cp_136_new_n11139_,__tpi_cp_136_new_n11139_,sa0,1
311,__tpi_cp_136_new_n11139_ /1 undetected,output,,__tpi_cp_136_new_n11139_,__tpi_cp_136_new_n11139_,1,undetected,__tpi_cp_136_new_n11139_,__tpi_cp_136_new_n11139_,__tpi_cp_136_new_n11139_,sa1,1
312,new_n11139_ /0 undetected,output,,new_n11139_,new_n11139_,0,undetected,new_n11139_,new_n11139_,new_n11139_,sa0,1
313,__tpi_not_test_en->__tpi_cp_8_new_n11138_ /1 undetected,input_edge,__tpi_not_test_en,__tpi_cp_8_new_n11138_,__tpi_cp_8_new_n11138_,1,undetected,__tpi_cp_8_new_n11138_,__tpi_cp_8_new_n11138_,__tpi_cp_8_new_n11138_,sa1,1
314,__tpi_cp_8_new_n11138_ /1 undetected,output,,__tpi_cp_8_new_n11138_,__tpi_cp_8_new_n11138_,1,undetected,__tpi_cp_8_new_n11138_,__tpi_cp_8_new_n11138_,__tpi_cp_8_new_n11138_,sa1,1
315,new_n11138_ /1 undetected,output,,new_n11138_,new_n11138_,1,undetected,new_n11138_,new_n11138_,new_n11138_,sa1,1
316,__tpi_not_test_en->__tpi_cp_148___buf_split_7302 /1 undetected,input_edge,__tpi_not_test_en,__tpi_cp_148___buf_split_7302,__tpi_cp_148___buf_split_7302,1,undetected,__tpi_cp_148___buf_split_7302,__tpi_cp_148___buf_split_7302,__tpi_cp_148___buf_split_7302,sa1,1
317,__tpi_cp_148___buf_split_7302 /1 undetected,output,,__tpi_cp_148___buf_split_7302,__tpi_cp_148___buf_split_7302,1,undetected,__tpi_cp_148___buf_split_7302,__tpi_cp_148___buf_split_7302,__tpi_cp_148___buf_split_7302,sa1,1
318,__buf_split_7302 /1 undetected,output,,__buf_split_7302,__buf_split_7302,1,undetected,__buf_split_7302,__buf_split_7302,__buf_split_7302,sa1,1
319,new_n11137_->__tpi_cp_193_new_n11137_ /1 undetected,input_edge,new_n11137_,__tpi_cp_193_new_n11137_,__tpi_cp_193_new_n11137_,1,undetected,__tpi_cp_193_new_n11137_,__tpi_cp_193_new_n11137_,__tpi_cp_193_new_n11137_,sa1,1
320,__tpi_not_test_en->__tpi_cp_193_new_n11137_ /1 undetected,input_edge,__tpi_not_test_en,__tpi_cp_193_new_n11137_,__tpi_cp_193_new_n11137_,1,undetected,__tpi_cp_193_new_n11137_,__tpi_cp_193_new_n11137_,__tpi_cp_193_new_n11137_,sa1,1
321,__tpi_not_test_en->__tpi_cp_149___buf_split_7301 /1 undetected,input_edge,__tpi_not_test_en,__tpi_cp_149___buf_split_7301,__tpi_cp_149___buf_split_7301,1,undetected,__tpi_cp_149___buf_split_7301,__tpi_cp_149___buf_split_7301,__tpi_cp_149___buf_split_7301,sa1,1
322,__tpi_cp_149___buf_split_7301 /1 undetected,output,,__tpi_cp_149___buf_split_7301,__tpi_cp_149___buf_split_7301,1,undetected,__tpi_cp_149___buf_split_7301,__tpi_cp_149___buf_split_7301,__tpi_cp_149___buf_split_7301,sa1,1
323,__buf_split_7301 /1 undetected,output,,__buf_split_7301,__buf_split_7301,1,undetected,__buf_split_7301,__buf_split_7301,__buf_split_7301,sa1,1
324,new_n11136_->__tpi_cp_80_new_n11136_ /0 undetected,input_edge,new_n11136_,__tpi_cp_80_new_n11136_,__tpi_cp_80_new_n11136_,0,undetected,__tpi_cp_80_new_n11136_,__tpi_cp_80_new_n11136_,__tpi_cp_80_new_n11136_,sa0,1
325,test_en->__tpi_cp_80_new_n11136_ /0 undetected,input_edge,test_en,__tpi_cp_80_new_n11136_,__tpi_cp_80_new_n11136_,0,undetected,__tpi_cp_80_new_n11136_,__tpi_cp_80_new_n11136_,__tpi_cp_80_new_n11136_,sa0,1
326,__tpi_not_test_en->__tpi_cp_147___buf_split_7303 /1 undetected,input_edge,__tpi_not_test_en,__tpi_cp_147___buf_split_7303,__tpi_cp_147___buf_split_7303,1,undetected,__tpi_cp_147___buf_split_7303,__tpi_cp_147___buf_split_7303,__tpi_cp_147___buf_split_7303,sa1,1
327,__tpi_cp_147___buf_split_7303 /1 undetected,output,,__tpi_cp_147___buf_split_7303,__tpi_cp_147___buf_split_7303,1,undetected,__tpi_cp_147___buf_split_7303,__tpi_cp_147___buf_split_7303,__tpi_cp_147___buf_split_7303,sa1,1
328,__buf_split_7303 /1 undetected,output,,__buf_split_7303,__buf_split_7303,1,undetected,__buf_split_7303,__buf_split_7303,__buf_split_7303,sa1,1
329,new_n11135_->__tpi_cp_16_new_n11135_ /0 undetected,input_edge,new_n11135_,__tpi_cp_16_new_n11135_,__tpi_cp_16_new_n11135_,0,undetected,__tpi_cp_16_new_n11135_,__tpi_cp_16_new_n11135_,__tpi_cp_16_new_n11135_,sa0,1
330,test_en->__tpi_cp_16_new_n11135_ /0 undetected,input_edge,test_en,__tpi_cp_16_new_n11135_,__tpi_cp_16_new_n11135_,0,undetected,__tpi_cp_16_new_n11135_,__tpi_cp_16_new_n11135_,__tpi_cp_16_new_n11135_,sa0,1
331,__tpi_not_test_en->__tpi_cp_120___buf_split_7381 /1 undetected,input_edge,__tpi_not_test_en,__tpi_cp_120___buf_split_7381,__tpi_cp_120___buf_split_7381,1,undetected,__tpi_cp_120___buf_split_7381,__tpi_cp_120___buf_split_7381,__tpi_cp_120___buf_split_7381,sa1,1
332,__tpi_cp_120___buf_split_7381 /1 undetected,output,,__tpi_cp_120___buf_split_7381,__tpi_cp_120___buf_split_7381,1,undetected,__tpi_cp_120___buf_split_7381,__tpi_cp_120___buf_split_7381,__tpi_cp_120___buf_split_7381,sa1,1
333,__buf_split_7381 /1 undetected,output,,__buf_split_7381,__buf_split_7381,1,undetected,__buf_split_7381,__buf_split_7381,__buf_split_7381,sa1,1
334,new_n10156_->__tpi_cp_126_new_n10156_ /1 undetected,input_edge,new_n10156_,__tpi_cp_126_new_n10156_,__tpi_cp_126_new_n10156_,1,undetected,__tpi_cp_126_new_n10156_,__tpi_cp_126_new_n10156_,__tpi_cp_126_new_n10156_,sa1,1
335,__tpi_not_test_en->__tpi_cp_126_new_n10156_ /1 undetected,input_edge,__tpi_not_test_en,__tpi_cp_126_new_n10156_,__tpi_cp_126_new_n10156_,1,undetected,__tpi_cp_126_new_n10156_,__tpi_cp_126_new_n10156_,__tpi_cp_126_new_n10156_,sa1,1
336,test_en->__tpi_cp_2_new_n10155_ /0 undetected,input_edge,test_en,__tpi_cp_2_new_n10155_,__tpi_cp_2_new_n10155_,0,undetected,__tpi_cp_2_new_n10155_,__tpi_cp_2_new_n10155_,__tpi_cp_2_new_n10155_,sa0,1
337,new_n10155_ /0 undetected,output,,new_n10155_,new_n10155_,0,undetected,new_n10155_,new_n10155_,new_n10155_,sa0,1
338,test_en->__tpi_cp_128_new_n10154_ /0 undetected,input_edge,test_en,__tpi_cp_128_new_n10154_,__tpi_cp_128_new_n10154_,0,undetected,__tpi_cp_128_new_n10154_,__tpi_cp_128_new_n10154_,__tpi_cp_128_new_n10154_,sa0,1
339,__tpi_cp_128_new_n10154_ /1 undetected,output,,__tpi_cp_128_new_n10154_,__tpi_cp_128_new_n10154_,1,undetected,__tpi_cp_128_new_n10154_,__tpi_cp_128_new_n10154_,__tpi_cp_128_new_n10154_,sa1,1
340,new_n10154_ /0 undetected,output,,new_n10154_,new_n10154_,0,undetected,new_n10154_,new_n10154_,new_n10154_,sa0,1
341,test_en->__tpi_cp_138_new_n10153_ /0 undetected,input_edge,test_en,__tpi_cp_138_new_n10153_,__tpi_cp_138_new_n10153_,0,undetected,__tpi_cp_138_new_n10153_,__tpi_cp_138_new_n10153_,__tpi_cp_138_new_n10153_,sa0,1
342,__tpi_cp_138_new_n10153_ /1 undetected,output,,__tpi_cp_138_new_n10153_,__tpi_cp_138_new_n10153_,1,undetected,__tpi_cp_138_new_n10153_,__tpi_cp_138_new_n10153_,__tpi_cp_138_new_n10153_,sa1,1
343,new_n10153_ /0 undetected,output,,new_n10153_,new_n10153_,0,undetected,new_n10153_,new_n10153_,new_n10153_,sa0,1
344,test_en->__tpi_cp_154_new_n10152_ /0 undetected,input_edge,test_en,__tpi_cp_154_new_n10152_,__tpi_cp_154_new_n10152_,0,undetected,__tpi_cp_154_new_n10152_,__tpi_cp_154_new_n10152_,__tpi_cp_154_new_n10152_,sa0,1
345,__tpi_cp_154_new_n10152_ /1 undetected,output,,__tpi_cp_154_new_n10152_,__tpi_cp_154_new_n10152_,1,undetected,__tpi_cp_154_new_n10152_,__tpi_cp_154_new_n10152_,__tpi_cp_154_new_n10152_,sa1,1
346,new_n10152_ /0 undetected,output,,new_n10152_,new_n10152_,0,undetected,new_n10152_,new_n10152_,new_n10152_,sa0,1
347,__tpi_not_test_en->__tpi_cp_19_new_n10151_ /1 undetected,input_edge,__tpi_not_test_en,__tpi_cp_19_new_n10151_,__tpi_cp_19_new_n10151_,1,undetected,__tpi_cp_19_new_n10151_,__tpi_cp_19_new_n10151_,__tpi_cp_19_new_n10151_,sa1,1
348,__tpi_cp_19_new_n10151_ /1 undetected,output,,__tpi_cp_19_new_n10151_,__tpi_cp_19_new_n10151_,1,undetected,__tpi_cp_19_new_n10151_,__tpi_cp_19_new_n10151_,__tpi_cp_19_new_n10151_,sa1,1
349,new_n10151_ /1 undetected,output,,new_n10151_,new_n10151_,1,undetected,new_n10151_,new_n10151_,new_n10151_,sa1,1
350,__tpi_not_test_en->__tpi_cp_188_new_n10150_ /1 undetected,input_edge,__tpi_not_test_en,__tpi_cp_188_new_n10150_,__tpi_cp_188_new_n10150_,1,undetected,__tpi_cp_188_new_n10150_,__tpi_cp_188_new_n10150_,__tpi_cp_188_new_n10150_,sa1,1
351,__tpi_cp_188_new_n10150_ /1 undetected,output,,__tpi_cp_188_new_n10150_,__tpi_cp_188_new_n10150_,1,undetected,__tpi_cp_188_new_n10150_,__tpi_cp_188_new_n10150_,__tpi_cp_188_new_n10150_,sa1,1
352,new_n10150_ /1 undetected,output,,new_n10150_,new_n10150_,1,undetected,new_n10150_,new_n10150_,new_n10150_,sa1,1
353,__buf_split_6348 /1 undetected,output,,__buf_split_6348,__buf_split_6348,1,undetected,__buf_split_6348,__buf_split_6348,__buf_split_6348,sa1,1
354,__buf_split_6347 /1 undetected,output,,__buf_split_6347,__buf_split_6347,1,undetected,__buf_split_6347,__buf_split_6347,__buf_split_6347,sa1,1
355,__tpi_not_test_en->__tpi_cp_186_new_n10127_ /1 undetected,input_edge,__tpi_not_test_en,__tpi_cp_186_new_n10127_,__tpi_cp_186_new_n10127_,1,undetected,__tpi_cp_186_new_n10127_,__tpi_cp_186_new_n10127_,__tpi_cp_186_new_n10127_,sa1,1
356,__tpi_cp_186_new_n10127_ /1 undetected,output,,__tpi_cp_186_new_n10127_,__tpi_cp_186_new_n10127_,1,undetected,__tpi_cp_186_new_n10127_,__tpi_cp_186_new_n10127_,__tpi_cp_186_new_n10127_,sa1,1
357,new_n10127_ /1 undetected,output,,new_n10127_,new_n10127_,1,undetected,new_n10127_,new_n10127_,new_n10127_,sa1,1
358,__buf_split_6318 /1 undetected,output,,__buf_split_6318,__buf_split_6318,1,undetected,__buf_split_6318,__buf_split_6318,__buf_split_6318,sa1,1
359,__buf_split_6317 /1 undetected,output,,__buf_split_6317,__buf_split_6317,1,undetected,__buf_split_6317,__buf_split_6317,__buf_split_6317,sa1,1
360,test_en->__tpi_cp_81_new_n10104_ /0 undetected,input_edge,test_en,__tpi_cp_81_new_n10104_,__tpi_cp_81_new_n10104_,0,undetected,__tpi_cp_81_new_n10104_,__tpi_cp_81_new_n10104_,__tpi_cp_81_new_n10104_,sa0,1
361,__tpi_cp_81_new_n10104_ /1 undetected,output,,__tpi_cp_81_new_n10104_,__tpi_cp_81_new_n10104_,1,undetected,__tpi_cp_81_new_n10104_,__tpi_cp_81_new_n10104_,__tpi_cp_81_new_n10104_,sa1,1
362,new_n10104_ /0 undetected,output,,new_n10104_,new_n10104_,0,undetected,new_n10104_,new_n10104_,new_n10104_,sa0,1
363,__tpi_not_test_en->__tpi_cp_185_new_n10103_ /1 undetected,input_edge,__tpi_not_test_en,__tpi_cp_185_new_n10103_,__tpi_cp_185_new_n10103_,1,undetected,__tpi_cp_185_new_n10103_,__tpi_cp_185_new_n10103_,__tpi_cp_185_new_n10103_,sa1,1
364,__tpi_cp_185_new_n10103_ /1 undetected,output,,__tpi_cp_185_new_n10103_,__tpi_cp_185_new_n10103_,1,undetected,__tpi_cp_185_new_n10103_,__tpi_cp_185_new_n10103_,__tpi_cp_185_new_n10103_,sa1,1
365,new_n10103_ /1 undetected,output,,new_n10103_,new_n10103_,1,undetected,new_n10103_,new_n10103_,new_n10103_,sa1,1
366,__tpi_not_test_en->__tpi_cp_129___buf_split_6288 /1 undetected,input_edge,__tpi_not_test_en,__tpi_cp_129___buf_split_6288,__tpi_cp_129___buf_split_6288,1,undetected,__tpi_cp_129___buf_split_6288,__tpi_cp_129___buf_split_6288,__tpi_cp_129___buf_split_6288,sa1,1
367,__tpi_cp_129___buf_split_6288 /1 undetected,output,,__tpi_cp_129___buf_split_6288,__tpi_cp_129___buf_split_6288,1,undetected,__tpi_cp_129___buf_split_6288,__tpi_cp_129___buf_split_6288,__tpi_cp_129___buf_split_6288,sa1,1
368,__buf_split_6288 /1 undetected,output,,__buf_split_6288,__buf_split_6288,1,undetected,__buf_split_6288,__buf_split_6288,__buf_split_6288,sa1,1
369,__buf_split_6287 /1 undetected,output,,__buf_split_6287,__buf_split_6287,1,undetected,__buf_split_6287,__buf_split_6287,__buf_split_6287,sa1,1
370,__tpi_not_test_en->__tpi_cp_190_new_n10080_ /1 undetected,input_edge,__tpi_not_test_en,__tpi_cp_190_new_n10080_,__tpi_cp_190_new_n10080_,1,undetected,__tpi_cp_190_new_n10080_,__tpi_cp_190_new_n10080_,__tpi_cp_190_new_n10080_,sa1,1
371,__tpi_cp_190_new_n10080_ /1 undetected,output,,__tpi_cp_190_new_n10080_,__tpi_cp_190_new_n10080_,1,undetected,__tpi_cp_190_new_n10080_,__tpi_cp_190_new_n10080_,__tpi_cp_190_new_n10080_,sa1,1
372,new_n10080_ /1 undetected,output,,new_n10080_,new_n10080_,1,undetected,new_n10080_,new_n10080_,new_n10080_,sa1,1
373,__tpi_not_test_en->__tpi_cp_130___buf_split_6259 /1 undetected,input_edge,__tpi_not_test_en,__tpi_cp_130___buf_split_6259,__tpi_cp_130___buf_split_6259,1,undetected,__tpi_cp_130___buf_split_6259,__tpi_cp_130___buf_split_6259,__tpi_cp_130___buf_split_6259,sa1,1
374,__tpi_cp_130___buf_split_6259 /1 undetected,output,,__tpi_cp_130___buf_split_6259,__tpi_cp_130___buf_split_6259,1,undetected,__tpi_cp_130___buf_split_6259,__tpi_cp_130___buf_split_6259,__tpi_cp_130___buf_split_6259,sa1,1
375,__buf_split_6259 /1 undetected,output,,__buf_split_6259,__buf_split_6259,1,undetected,__buf_split_6259,__buf_split_6259,__buf_split_6259,sa1,1
376,__buf_split_6258 /1 undetected,output,,__buf_split_6258,__buf_split_6258,1,undetected,__buf_split_6258,__buf_split_6258,__buf_split_6258,sa1,1
377,new_n10057_ /1 undetected,output,,new_n10057_,new_n10057_,1,undetected,new_n10057_,new_n10057_,new_n10057_,sa1,1
378,test_en->__tpi_cp_74_new_n10056_ /0 undetected,input_edge,test_en,__tpi_cp_74_new_n10056_,__tpi_cp_74_new_n10056_,0,undetected,__tpi_cp_74_new_n10056_,__tpi_cp_74_new_n10056_,__tpi_cp_74_new_n10056_,sa0,1
379,__tpi_cp_74_new_n10056_ /1 undetected,output,,__tpi_cp_74_new_n10056_,__tpi_cp_74_new_n10056_,1,undetected,__tpi_cp_74_new_n10056_,__tpi_cp_74_new_n10056_,__tpi_cp_74_new_n10056_,sa1,1
380,new_n10056_ /0 undetected,output,,new_n10056_,new_n10056_,0,undetected,new_n10056_,new_n10056_,new_n10056_,sa0,1
381,__tpi_not_test_en->__tpi_cp_187_new_n10055_ /1 undetected,input_edge,__tpi_not_test_en,__tpi_cp_187_new_n10055_,__tpi_cp_187_new_n10055_,1,undetected,__tpi_cp_187_new_n10055_,__tpi_cp_187_new_n10055_,__tpi_cp_187_new_n10055_,sa1,1
382,__tpi_cp_187_new_n10055_ /1 undetected,output,,__tpi_cp_187_new_n10055_,__tpi_cp_187_new_n10055_,1,undetected,__tpi_cp_187_new_n10055_,__tpi_cp_187_new_n10055_,__tpi_cp_187_new_n10055_,sa1,1
383,new_n10055_ /1 undetected,output,,new_n10055_,new_n10055_,1,undetected,new_n10055_,new_n10055_,new_n10055_,sa1,1
384,__buf_split_6229 /1 undetected,output,,__buf_split_6229,__buf_split_6229,1,undetected,__buf_split_6229,__buf_split_6229,__buf_split_6229,sa1,1
385,__buf_split_6228 /1 undetected,output,,__buf_split_6228,__buf_split_6228,1,undetected,__buf_split_6228,__buf_split_6228,__buf_split_6228,sa1,1
386,__tpi_not_test_en->__tpi_cp_191_new_n10032_ /1 undetected,input_edge,__tpi_not_test_en,__tpi_cp_191_new_n10032_,__tpi_cp_191_new_n10032_,1,undetected,__tpi_cp_191_new_n10032_,__tpi_cp_191_new_n10032_,__tpi_cp_191_new_n10032_,sa1,1
387,__tpi_cp_191_new_n10032_ /1 undetected,output,,__tpi_cp_191_new_n10032_,__tpi_cp_191_new_n10032_,1,undetected,__tpi_cp_191_new_n10032_,__tpi_cp_191_new_n10032_,__tpi_cp_191_new_n10032_,sa1,1
388,new_n10032_ /1 undetected,output,,new_n10032_,new_n10032_,1,undetected,new_n10032_,new_n10032_,new_n10032_,sa1,1
389,__tpi_not_test_en->__tpi_cp_150___buf_split_6199 /1 undetected,input_edge,__tpi_not_test_en,__tpi_cp_150___buf_split_6199,__tpi_cp_150___buf_split_6199,1,undetected,__tpi_cp_150___buf_split_6199,__tpi_cp_150___buf_split_6199,__tpi_cp_150___buf_split_6199,sa1,1
390,__tpi_cp_150___buf_split_6199 /1 undetected,output,,__tpi_cp_150___buf_split_6199,__tpi_cp_150___buf_split_6199,1,undetected,__tpi_cp_150___buf_split_6199,__tpi_cp_150___buf_split_6199,__tpi_cp_150___buf_split_6199,sa1,1
391,__buf_split_6199 /1 undetected,output,,__buf_split_6199,__buf_split_6199,1,undetected,__buf_split_6199,__buf_split_6199,__buf_split_6199,sa1,1
392,__buf_split_6198 /1 undetected,output,,__buf_split_6198,__buf_split_6198,1,undetected,__buf_split_6198,__buf_split_6198,__buf_split_6198,sa1,1
393,__tpi_not_test_en->__tpi_cp_13_new_n10009_ /1 undetected,input_edge,__tpi_not_test_en,__tpi_cp_13_new_n10009_,__tpi_cp_13_new_n10009_,1,undetected,__tpi_cp_13_new_n10009_,__tpi_cp_13_new_n10009_,__tpi_cp_13_new_n10009_,sa1,1
394,__tpi_cp_13_new_n10009_ /1 undetected,output,,__tpi_cp_13_new_n10009_,__tpi_cp_13_new_n10009_,1,undetected,__tpi_cp_13_new_n10009_,__tpi_cp_13_new_n10009_,__tpi_cp_13_new_n10009_,sa1,1
395,new_n10009_ /1 undetected,output,,new_n10009_,new_n10009_,1,undetected,new_n10009_,new_n10009_,new_n10009_,sa1,1
396,__tpi_not_test_en->__tpi_cp_192_new_n10008_ /1 undetected,input_edge,__tpi_not_test_en,__tpi_cp_192_new_n10008_,__tpi_cp_192_new_n10008_,1,undetected,__tpi_cp_192_new_n10008_,__tpi_cp_192_new_n10008_,__tpi_cp_192_new_n10008_,sa1,1
397,__tpi_cp_192_new_n10008_ /1 undetected,output,,__tpi_cp_192_new_n10008_,__tpi_cp_192_new_n10008_,1,undetected,__tpi_cp_192_new_n10008_,__tpi_cp_192_new_n10008_,__tpi_cp_192_new_n10008_,sa1,1
398,new_n10008_ /1 undetected,output,,new_n10008_,new_n10008_,1,undetected,new_n10008_,new_n10008_,new_n10008_,sa1,1
399,__buf_split_6170 /1 undetected,output,,__buf_split_6170,__buf_split_6170,1,undetected,__buf_split_6170,__buf_split_6170,__buf_split_6170,sa1,1
400,__buf_split_6169 /1 undetected,output,,__buf_split_6169,__buf_split_6169,1,undetected,__buf_split_6169,__buf_split_6169,__buf_split_6169,sa1,1
401,__tpi_not_test_en->__tpi_cp_189_new_n9985_ /1 undetected,input_edge,__tpi_not_test_en,__tpi_cp_189_new_n9985_,__tpi_cp_189_new_n9985_,1,undetected,__tpi_cp_189_new_n9985_,__tpi_cp_189_new_n9985_,__tpi_cp_189_new_n9985_,sa1,1
402,__tpi_cp_189_new_n9985_ /1 undetected,output,,__tpi_cp_189_new_n9985_,__tpi_cp_189_new_n9985_,1,undetected,__tpi_cp_189_new_n9985_,__tpi_cp_189_new_n9985_,__tpi_cp_189_new_n9985_,sa1,1
403,new_n9985_ /1 undetected,output,,new_n9985_,new_n9985_,1,undetected,new_n9985_,new_n9985_,new_n9985_,sa1,1
404,__buf_split_6142 /1 undetected,output,,__buf_split_6142,__buf_split_6142,1,undetected,__buf_split_6142,__buf_split_6142,__buf_split_6142,sa1,1
405,__buf_split_6141 /1 undetected,output,,__buf_split_6141,__buf_split_6141,1,undetected,__buf_split_6141,__buf_split_6141,__buf_split_6141,sa1,1
406,test_en->__tpi_cp_133_new_n9962_ /0 undetected,input_edge,test_en,__tpi_cp_133_new_n9962_,__tpi_cp_133_new_n9962_,0,undetected,__tpi_cp_133_new_n9962_,__tpi_cp_133_new_n9962_,__tpi_cp_133_new_n9962_,sa0,1
407,__tpi_cp_133_new_n9962_ /1 undetected,output,,__tpi_cp_133_new_n9962_,__tpi_cp_133_new_n9962_,1,undetected,__tpi_cp_133_new_n9962_,__tpi_cp_133_new_n9962_,__tpi_cp_133_new_n9962_,sa1,1
408,new_n9962_ /0 undetected,output,,new_n9962_,new_n9962_,0,undetected,new_n9962_,new_n9962_,new_n9962_,sa0,1
409,test_en->__tpi_cp_201_new_n9961_ /0 undetected,input_edge,test_en,__tpi_cp_201_new_n9961_,__tpi_cp_201_new_n9961_,0,undetected,__tpi_cp_201_new_n9961_,__tpi_cp_201_new_n9961_,__tpi_cp_201_new_n9961_,sa0,1
410,__tpi_cp_201_new_n9961_ /1 undetected,output,,__tpi_cp_201_new_n9961_,__tpi_cp_201_new_n9961_,1,undetected,__tpi_cp_201_new_n9961_,__tpi_cp_201_new_n9961_,__tpi_cp_201_new_n9961_,sa1,1
411,new_n9961_ /0 undetected,output,,new_n9961_,new_n9961_,0,undetected,new_n9961_,new_n9961_,new_n9961_,sa0,1
412,__tpi_not_test_en->__tpi_cp_15_new_n9960_ /1 undetected,input_edge,__tpi_not_test_en,__tpi_cp_15_new_n9960_,__tpi_cp_15_new_n9960_,1,undetected,__tpi_cp_15_new_n9960_,__tpi_cp_15_new_n9960_,__tpi_cp_15_new_n9960_,sa1,1
413,__tpi_cp_15_new_n9960_ /1 undetected,output,,__tpi_cp_15_new_n9960_,__tpi_cp_15_new_n9960_,1,undetected,__tpi_cp_15_new_n9960_,__tpi_cp_15_new_n9960_,__tpi_cp_15_new_n9960_,sa1,1
414,new_n9960_ /1 undetected,output,,new_n9960_,new_n9960_,1,undetected,new_n9960_,new_n9960_,new_n9960_,sa1,1
415,__tpi_not_test_en->__tpi_cp_195_new_n9959_ /1 undetected,input_edge,__tpi_not_test_en,__tpi_cp_195_new_n9959_,__tpi_cp_195_new_n9959_,1,undetected,__tpi_cp_195_new_n9959_,__tpi_cp_195_new_n9959_,__tpi_cp_195_new_n9959_,sa1,1
416,__tpi_cp_195_new_n9959_ /1 undetected,output,,__tpi_cp_195_new_n9959_,__tpi_cp_195_new_n9959_,1,undetected,__tpi_cp_195_new_n9959_,__tpi_cp_195_new_n9959_,__tpi_cp_195_new_n9959_,sa1,1
417,new_n9959_ /1 undetected,output,,new_n9959_,new_n9959_,1,undetected,new_n9959_,new_n9959_,new_n9959_,sa1,1
418,__buf_split_6112 /1 undetected,output,,__buf_split_6112,__buf_split_6112,1,undetected,__buf_split_6112,__buf_split_6112,__buf_split_6112,sa1,1
419,__buf_split_6111 /1 undetected,output,,__buf_split_6111,__buf_split_6111,1,undetected,__buf_split_6111,__buf_split_6111,__buf_split_6111,sa1,1
420,__tpi_not_test_en->__tpi_cp_194_new_n9936_ /1 undetected,input_edge,__tpi_not_test_en,__tpi_cp_194_new_n9936_,__tpi_cp_194_new_n9936_,1,undetected,__tpi_cp_194_new_n9936_,__tpi_cp_194_new_n9936_,__tpi_cp_194_new_n9936_,sa1,1
421,__tpi_cp_194_new_n9936_ /1 undetected,output,,__tpi_cp_194_new_n9936_,__tpi_cp_194_new_n9936_,1,undetected,__tpi_cp_194_new_n9936_,__tpi_cp_194_new_n9936_,__tpi_cp_194_new_n9936_,sa1,1
422,new_n9936_ /1 undetected,output,,new_n9936_,new_n9936_,1,undetected,new_n9936_,new_n9936_,new_n9936_,sa1,1
423,__buf_split_6082 /1 undetected,output,,__buf_split_6082,__buf_split_6082,1,undetected,__buf_split_6082,__buf_split_6082,__buf_split_6082,sa1,1
424,__buf_split_6081 /1 undetected,output,,__buf_split_6081,__buf_split_6081,1,undetected,__buf_split_6081,__buf_split_6081,__buf_split_6081,sa1,1
425,test_en->__tpi_cp_83_new_n9913_ /0 undetected,input_edge,test_en,__tpi_cp_83_new_n9913_,__tpi_cp_83_new_n9913_,0,undetected,__tpi_cp_83_new_n9913_,__tpi_cp_83_new_n9913_,__tpi_cp_83_new_n9913_,sa0,1
426,__tpi_cp_83_new_n9913_ /1 undetected,output,,__tpi_cp_83_new_n9913_,__tpi_cp_83_new_n9913_,1,undetected,__tpi_cp_83_new_n9913_,__tpi_cp_83_new_n9913_,__tpi_cp_83_new_n9913_,sa1,1
427,new_n9913_ /0 undetected,output,,new_n9913_,new_n9913_,0,undetected,new_n9913_,new_n9913_,new_n9913_,sa0,1
428,__tpi_not_test_en->__tpi_cp_197_new_n9912_ /1 undetected,input_edge,__tpi_not_test_en,__tpi_cp_197_new_n9912_,__tpi_cp_197_new_n9912_,1,undetected,__tpi_cp_197_new_n9912_,__tpi_cp_197_new_n9912_,__tpi_cp_197_new_n9912_,sa1,1
429,__tpi_cp_197_new_n9912_ /1 undetected,output,,__tpi_cp_197_new_n9912_,__tpi_cp_197_new_n9912_,1,undetected,__tpi_cp_197_new_n9912_,__tpi_cp_197_new_n9912_,__tpi_cp_197_new_n9912_,sa1,1
430,new_n9912_ /1 undetected,output,,new_n9912_,new_n9912_,1,undetected,new_n9912_,new_n9912_,new_n9912_,sa1,1
431,__tpi_not_test_en->__tpi_cp_143___buf_split_6052 /1 undetected,input_edge,__tpi_not_test_en,__tpi_cp_143___buf_split_6052,__tpi_cp_143___buf_split_6052,1,undetected,__tpi_cp_143___buf_split_6052,__tpi_cp_143___buf_split_6052,__tpi_cp_143___buf_split_6052,sa1,1
432,__tpi_cp_143___buf_split_6052 /1 undetected,output,,__tpi_cp_143___buf_split_6052,__tpi_cp_143___buf_split_6052,1,undetected,__tpi_cp_143___buf_split_6052,__tpi_cp_143___buf_split_6052,__tpi_cp_143___buf_split_6052,sa1,1
433,__buf_split_6052 /1 undetected,output,,__buf_split_6052,__buf_split_6052,1,undetected,__buf_split_6052,__buf_split_6052,__buf_split_6052,sa1,1
434,__buf_split_6051 /1 undetected,output,,__buf_split_6051,__buf_split_6051,1,undetected,__buf_split_6051,__buf_split_6051,__buf_split_6051,sa1,1
435,__tpi_not_test_en->__tpi_cp_199_new_n9889_ /1 undetected,input_edge,__tpi_not_test_en,__tpi_cp_199_new_n9889_,__tpi_cp_199_new_n9889_,1,undetected,__tpi_cp_199_new_n9889_,__tpi_cp_199_new_n9889_,__tpi_cp_199_new_n9889_,sa1,1
436,__tpi_cp_199_new_n9889_ /1 undetected,output,,__tpi_cp_199_new_n9889_,__tpi_cp_199_new_n9889_,1,undetected,__tpi_cp_199_new_n9889_,__tpi_cp_199_new_n9889_,__tpi_cp_199_new_n9889_,sa1,1
437,new_n9889_ /1 undetected,output,,new_n9889_,new_n9889_,1,undetected,new_n9889_,new_n9889_,new_n9889_,sa1,1
438,__tpi_not_test_en->__tpi_cp_144___buf_split_6022 /1 undetected,input_edge,__tpi_not_test_en,__tpi_cp_144___buf_split_6022,__tpi_cp_144___buf_split_6022,1,undetected,__tpi_cp_144___buf_split_6022,__tpi_cp_144___buf_split_6022,__tpi_cp_144___buf_split_6022,sa1,1
439,__tpi_cp_144___buf_split_6022 /1 undetected,output,,__tpi_cp_144___buf_split_6022,__tpi_cp_144___buf_split_6022,1,undetected,__tpi_cp_144___buf_split_6022,__tpi_cp_144___buf_split_6022,__tpi_cp_144___buf_split_6022,sa1,1
440,__buf_split_6022 /1 undetected,output,,__buf_split_6022,__buf_split_6022,1,undetected,__buf_split_6022,__buf_split_6022,__buf_split_6022,sa1,1
441,__buf_split_6021 /1 undetected,output,,__buf_split_6021,__buf_split_6021,1,undetected,__buf_split_6021,__buf_split_6021,__buf_split_6021,sa1,1
442,new_n9866_ /1 undetected,output,,new_n9866_,new_n9866_,1,undetected,new_n9866_,new_n9866_,new_n9866_,sa1,1
443,__tpi_not_test_en->__tpi_cp_17_new_n9865_ /1 undetected,input_edge,__tpi_not_test_en,__tpi_cp_17_new_n9865_,__tpi_cp_17_new_n9865_,1,undetected,__tpi_cp_17_new_n9865_,__tpi_cp_17_new_n9865_,__tpi_cp_17_new_n9865_,sa1,1
444,__tpi_cp_17_new_n9865_ /1 undetected,output,,__tpi_cp_17_new_n9865_,__tpi_cp_17_new_n9865_,1,undetected,__tpi_cp_17_new_n9865_,__tpi_cp_17_new_n9865_,__tpi_cp_17_new_n9865_,sa1,1
445,new_n9865_ /1 undetected,output,,new_n9865_,new_n9865_,1,undetected,new_n9865_,new_n9865_,new_n9865_,sa1,1
446,__tpi_not_test_en->__tpi_cp_196_new_n9864_ /1 undetected,input_edge,__tpi_not_test_en,__tpi_cp_196_new_n9864_,__tpi_cp_196_new_n9864_,1,undetected,__tpi_cp_196_new_n9864_,__tpi_cp_196_new_n9864_,__tpi_cp_196_new_n9864_,sa1,1
447,__tpi_cp_196_new_n9864_ /1 undetected,output,,__tpi_cp_196_new_n9864_,__tpi_cp_196_new_n9864_,1,undetected,__tpi_cp_196_new_n9864_,__tpi_cp_196_new_n9864_,__tpi_cp_196_new_n9864_,sa1,1
448,new_n9864_ /1 undetected,output,,new_n9864_,new_n9864_,1,undetected,new_n9864_,new_n9864_,new_n9864_,sa1,1
449,__buf_split_5992 /1 undetected,output,,__buf_split_5992,__buf_split_5992,1,undetected,__buf_split_5992,__buf_split_5992,__buf_split_5992,sa1,1
450,__buf_split_5991 /1 undetected,output,,__buf_split_5991,__buf_split_5991,1,undetected,__buf_split_5991,__buf_split_5991,__buf_split_5991,sa1,1
451,__tpi_not_test_en->__tpi_cp_198_new_n9841_ /1 undetected,input_edge,__tpi_not_test_en,__tpi_cp_198_new_n9841_,__tpi_cp_198_new_n9841_,1,undetected,__tpi_cp_198_new_n9841_,__tpi_cp_198_new_n9841_,__tpi_cp_198_new_n9841_,sa1,1
452,__tpi_cp_198_new_n9841_ /1 undetected,output,,__tpi_cp_198_new_n9841_,__tpi_cp_198_new_n9841_,1,undetected,__tpi_cp_198_new_n9841_,__tpi_cp_198_new_n9841_,__tpi_cp_198_new_n9841_,sa1,1
453,new_n9841_ /1 undetected,output,,new_n9841_,new_n9841_,1,undetected,new_n9841_,new_n9841_,new_n9841_,sa1,1
454,__buf_split_5962 /1 undetected,output,,__buf_split_5962,__buf_split_5962,1,undetected,__buf_split_5962,__buf_split_5962,__buf_split_5962,sa1,1
455,__buf_split_5961 /1 undetected,output,,__buf_split_5961,__buf_split_5961,1,undetected,__buf_split_5961,__buf_split_5961,__buf_split_5961,sa1,1
456,test_en->__tpi_cp_93_new_n9817_ /0 undetected,input_edge,test_en,__tpi_cp_93_new_n9817_,__tpi_cp_93_new_n9817_,0,undetected,__tpi_cp_93_new_n9817_,__tpi_cp_93_new_n9817_,__tpi_cp_93_new_n9817_,sa0,1
457,__tpi_cp_93_new_n9817_ /1 undetected,output,,__tpi_cp_93_new_n9817_,__tpi_cp_93_new_n9817_,1,undetected,__tpi_cp_93_new_n9817_,__tpi_cp_93_new_n9817_,__tpi_cp_93_new_n9817_,sa1,1
458,new_n9817_ /0 undetected,output,,new_n9817_,new_n9817_,0,undetected,new_n9817_,new_n9817_,new_n9817_,sa0,1
459,__tpi_not_test_en->__tpi_cp_204_new_n9816_ /1 undetected,input_edge,__tpi_not_test_en,__tpi_cp_204_new_n9816_,__tpi_cp_204_new_n9816_,1,undetected,__tpi_cp_204_new_n9816_,__tpi_cp_204_new_n9816_,__tpi_cp_204_new_n9816_,sa1,1
460,__tpi_cp_204_new_n9816_ /1 undetected,output,,__tpi_cp_204_new_n9816_,__tpi_cp_204_new_n9816_,1,undetected,__tpi_cp_204_new_n9816_,__tpi_cp_204_new_n9816_,__tpi_cp_204_new_n9816_,sa1,1
461,new_n9816_ /1 undetected,output,,new_n9816_,new_n9816_,1,undetected,new_n9816_,new_n9816_,new_n9816_,sa1,1
462,__tpi_not_test_en->__tpi_cp_145___buf_split_5930 /1 undetected,input_edge,__tpi_not_test_en,__tpi_cp_145___buf_split_5930,__tpi_cp_145___buf_split_5930,1,undetected,__tpi_cp_145___buf_split_5930,__tpi_cp_145___buf_split_5930,__tpi_cp_145___buf_split_5930,sa1,1
463,__tpi_cp_145___buf_split_5930 /1 undetected,output,,__tpi_cp_145___buf_split_5930,__tpi_cp_145___buf_split_5930,1,undetected,__tpi_cp_145___buf_split_5930,__tpi_cp_145___buf_split_5930,__tpi_cp_145___buf_split_5930,sa1,1
464,__buf_split_5930 /1 undetected,output,,__buf_split_5930,__buf_split_5930,1,undetected,__buf_split_5930,__buf_split_5930,__buf_split_5930,sa1,1
465,__buf_split_5929 /1 undetected,output,,__buf_split_5929,__buf_split_5929,1,undetected,__buf_split_5929,__buf_split_5929,__buf_split_5929,sa1,1
466,__tpi_not_test_en->__tpi_cp_205_new_n9793_ /1 undetected,input_edge,__tpi_not_test_en,__tpi_cp_205_new_n9793_,__tpi_cp_205_new_n9793_,1,undetected,__tpi_cp_205_new_n9793_,__tpi_cp_205_new_n9793_,__tpi_cp_205_new_n9793_,sa1,1
467,__tpi_cp_205_new_n9793_ /1 undetected,output,,__tpi_cp_205_new_n9793_,__tpi_cp_205_new_n9793_,1,undetected,__tpi_cp_205_new_n9793_,__tpi_cp_205_new_n9793_,__tpi_cp_205_new_n9793_,sa1,1
468,new_n9793_ /1 undetected,output,,new_n9793_,new_n9793_,1,undetected,new_n9793_,new_n9793_,new_n9793_,sa1,1
469,__tpi_not_test_en->__tpi_cp_146___buf_split_5900 /1 undetected,input_edge,__tpi_not_test_en,__tpi_cp_146___buf_split_5900,__tpi_cp_146___buf_split_5900,1,undetected,__tpi_cp_146___buf_split_5900,__tpi_cp_146___buf_split_5900,__tpi_cp_146___buf_split_5900,sa1,1
470,__tpi_cp_146___buf_split_5900 /1 undetected,output,,__tpi_cp_146___buf_split_5900,__tpi_cp_146___buf_split_5900,1,undetected,__tpi_cp_146___buf_split_5900,__tpi_cp_146___buf_split_5900,__tpi_cp_146___buf_split_5900,sa1,1
471,__buf_split_5900 /1 undetected,output,,__buf_split_5900,__buf_split_5900,1,undetected,__buf_split_5900,__buf_split_5900,__buf_split_5900,sa1,1
472,__buf_split_5899 /1 undetected,output,,__buf_split_5899,__buf_split_5899,1,undetected,__buf_split_5899,__buf_split_5899,__buf_split_5899,sa1,1
473,test_en->__tpi_cp_125_new_n9770_ /0 undetected,input_edge,test_en,__tpi_cp_125_new_n9770_,__tpi_cp_125_new_n9770_,0,undetected,__tpi_cp_125_new_n9770_,__tpi_cp_125_new_n9770_,__tpi_cp_125_new_n9770_,sa0,1
474,__tpi_cp_125_new_n9770_ /1 undetected,output,,__tpi_cp_125_new_n9770_,__tpi_cp_125_new_n9770_,1,undetected,__tpi_cp_125_new_n9770_,__tpi_cp_125_new_n9770_,__tpi_cp_125_new_n9770_,sa1,1
475,new_n9770_ /0 undetected,output,,new_n9770_,new_n9770_,0,undetected,new_n9770_,new_n9770_,new_n9770_,sa0,1
476,test_en->__tpi_cp_131_new_n9769_ /0 undetected,input_edge,test_en,__tpi_cp_131_new_n9769_,__tpi_cp_131_new_n9769_,0,undetected,__tpi_cp_131_new_n9769_,__tpi_cp_131_new_n9769_,__tpi_cp_131_new_n9769_,sa0,1
477,__tpi_cp_131_new_n9769_ /1 undetected,output,,__tpi_cp_131_new_n9769_,__tpi_cp_131_new_n9769_,1,undetected,__tpi_cp_131_new_n9769_,__tpi_cp_131_new_n9769_,__tpi_cp_131_new_n9769_,sa1,1
478,new_n9769_ /0 undetected,output,,new_n9769_,new_n9769_,0,undetected,new_n9769_,new_n9769_,new_n9769_,sa0,1
479,test_en->__tpi_cp_171_new_n9768_ /0 undetected,input_edge,test_en,__tpi_cp_171_new_n9768_,__tpi_cp_171_new_n9768_,0,undetected,__tpi_cp_171_new_n9768_,__tpi_cp_171_new_n9768_,__tpi_cp_171_new_n9768_,sa0,1
480,__tpi_cp_171_new_n9768_ /1 undetected,output,,__tpi_cp_171_new_n9768_,__tpi_cp_171_new_n9768_,1,undetected,__tpi_cp_171_new_n9768_,__tpi_cp_171_new_n9768_,__tpi_cp_171_new_n9768_,sa1,1
481,new_n9768_ /0 undetected,output,,new_n9768_,new_n9768_,0,undetected,new_n9768_,new_n9768_,new_n9768_,sa0,1
482,new_n9767_ /1 undetected,output,,new_n9767_,new_n9767_,1,undetected,new_n9767_,new_n9767_,new_n9767_,sa1,1
483,__tpi_not_test_en->__tpi_cp_22_new_n9766_ /1 undetected,input_edge,__tpi_not_test_en,__tpi_cp_22_new_n9766_,__tpi_cp_22_new_n9766_,1,undetected,__tpi_cp_22_new_n9766_,__tpi_cp_22_new_n9766_,__tpi_cp_22_new_n9766_,sa1,1
484,__tpi_cp_22_new_n9766_ /1 undetected,output,,__tpi_cp_22_new_n9766_,__tpi_cp_22_new_n9766_,1,undetected,__tpi_cp_22_new_n9766_,__tpi_cp_22_new_n9766_,__tpi_cp_22_new_n9766_,sa1,1
485,new_n9766_ /1 undetected,output,,new_n9766_,new_n9766_,1,undetected,new_n9766_,new_n9766_,new_n9766_,sa1,1
486,test_en->__tpi_cp_91_new_n9765_ /0 undetected,input_edge,test_en,__tpi_cp_91_new_n9765_,__tpi_cp_91_new_n9765_,0,undetected,__tpi_cp_91_new_n9765_,__tpi_cp_91_new_n9765_,__tpi_cp_91_new_n9765_,sa0,1
487,__tpi_cp_91_new_n9765_ /1 undetected,output,,__tpi_cp_91_new_n9765_,__tpi_cp_91_new_n9765_,1,undetected,__tpi_cp_91_new_n9765_,__tpi_cp_91_new_n9765_,__tpi_cp_91_new_n9765_,sa1,1
488,new_n9765_ /0 undetected,output,,new_n9765_,new_n9765_,0,undetected,new_n9765_,new_n9765_,new_n9765_,sa0,1
489,__buf_split_5870 /1 undetected,output,,__buf_split_5870,__buf_split_5870,1,undetected,__buf_split_5870,__buf_split_5870,__buf_split_5870,sa1,1
490,__buf_split_5869 /1 undetected,output,,__buf_split_5869,__buf_split_5869,1,undetected,__buf_split_5869,__buf_split_5869,__buf_split_5869,sa1,1
491,new_n9753_ /1 undetected,output,,new_n9753_,new_n9753_,1,undetected,new_n9753_,new_n9753_,new_n9753_,sa1,1
492,__buf_split_5854 /1 undetected,output,,__buf_split_5854,__buf_split_5854,1,undetected,__buf_split_5854,__buf_split_5854,__buf_split_5854,sa1,1
493,__buf_split_5853 /1 undetected,output,,__buf_split_5853,__buf_split_5853,1,undetected,__buf_split_5853,__buf_split_5853,__buf_split_5853,sa1,1
494,__tpi_not_test_en->__tpi_cp_165_new_n9741_ /1 undetected,input_edge,__tpi_not_test_en,__tpi_cp_165_new_n9741_,__tpi_cp_165_new_n9741_,1,undetected,__tpi_cp_165_new_n9741_,__tpi_cp_165_new_n9741_,__tpi_cp_165_new_n9741_,sa1,1
495,__tpi_cp_165_new_n9741_ /1 undetected,output,,__tpi_cp_165_new_n9741_,__tpi_cp_165_new_n9741_,1,undetected,__tpi_cp_165_new_n9741_,__tpi_cp_165_new_n9741_,__tpi_cp_165_new_n9741_,sa1,1
496,new_n9741_ /1 undetected,output,,new_n9741_,new_n9741_,1,undetected,new_n9741_,new_n9741_,new_n9741_,sa1,1
497,test_en->__tpi_cp_62_new_n9740_ /0 undetected,input_edge,test_en,__tpi_cp_62_new_n9740_,__tpi_cp_62_new_n9740_,0,undetected,__tpi_cp_62_new_n9740_,__tpi_cp_62_new_n9740_,__tpi_cp_62_new_n9740_,sa0,1
498,__tpi_cp_62_new_n9740_ /1 undetected,output,,__tpi_cp_62_new_n9740_,__tpi_cp_62_new_n9740_,1,undetected,__tpi_cp_62_new_n9740_,__tpi_cp_62_new_n9740_,__tpi_cp_62_new_n9740_,sa1,1
499,new_n9740_ /0 undetected,output,,new_n9740_,new_n9740_,0,undetected,new_n9740_,new_n9740_,new_n9740_,sa0,1
500,__buf_split_5838 /1 undetected,output,,__buf_split_5838,__buf_split_5838,1,undetected,__buf_split_5838,__buf_split_5838,__buf_split_5838,sa1,1
501,__buf_split_5837 /1 undetected,output,,__buf_split_5837,__buf_split_5837,1,undetected,__buf_split_5837,__buf_split_5837,__buf_split_5837,sa1,1
502,new_n9728_ /1 undetected,output,,new_n9728_,new_n9728_,1,undetected,new_n9728_,new_n9728_,new_n9728_,sa1,1
503,__buf_split_5822 /1 undetected,output,,__buf_split_5822,__buf_split_5822,1,undetected,__buf_split_5822,__buf_split_5822,__buf_split_5822,sa1,1
504,__buf_split_5821 /1 undetected,output,,__buf_split_5821,__buf_split_5821,1,undetected,__buf_split_5821,__buf_split_5821,__buf_split_5821,sa1,1
505,test_en->__tpi_cp_68_new_n9715_ /0 undetected,input_edge,test_en,__tpi_cp_68_new_n9715_,__tpi_cp_68_new_n9715_,0,undetected,__tpi_cp_68_new_n9715_,__tpi_cp_68_new_n9715_,__tpi_cp_68_new_n9715_,sa0,1
506,__tpi_cp_68_new_n9715_ /1 undetected,output,,__tpi_cp_68_new_n9715_,__tpi_cp_68_new_n9715_,1,undetected,__tpi_cp_68_new_n9715_,__tpi_cp_68_new_n9715_,__tpi_cp_68_new_n9715_,sa1,1
507,new_n9715_ /0 undetected,output,,new_n9715_,new_n9715_,0,undetected,new_n9715_,new_n9715_,new_n9715_,sa0,1
508,__tpi_not_test_en->__tpi_cp_164_new_n9714_ /1 undetected,input_edge,__tpi_not_test_en,__tpi_cp_164_new_n9714_,__tpi_cp_164_new_n9714_,1,undetected,__tpi_cp_164_new_n9714_,__tpi_cp_164_new_n9714_,__tpi_cp_164_new_n9714_,sa1,1
509,__tpi_cp_164_new_n9714_ /1 undetected,output,,__tpi_cp_164_new_n9714_,__tpi_cp_164_new_n9714_,1,undetected,__tpi_cp_164_new_n9714_,__tpi_cp_164_new_n9714_,__tpi_cp_164_new_n9714_,sa1,1
510,new_n9714_ /1 undetected,output,,new_n9714_,new_n9714_,1,undetected,new_n9714_,new_n9714_,new_n9714_,sa1,1
511,new_n9713_ /1 undetected,output,,new_n9713_,new_n9713_,1,undetected,new_n9713_,new_n9713_,new_n9713_,sa1,1
512,__buf_split_5804 /1 undetected,output,,__buf_split_5804,__buf_split_5804,1,undetected,__buf_split_5804,__buf_split_5804,__buf_split_5804,sa1,1
513,__buf_split_5803 /1 undetected,output,,__buf_split_5803,__buf_split_5803,1,undetected,__buf_split_5803,__buf_split_5803,__buf_split_5803,sa1,1
514,new_n9702_ /1 undetected,output,,new_n9702_,new_n9702_,1,undetected,new_n9702_,new_n9702_,new_n9702_,sa1,1
515,__buf_split_5790 /1 undetected,output,,__buf_split_5790,__buf_split_5790,1,undetected,__buf_split_5790,__buf_split_5790,__buf_split_5790,sa1,1
516,__buf_split_5789 /1 undetected,output,,__buf_split_5789,__buf_split_5789,1,undetected,__buf_split_5789,__buf_split_5789,__buf_split_5789,sa1,1
517,__tpi_not_test_en->__tpi_cp_21_new_n9691_ /1 undetected,input_edge,__tpi_not_test_en,__tpi_cp_21_new_n9691_,__tpi_cp_21_new_n9691_,1,undetected,__tpi_cp_21_new_n9691_,__tpi_cp_21_new_n9691_,__tpi_cp_21_new_n9691_,sa1,1
518,__tpi_cp_21_new_n9691_ /1 undetected,output,,__tpi_cp_21_new_n9691_,__tpi_cp_21_new_n9691_,1,undetected,__tpi_cp_21_new_n9691_,__tpi_cp_21_new_n9691_,__tpi_cp_21_new_n9691_,sa1,1
519,new_n9691_ /1 undetected,output,,new_n9691_,new_n9691_,1,undetected,new_n9691_,new_n9691_,new_n9691_,sa1,1
520,new_n9690_ /1 undetected,output,,new_n9690_,new_n9690_,1,undetected,new_n9690_,new_n9690_,new_n9690_,sa1,1
521,__buf_split_5776 /1 undetected,output,,__buf_split_5776,__buf_split_5776,1,undetected,__buf_split_5776,__buf_split_5776,__buf_split_5776,sa1,1
522,__buf_split_5775 /1 undetected,output,,__buf_split_5775,__buf_split_5775,1,undetected,__buf_split_5775,__buf_split_5775,__buf_split_5775,sa1,1
523,new_n9678_ /1 undetected,output,,new_n9678_,new_n9678_,1,undetected,new_n9678_,new_n9678_,new_n9678_,sa1,1
524,__buf_split_5760 /1 undetected,output,,__buf_split_5760,__buf_split_5760,1,undetected,__buf_split_5760,__buf_split_5760,__buf_split_5760,sa1,1
525,__buf_split_5759 /1 undetected,output,,__buf_split_5759,__buf_split_5759,1,undetected,__buf_split_5759,__buf_split_5759,__buf_split_5759,sa1,1
526,test_en->__tpi_cp_207_new_n9666_ /0 undetected,input_edge,test_en,__tpi_cp_207_new_n9666_,__tpi_cp_207_new_n9666_,0,undetected,__tpi_cp_207_new_n9666_,__tpi_cp_207_new_n9666_,__tpi_cp_207_new_n9666_,sa0,1
527,__tpi_cp_207_new_n9666_ /1 undetected,output,,__tpi_cp_207_new_n9666_,__tpi_cp_207_new_n9666_,1,undetected,__tpi_cp_207_new_n9666_,__tpi_cp_207_new_n9666_,__tpi_cp_207_new_n9666_,sa1,1
528,new_n9666_ /0 undetected,output,,new_n9666_,new_n9666_,0,undetected,new_n9666_,new_n9666_,new_n9666_,sa0,1
529,__tpi_not_test_en->__tpi_cp_20_new_n9665_ /1 undetected,input_edge,__tpi_not_test_en,__tpi_cp_20_new_n9665_,__tpi_cp_20_new_n9665_,1,undetected,__tpi_cp_20_new_n9665_,__tpi_cp_20_new_n9665_,__tpi_cp_20_new_n9665_,sa1,1
530,__tpi_cp_20_new_n9665_ /1 undetected,output,,__tpi_cp_20_new_n9665_,__tpi_cp_20_new_n9665_,1,undetected,__tpi_cp_20_new_n9665_,__tpi_cp_20_new_n9665_,__tpi_cp_20_new_n9665_,sa1,1
531,new_n9665_ /1 undetected,output,,new_n9665_,new_n9665_,1,undetected,new_n9665_,new_n9665_,new_n9665_,sa1,1
532,__buf_split_5744 /1 undetected,output,,__buf_split_5744,__buf_split_5744,1,undetected,__buf_split_5744,__buf_split_5744,__buf_split_5744,sa1,1
533,new_n9664_->__tpi_cp_89_new_n9664_ /0 undetected,input_edge,new_n9664_,__tpi_cp_89_new_n9664_,__tpi_cp_89_new_n9664_,0,undetected,__tpi_cp_89_new_n9664_,__tpi_cp_89_new_n9664_,__tpi_cp_89_new_n9664_,sa0,1
534,test_en->__tpi_cp_89_new_n9664_ /0 undetected,input_edge,test_en,__tpi_cp_89_new_n9664_,__tpi_cp_89_new_n9664_,0,undetected,__tpi_cp_89_new_n9664_,__tpi_cp_89_new_n9664_,__tpi_cp_89_new_n9664_,sa0,1
535,__buf_split_5743 /1 undetected,output,,__buf_split_5743,__buf_split_5743,1,undetected,__buf_split_5743,__buf_split_5743,__buf_split_5743,sa1,1
536,new_n9640_->__tpi_cp_85_new_n9640_ /0 undetected,input_edge,new_n9640_,__tpi_cp_85_new_n9640_,__tpi_cp_85_new_n9640_,0,undetected,__tpi_cp_85_new_n9640_,__tpi_cp_85_new_n9640_,__tpi_cp_85_new_n9640_,sa0,1
537,test_en->__tpi_cp_85_new_n9640_ /0 undetected,input_edge,test_en,__tpi_cp_85_new_n9640_,__tpi_cp_85_new_n9640_,0,undetected,__tpi_cp_85_new_n9640_,__tpi_cp_85_new_n9640_,__tpi_cp_85_new_n9640_,sa0,1
538,test_en->__tpi_cp_73_new_n9620_ /0 undetected,input_edge,test_en,__tpi_cp_73_new_n9620_,__tpi_cp_73_new_n9620_,0,undetected,__tpi_cp_73_new_n9620_,__tpi_cp_73_new_n9620_,__tpi_cp_73_new_n9620_,sa0,1
539,__tpi_cp_73_new_n9620_ /1 undetected,output,,__tpi_cp_73_new_n9620_,__tpi_cp_73_new_n9620_,1,undetected,__tpi_cp_73_new_n9620_,__tpi_cp_73_new_n9620_,__tpi_cp_73_new_n9620_,sa1,1
540,new_n9620_ /0 undetected,output,,new_n9620_,new_n9620_,0,undetected,new_n9620_,new_n9620_,new_n9620_,sa0,1
541,__tpi_not_test_en->__tpi_cp_170_new_n9619_ /1 undetected,input_edge,__tpi_not_test_en,__tpi_cp_170_new_n9619_,__tpi_cp_170_new_n9619_,1,undetected,__tpi_cp_170_new_n9619_,__tpi_cp_170_new_n9619_,__tpi_cp_170_new_n9619_,sa1,1
542,__tpi_cp_170_new_n9619_ /1 undetected,output,,__tpi_cp_170_new_n9619_,__tpi_cp_170_new_n9619_,1,undetected,__tpi_cp_170_new_n9619_,__tpi_cp_170_new_n9619_,__tpi_cp_170_new_n9619_,sa1,1
543,new_n9619_ /1 undetected,output,,new_n9619_,new_n9619_,1,undetected,new_n9619_,new_n9619_,new_n9619_,sa1,1
544,new_n9618_ /1 undetected,output,,new_n9618_,new_n9618_,1,undetected,new_n9618_,new_n9618_,new_n9618_,sa1,1
545,__buf_split_5686 /1 undetected,output,,__buf_split_5686,__buf_split_5686,1,undetected,__buf_split_5686,__buf_split_5686,__buf_split_5686,sa1,1
546,__buf_split_5685 /1 undetected,output,,__buf_split_5685,__buf_split_5685,1,undetected,__buf_split_5685,__buf_split_5685,__buf_split_5685,sa1,1
547,__tpi_not_test_en->__tpi_cp_53_new_n9606_ /1 undetected,input_edge,__tpi_not_test_en,__tpi_cp_53_new_n9606_,__tpi_cp_53_new_n9606_,1,undetected,__tpi_cp_53_new_n9606_,__tpi_cp_53_new_n9606_,__tpi_cp_53_new_n9606_,sa1,1
548,__tpi_cp_53_new_n9606_ /1 undetected,output,,__tpi_cp_53_new_n9606_,__tpi_cp_53_new_n9606_,1,undetected,__tpi_cp_53_new_n9606_,__tpi_cp_53_new_n9606_,__tpi_cp_53_new_n9606_,sa1,1
549,new_n9606_ /1 undetected,output,,new_n9606_,new_n9606_,1,undetected,new_n9606_,new_n9606_,new_n9606_,sa1,1
550,__buf_split_5670 /1 undetected,output,,__buf_split_5670,__buf_split_5670,1,undetected,__buf_split_5670,__buf_split_5670,__buf_split_5670,sa1,1
551,__buf_split_5669 /1 undetected,output,,__buf_split_5669,__buf_split_5669,1,undetected,__buf_split_5669,__buf_split_5669,__buf_split_5669,sa1,1
552,__tpi_not_test_en->__tpi_cp_169_new_n9594_ /1 undetected,input_edge,__tpi_not_test_en,__tpi_cp_169_new_n9594_,__tpi_cp_169_new_n9594_,1,undetected,__tpi_cp_169_new_n9594_,__tpi_cp_169_new_n9594_,__tpi_cp_169_new_n9594_,sa1,1
553,__tpi_cp_169_new_n9594_ /1 undetected,output,,__tpi_cp_169_new_n9594_,__tpi_cp_169_new_n9594_,1,undetected,__tpi_cp_169_new_n9594_,__tpi_cp_169_new_n9594_,__tpi_cp_169_new_n9594_,sa1,1
554,new_n9594_ /1 undetected,output,,new_n9594_,new_n9594_,1,undetected,new_n9594_,new_n9594_,new_n9594_,sa1,1
555,__tpi_not_test_en->__tpi_cp_54_new_n9593_ /1 undetected,input_edge,__tpi_not_test_en,__tpi_cp_54_new_n9593_,__tpi_cp_54_new_n9593_,1,undetected,__tpi_cp_54_new_n9593_,__tpi_cp_54_new_n9593_,__tpi_cp_54_new_n9593_,sa1,1
556,__tpi_cp_54_new_n9593_ /1 undetected,output,,__tpi_cp_54_new_n9593_,__tpi_cp_54_new_n9593_,1,undetected,__tpi_cp_54_new_n9593_,__tpi_cp_54_new_n9593_,__tpi_cp_54_new_n9593_,sa1,1
557,new_n9593_ /1 undetected,output,,new_n9593_,new_n9593_,1,undetected,new_n9593_,new_n9593_,new_n9593_,sa1,1
558,__buf_split_5654 /1 undetected,output,,__buf_split_5654,__buf_split_5654,1,undetected,__buf_split_5654,__buf_split_5654,__buf_split_5654,sa1,1
559,__buf_split_5653 /1 undetected,output,,__buf_split_5653,__buf_split_5653,1,undetected,__buf_split_5653,__buf_split_5653,__buf_split_5653,sa1,1
560,new_n9582_ /1 undetected,output,,new_n9582_,new_n9582_,1,undetected,new_n9582_,new_n9582_,new_n9582_,sa1,1
561,__buf_split_5640 /1 undetected,output,,__buf_split_5640,__buf_split_5640,1,undetected,__buf_split_5640,__buf_split_5640,__buf_split_5640,sa1,1
562,__buf_split_5639 /1 undetected,output,,__buf_split_5639,__buf_split_5639,1,undetected,__buf_split_5639,__buf_split_5639,__buf_split_5639,sa1,1
563,test_en->__tpi_cp_140_new_n9534_ /0 undetected,input_edge,test_en,__tpi_cp_140_new_n9534_,__tpi_cp_140_new_n9534_,0,undetected,__tpi_cp_140_new_n9534_,__tpi_cp_140_new_n9534_,__tpi_cp_140_new_n9534_,sa0,1
564,__tpi_cp_140_new_n9534_ /1 undetected,output,,__tpi_cp_140_new_n9534_,__tpi_cp_140_new_n9534_,1,undetected,__tpi_cp_140_new_n9534_,__tpi_cp_140_new_n9534_,__tpi_cp_140_new_n9534_,sa1,1
565,new_n9534_ /0 undetected,output,,new_n9534_,new_n9534_,0,undetected,new_n9534_,new_n9534_,new_n9534_,sa0,1
566,test_en->__tpi_cp_152_new_n9533_ /0 undetected,input_edge,test_en,__tpi_cp_152_new_n9533_,__tpi_cp_152_new_n9533_,0,undetected,__tpi_cp_152_new_n9533_,__tpi_cp_152_new_n9533_,__tpi_cp_152_new_n9533_,sa0,1
567,__tpi_cp_152_new_n9533_ /1 undetected,output,,__tpi_cp_152_new_n9533_,__tpi_cp_152_new_n9533_,1,undetected,__tpi_cp_152_new_n9533_,__tpi_cp_152_new_n9533_,__tpi_cp_152_new_n9533_,sa1,1
568,new_n9533_ /0 undetected,output,,new_n9533_,new_n9533_,0,undetected,new_n9533_,new_n9533_,new_n9533_,sa0,1
569,test_en->__tpi_cp_200_new_n9532_ /0 undetected,input_edge,test_en,__tpi_cp_200_new_n9532_,__tpi_cp_200_new_n9532_,0,undetected,__tpi_cp_200_new_n9532_,__tpi_cp_200_new_n9532_,__tpi_cp_200_new_n9532_,sa0,1
570,__tpi_cp_200_new_n9532_ /1 undetected,output,,__tpi_cp_200_new_n9532_,__tpi_cp_200_new_n9532_,1,undetected,__tpi_cp_200_new_n9532_,__tpi_cp_200_new_n9532_,__tpi_cp_200_new_n9532_,sa1,1
571,new_n9532_ /0 undetected,output,,new_n9532_,new_n9532_,0,undetected,new_n9532_,new_n9532_,new_n9532_,sa0,1
572,test_en->__tpi_cp_69_new_n9531_ /0 undetected,input_edge,test_en,__tpi_cp_69_new_n9531_,__tpi_cp_69_new_n9531_,0,undetected,__tpi_cp_69_new_n9531_,__tpi_cp_69_new_n9531_,__tpi_cp_69_new_n9531_,sa0,1
573,__tpi_cp_69_new_n9531_ /1 undetected,output,,__tpi_cp_69_new_n9531_,__tpi_cp_69_new_n9531_,1,undetected,__tpi_cp_69_new_n9531_,__tpi_cp_69_new_n9531_,__tpi_cp_69_new_n9531_,sa1,1
574,new_n9531_ /0 undetected,output,,new_n9531_,new_n9531_,0,undetected,new_n9531_,new_n9531_,new_n9531_,sa0,1
575,__tpi_not_test_en->__tpi_cp_122___buf_split_5603 /1 undetected,input_edge,__tpi_not_test_en,__tpi_cp_122___buf_split_5603,__tpi_cp_122___buf_split_5603,1,undetected,__tpi_cp_122___buf_split_5603,__tpi_cp_122___buf_split_5603,__tpi_cp_122___buf_split_5603,sa1,1
576,__tpi_cp_122___buf_split_5603 /1 undetected,output,,__tpi_cp_122___buf_split_5603,__tpi_cp_122___buf_split_5603,1,undetected,__tpi_cp_122___buf_split_5603,__tpi_cp_122___buf_split_5603,__tpi_cp_122___buf_split_5603,sa1,1
577,__buf_split_5603 /1 undetected,output,,__buf_split_5603,__buf_split_5603,1,undetected,__buf_split_5603,__buf_split_5603,__buf_split_5603,sa1,1
578,__buf_split_5602 /1 undetected,output,,__buf_split_5602,__buf_split_5602,1,undetected,__buf_split_5602,__buf_split_5602,__buf_split_5602,sa1,1
579,__tpi_not_test_en->__tpi_cp_179_new_n9508_ /1 undetected,input_edge,__tpi_not_test_en,__tpi_cp_179_new_n9508_,__tpi_cp_179_new_n9508_,1,undetected,__tpi_cp_179_new_n9508_,__tpi_cp_179_new_n9508_,__tpi_cp_179_new_n9508_,sa1,1
580,__tpi_cp_179_new_n9508_ /1 undetected,output,,__tpi_cp_179_new_n9508_,__tpi_cp_179_new_n9508_,1,undetected,__tpi_cp_179_new_n9508_,__tpi_cp_179_new_n9508_,__tpi_cp_179_new_n9508_,sa1,1
581,new_n9508_ /1 undetected,output,,new_n9508_,new_n9508_,1,undetected,new_n9508_,new_n9508_,new_n9508_,sa1,1
582,__tpi_not_test_en->__tpi_cp_139___buf_split_5573 /1 undetected,input_edge,__tpi_not_test_en,__tpi_cp_139___buf_split_5573,__tpi_cp_139___buf_split_5573,1,undetected,__tpi_cp_139___buf_split_5573,__tpi_cp_139___buf_split_5573,__tpi_cp_139___buf_split_5573,sa1,1
583,__tpi_cp_139___buf_split_5573 /1 undetected,output,,__tpi_cp_139___buf_split_5573,__tpi_cp_139___buf_split_5573,1,undetected,__tpi_cp_139___buf_split_5573,__tpi_cp_139___buf_split_5573,__tpi_cp_139___buf_split_5573,sa1,1
584,__buf_split_5573 /1 undetected,output,,__buf_split_5573,__buf_split_5573,1,undetected,__buf_split_5573,__buf_split_5573,__buf_split_5573,sa1,1
585,__buf_split_5572 /1 undetected,output,,__buf_split_5572,__buf_split_5572,1,undetected,__buf_split_5572,__buf_split_5572,__buf_split_5572,sa1,1
586,__tpi_not_test_en->__tpi_cp_1_new_n9485_ /1 undetected,input_edge,__tpi_not_test_en,__tpi_cp_1_new_n9485_,__tpi_cp_1_new_n9485_,1,undetected,__tpi_cp_1_new_n9485_,__tpi_cp_1_new_n9485_,__tpi_cp_1_new_n9485_,sa1,1
587,__tpi_cp_1_new_n9485_ /1 undetected,output,,__tpi_cp_1_new_n9485_,__tpi_cp_1_new_n9485_,1,undetected,__tpi_cp_1_new_n9485_,__tpi_cp_1_new_n9485_,__tpi_cp_1_new_n9485_,sa1,1
588,new_n9485_ /1 undetected,output,,new_n9485_,new_n9485_,1,undetected,new_n9485_,new_n9485_,new_n9485_,sa1,1
589,test_en->__tpi_cp_94_new_n9484_ /0 undetected,input_edge,test_en,__tpi_cp_94_new_n9484_,__tpi_cp_94_new_n9484_,0,undetected,__tpi_cp_94_new_n9484_,__tpi_cp_94_new_n9484_,__tpi_cp_94_new_n9484_,sa0,1
590,__tpi_cp_94_new_n9484_ /1 undetected,output,,__tpi_cp_94_new_n9484_,__tpi_cp_94_new_n9484_,1,undetected,__tpi_cp_94_new_n9484_,__tpi_cp_94_new_n9484_,__tpi_cp_94_new_n9484_,sa1,1
591,new_n9484_ /0 undetected,output,,new_n9484_,new_n9484_,0,undetected,new_n9484_,new_n9484_,new_n9484_,sa0,1
592,__buf_split_5543 /1 undetected,output,,__buf_split_5543,__buf_split_5543,1,undetected,__buf_split_5543,__buf_split_5543,__buf_split_5543,sa1,1
593,__buf_split_5542 /1 undetected,output,,__buf_split_5542,__buf_split_5542,1,undetected,__buf_split_5542,__buf_split_5542,__buf_split_5542,sa1,1
594,__tpi_not_test_en->__tpi_cp_180_new_n9461_ /1 undetected,input_edge,__tpi_not_test_en,__tpi_cp_180_new_n9461_,__tpi_cp_180_new_n9461_,1,undetected,__tpi_cp_180_new_n9461_,__tpi_cp_180_new_n9461_,__tpi_cp_180_new_n9461_,sa1,1
595,__tpi_cp_180_new_n9461_ /1 undetected,output,,__tpi_cp_180_new_n9461_,__tpi_cp_180_new_n9461_,1,undetected,__tpi_cp_180_new_n9461_,__tpi_cp_180_new_n9461_,__tpi_cp_180_new_n9461_,sa1,1
596,new_n9461_ /1 undetected,output,,new_n9461_,new_n9461_,1,undetected,new_n9461_,new_n9461_,new_n9461_,sa1,1
597,__buf_split_5513 /1 undetected,output,,__buf_split_5513,__buf_split_5513,1,undetected,__buf_split_5513,__buf_split_5513,__buf_split_5513,sa1,1
598,__buf_split_5512 /1 undetected,output,,__buf_split_5512,__buf_split_5512,1,undetected,__buf_split_5512,__buf_split_5512,__buf_split_5512,sa1,1
599,test_en->__tpi_cp_206_new_n9436_ /0 undetected,input_edge,test_en,__tpi_cp_206_new_n9436_,__tpi_cp_206_new_n9436_,0,undetected,__tpi_cp_206_new_n9436_,__tpi_cp_206_new_n9436_,__tpi_cp_206_new_n9436_,sa0,1
600,__tpi_cp_206_new_n9436_ /1 undetected,output,,__tpi_cp_206_new_n9436_,__tpi_cp_206_new_n9436_,1,undetected,__tpi_cp_206_new_n9436_,__tpi_cp_206_new_n9436_,__tpi_cp_206_new_n9436_,sa1,1
601,new_n9436_ /0 undetected,output,,new_n9436_,new_n9436_,0,undetected,new_n9436_,new_n9436_,new_n9436_,sa0,1
602,new_n9435_ /1 undetected,output,,new_n9435_,new_n9435_,1,undetected,new_n9435_,new_n9435_,new_n9435_,sa1,1
603,__tpi_not_test_en->__tpi_cp_168_new_n9434_ /1 undetected,input_edge,__tpi_not_test_en,__tpi_cp_168_new_n9434_,__tpi_cp_168_new_n9434_,1,undetected,__tpi_cp_168_new_n9434_,__tpi_cp_168_new_n9434_,__tpi_cp_168_new_n9434_,sa1,1
604,__tpi_cp_168_new_n9434_ /1 undetected,output,,__tpi_cp_168_new_n9434_,__tpi_cp_168_new_n9434_,1,undetected,__tpi_cp_168_new_n9434_,__tpi_cp_168_new_n9434_,__tpi_cp_168_new_n9434_,sa1,1
605,new_n9434_ /1 undetected,output,,new_n9434_,new_n9434_,1,undetected,new_n9434_,new_n9434_,new_n9434_,sa1,1
606,__tpi_not_test_en->__tpi_cp_46_new_n9433_ /1 undetected,input_edge,__tpi_not_test_en,__tpi_cp_46_new_n9433_,__tpi_cp_46_new_n9433_,1,undetected,__tpi_cp_46_new_n9433_,__tpi_cp_46_new_n9433_,__tpi_cp_46_new_n9433_,sa1,1
607,__tpi_cp_46_new_n9433_ /1 undetected,output,,__tpi_cp_46_new_n9433_,__tpi_cp_46_new_n9433_,1,undetected,__tpi_cp_46_new_n9433_,__tpi_cp_46_new_n9433_,__tpi_cp_46_new_n9433_,sa1,1
608,new_n9433_ /1 undetected,output,,new_n9433_,new_n9433_,1,undetected,new_n9433_,new_n9433_,new_n9433_,sa1,1
609,__buf_split_5479 /1 undetected,output,,__buf_split_5479,__buf_split_5479,1,undetected,__buf_split_5479,__buf_split_5479,__buf_split_5479,sa1,1
610,__buf_split_5478 /1 undetected,output,,__buf_split_5478,__buf_split_5478,1,undetected,__buf_split_5478,__buf_split_5478,__buf_split_5478,sa1,1
611,test_en->__tpi_cp_88_new_n9422_ /0 undetected,input_edge,test_en,__tpi_cp_88_new_n9422_,__tpi_cp_88_new_n9422_,0,undetected,__tpi_cp_88_new_n9422_,__tpi_cp_88_new_n9422_,__tpi_cp_88_new_n9422_,sa0,1
612,__tpi_cp_88_new_n9422_ /1 undetected,output,,__tpi_cp_88_new_n9422_,__tpi_cp_88_new_n9422_,1,undetected,__tpi_cp_88_new_n9422_,__tpi_cp_88_new_n9422_,__tpi_cp_88_new_n9422_,sa1,1
613,new_n9422_ /0 undetected,output,,new_n9422_,new_n9422_,0,undetected,new_n9422_,new_n9422_,new_n9422_,sa0,1
614,__buf_split_5465 /1 undetected,output,,__buf_split_5465,__buf_split_5465,1,undetected,__buf_split_5465,__buf_split_5465,__buf_split_5465,sa1,1
615,__buf_split_5464 /1 undetected,output,,__buf_split_5464,__buf_split_5464,1,undetected,__buf_split_5464,__buf_split_5464,__buf_split_5464,sa1,1
616,__tpi_not_test_en->__tpi_cp_166_new_n9411_ /1 undetected,input_edge,__tpi_not_test_en,__tpi_cp_166_new_n9411_,__tpi_cp_166_new_n9411_,1,undetected,__tpi_cp_166_new_n9411_,__tpi_cp_166_new_n9411_,__tpi_cp_166_new_n9411_,sa1,1
617,__tpi_cp_166_new_n9411_ /1 undetected,output,,__tpi_cp_166_new_n9411_,__tpi_cp_166_new_n9411_,1,undetected,__tpi_cp_166_new_n9411_,__tpi_cp_166_new_n9411_,__tpi_cp_166_new_n9411_,sa1,1
618,new_n9411_ /1 undetected,output,,new_n9411_,new_n9411_,1,undetected,new_n9411_,new_n9411_,new_n9411_,sa1,1
619,__tpi_not_test_en->__tpi_cp_55_new_n9410_ /1 undetected,input_edge,__tpi_not_test_en,__tpi_cp_55_new_n9410_,__tpi_cp_55_new_n9410_,1,undetected,__tpi_cp_55_new_n9410_,__tpi_cp_55_new_n9410_,__tpi_cp_55_new_n9410_,sa1,1
620,__tpi_cp_55_new_n9410_ /1 undetected,output,,__tpi_cp_55_new_n9410_,__tpi_cp_55_new_n9410_,1,undetected,__tpi_cp_55_new_n9410_,__tpi_cp_55_new_n9410_,__tpi_cp_55_new_n9410_,sa1,1
621,new_n9410_ /1 undetected,output,,new_n9410_,new_n9410_,1,undetected,new_n9410_,new_n9410_,new_n9410_,sa1,1
622,__buf_split_5452 /1 undetected,output,,__buf_split_5452,__buf_split_5452,1,undetected,__buf_split_5452,__buf_split_5452,__buf_split_5452,sa1,1
623,__buf_split_5451 /1 undetected,output,,__buf_split_5451,__buf_split_5451,1,undetected,__buf_split_5451,__buf_split_5451,__buf_split_5451,sa1,1
624,test_en->__tpi_cp_92_new_n9362_ /0 undetected,input_edge,test_en,__tpi_cp_92_new_n9362_,__tpi_cp_92_new_n9362_,0,undetected,__tpi_cp_92_new_n9362_,__tpi_cp_92_new_n9362_,__tpi_cp_92_new_n9362_,sa0,1
625,__tpi_cp_92_new_n9362_ /1 undetected,output,,__tpi_cp_92_new_n9362_,__tpi_cp_92_new_n9362_,1,undetected,__tpi_cp_92_new_n9362_,__tpi_cp_92_new_n9362_,__tpi_cp_92_new_n9362_,sa1,1
626,new_n9362_ /0 undetected,output,,new_n9362_,new_n9362_,0,undetected,new_n9362_,new_n9362_,new_n9362_,sa0,1
627,__buf_split_5415 /1 undetected,output,,__buf_split_5415,__buf_split_5415,1,undetected,__buf_split_5415,__buf_split_5415,__buf_split_5415,sa1,1
628,__buf_split_5414 /1 undetected,output,,__buf_split_5414,__buf_split_5414,1,undetected,__buf_split_5414,__buf_split_5414,__buf_split_5414,sa1,1
629,test_en->__tpi_cp_14_new_n9314_ /0 undetected,input_edge,test_en,__tpi_cp_14_new_n9314_,__tpi_cp_14_new_n9314_,0,undetected,__tpi_cp_14_new_n9314_,__tpi_cp_14_new_n9314_,__tpi_cp_14_new_n9314_,sa0,1
630,__tpi_cp_14_new_n9314_ /1 undetected,output,,__tpi_cp_14_new_n9314_,__tpi_cp_14_new_n9314_,1,undetected,__tpi_cp_14_new_n9314_,__tpi_cp_14_new_n9314_,__tpi_cp_14_new_n9314_,sa1,1
631,new_n9314_ /0 undetected,output,,new_n9314_,new_n9314_,0,undetected,new_n9314_,new_n9314_,new_n9314_,sa0,1
632,__tpi_not_test_en->__tpi_cp_178_new_n9313_ /1 undetected,input_edge,__tpi_not_test_en,__tpi_cp_178_new_n9313_,__tpi_cp_178_new_n9313_,1,undetected,__tpi_cp_178_new_n9313_,__tpi_cp_178_new_n9313_,__tpi_cp_178_new_n9313_,sa1,1
633,__tpi_cp_178_new_n9313_ /1 undetected,output,,__tpi_cp_178_new_n9313_,__tpi_cp_178_new_n9313_,1,undetected,__tpi_cp_178_new_n9313_,__tpi_cp_178_new_n9313_,__tpi_cp_178_new_n9313_,sa1,1
634,new_n9313_ /1 undetected,output,,new_n9313_,new_n9313_,1,undetected,new_n9313_,new_n9313_,new_n9313_,sa1,1
635,__buf_split_5378 /1 undetected,output,,__buf_split_5378,__buf_split_5378,1,undetected,__buf_split_5378,__buf_split_5378,__buf_split_5378,sa1,1
636,__buf_split_5377 /1 undetected,output,,__buf_split_5377,__buf_split_5377,1,undetected,__buf_split_5377,__buf_split_5377,__buf_split_5377,sa1,1
637,__tpi_not_test_en->__tpi_cp_78_new_n9245_ /1 undetected,input_edge,__tpi_not_test_en,__tpi_cp_78_new_n9245_,__tpi_cp_78_new_n9245_,1,undetected,__tpi_cp_78_new_n9245_,__tpi_cp_78_new_n9245_,__tpi_cp_78_new_n9245_,sa1,1
638,__tpi_cp_78_new_n9245_ /1 undetected,output,,__tpi_cp_78_new_n9245_,__tpi_cp_78_new_n9245_,1,undetected,__tpi_cp_78_new_n9245_,__tpi_cp_78_new_n9245_,__tpi_cp_78_new_n9245_,sa1,1
639,new_n9245_ /1 undetected,output,,new_n9245_,new_n9245_,1,undetected,new_n9245_,new_n9245_,new_n9245_,sa1,1
640,new_n9244_ /1 undetected,output,,new_n9244_,new_n9244_,1,undetected,new_n9244_,new_n9244_,new_n9244_,sa1,1
641,__buf_split_5309 /1 undetected,output,,__buf_split_5309,__buf_split_5309,1,undetected,__buf_split_5309,__buf_split_5309,__buf_split_5309,sa1,1
642,__buf_split_5308 /1 undetected,output,,__buf_split_5308,__buf_split_5308,1,undetected,__buf_split_5308,__buf_split_5308,__buf_split_5308,sa1,1
643,new_n9156_ /1 undetected,output,,new_n9156_,new_n9156_,1,undetected,new_n9156_,new_n9156_,new_n9156_,sa1,1
644,new_n9155_ /1 undetected,output,,new_n9155_,new_n9155_,1,undetected,new_n9155_,new_n9155_,new_n9155_,sa1,1
645,__buf_split_5245 /1 undetected,output,,__buf_split_5245,__buf_split_5245,1,undetected,__buf_split_5245,__buf_split_5245,__buf_split_5245,sa1,1
646,__tpi_not_test_en->__tpi_cp_32_new_n11243_ /1 undetected,input_edge,__tpi_not_test_en,__tpi_cp_32_new_n11243_,__tpi_cp_32_new_n11243_,1,undetected,__tpi_cp_32_new_n11243_,__tpi_cp_32_new_n11243_,__tpi_cp_32_new_n11243_,sa1,1
647,__tpi_not_test_en->__tpi_cp_24_new_n11219_ /1 undetected,input_edge,__tpi_not_test_en,__tpi_cp_24_new_n11219_,__tpi_cp_24_new_n11219_,1,undetected,__tpi_cp_24_new_n11219_,__tpi_cp_24_new_n11219_,__tpi_cp_24_new_n11219_,sa1,1
648,test_en->__tpi_cp_96_new_n11217_ /0 undetected,input_edge,test_en,__tpi_cp_96_new_n11217_,__tpi_cp_96_new_n11217_,0,undetected,__tpi_cp_96_new_n11217_,__tpi_cp_96_new_n11217_,__tpi_cp_96_new_n11217_,sa0,1
649,test_en->__tpi_cp_97_new_n11215_ /0 undetected,input_edge,test_en,__tpi_cp_97_new_n11215_,__tpi_cp_97_new_n11215_,0,undetected,__tpi_cp_97_new_n11215_,__tpi_cp_97_new_n11215_,__tpi_cp_97_new_n11215_,sa0,1
650,__tpi_not_test_en->__tpi_cp_115_new_n11242_ /1 undetected,input_edge,__tpi_not_test_en,__tpi_cp_115_new_n11242_,__tpi_cp_115_new_n11242_,1,undetected,__tpi_cp_115_new_n11242_,__tpi_cp_115_new_n11242_,__tpi_cp_115_new_n11242_,sa1,1
651,test_en->__tpi_cp_9_new_n11241_ /0 undetected,input_edge,test_en,__tpi_cp_9_new_n11241_,__tpi_cp_9_new_n11241_,0,undetected,__tpi_cp_9_new_n11241_,__tpi_cp_9_new_n11241_,__tpi_cp_9_new_n11241_,sa0,1
652,__tpi_not_test_en->__tpi_cp_114_new_n11240_ /1 undetected,input_edge,__tpi_not_test_en,__tpi_cp_114_new_n11240_,__tpi_cp_114_new_n11240_,1,undetected,__tpi_cp_114_new_n11240_,__tpi_cp_114_new_n11240_,__tpi_cp_114_new_n11240_,sa1,1
653,test_en->__tpi_cp_7_new_n11239_ /0 undetected,input_edge,test_en,__tpi_cp_7_new_n11239_,__tpi_cp_7_new_n11239_,0,undetected,__tpi_cp_7_new_n11239_,__tpi_cp_7_new_n11239_,__tpi_cp_7_new_n11239_,sa0,1
654,__tpi_not_test_en->__tpi_cp_105_new_n11230_ /1 undetected,input_edge,__tpi_not_test_en,__tpi_cp_105_new_n11230_,__tpi_cp_105_new_n11230_,1,undetected,__tpi_cp_105_new_n11230_,__tpi_cp_105_new_n11230_,__tpi_cp_105_new_n11230_,sa1,1
655,test_en->__tpi_cp_64_new_n9871_ /0 undetected,input_edge,test_en,__tpi_cp_64_new_n9871_,__tpi_cp_64_new_n9871_,0,undetected,__tpi_cp_64_new_n9871_,__tpi_cp_64_new_n9871_,__tpi_cp_64_new_n9871_,sa0,1
656,__tpi_not_test_en->__tpi_cp_71_new_n9859_ /1 undetected,input_edge,__tpi_not_test_en,__tpi_cp_71_new_n9859_,__tpi_cp_71_new_n9859_,1,undetected,__tpi_cp_71_new_n9859_,__tpi_cp_71_new_n9859_,__tpi_cp_71_new_n9859_,sa1,1
657,__tpi_not_test_en->__tpi_cp_70_new_n9857_ /1 undetected,input_edge,__tpi_not_test_en,__tpi_cp_70_new_n9857_,__tpi_cp_70_new_n9857_,1,undetected,__tpi_cp_70_new_n9857_,__tpi_cp_70_new_n9857_,__tpi_cp_70_new_n9857_,sa1,1
658,__tpi_not_test_en->__tpi_cp_11_new_n10054_ /1 undetected,input_edge,__tpi_not_test_en,__tpi_cp_11_new_n10054_,__tpi_cp_11_new_n10054_,1,undetected,__tpi_cp_11_new_n10054_,__tpi_cp_11_new_n10054_,__tpi_cp_11_new_n10054_,sa1,1
659,__tpi_cp_11_new_n10054_ /1 undetected,output,,__tpi_cp_11_new_n10054_,__tpi_cp_11_new_n10054_,1,undetected,__tpi_cp_11_new_n10054_,__tpi_cp_11_new_n10054_,__tpi_cp_11_new_n10054_,sa1,1
660,__tpi_cp_11_new_n10054_ /0 undetected,output,,__tpi_cp_11_new_n10054_,__tpi_cp_11_new_n10054_,0,undetected,__tpi_cp_11_new_n10054_,__tpi_cp_11_new_n10054_,__tpi_cp_11_new_n10054_,sa0,1
661,new_n10054_ /1 undetected,output,,new_n10054_,new_n10054_,1,undetected,new_n10054_,new_n10054_,new_n10054_,sa1,1
662,__buf_split_6227 /1 undetected,output,,__buf_split_6227,__buf_split_6227,1,undetected,__buf_split_6227,__buf_split_6227,__buf_split_6227,sa1,1
663,__buf_split_6226 /1 undetected,output,,__buf_split_6226,__buf_split_6226,1,undetected,__buf_split_6226,__buf_split_6226,__buf_split_6226,sa1,1
664,__tpi_not_test_en->__tpi_cp_10_new_n9496_ /1 undetected,input_edge,__tpi_not_test_en,__tpi_cp_10_new_n9496_,__tpi_cp_10_new_n9496_,1,undetected,__tpi_cp_10_new_n9496_,__tpi_cp_10_new_n9496_,__tpi_cp_10_new_n9496_,sa1,1
665,__tpi_cp_10_new_n9496_ /1 undetected,output,,__tpi_cp_10_new_n9496_,__tpi_cp_10_new_n9496_,1,undetected,__tpi_cp_10_new_n9496_,__tpi_cp_10_new_n9496_,__tpi_cp_10_new_n9496_,sa1,1
666,__tpi_cp_10_new_n9496_ /0 undetected,output,,__tpi_cp_10_new_n9496_,__tpi_cp_10_new_n9496_,0,undetected,__tpi_cp_10_new_n9496_,__tpi_cp_10_new_n9496_,__tpi_cp_10_new_n9496_,sa0,1
667,new_n9496_ /1 undetected,output,,new_n9496_,new_n9496_,1,undetected,new_n9496_,new_n9496_,new_n9496_,sa1,1
668,__buf_split_5557 /1 undetected,output,,__buf_split_5557,__buf_split_5557,1,undetected,__buf_split_5557,__buf_split_5557,__buf_split_5557,sa1,1
669,__buf_split_5556 /1 undetected,output,,__buf_split_5556,__buf_split_5556,1,undetected,__buf_split_5556,__buf_split_5556,__buf_split_5556,sa1,1
