node,total_undetected_faults,output_sa0,output_sa1,input_edge_sa0,input_edge_sa1
N6115,2,1,1,0,0
N6116,2,1,1,0,0
N6118,2,1,1,0,0
N6119,2,1,1,0,0
N6120,2,1,1,0,0
N6121,2,1,1,0,0
N6124,2,1,1,0,0
N10156,1,0,1,0,0
N10157,1,0,1,0,0
N10255,1,0,1,0,0
N10409,1,0,1,0,0
N10425,1,0,1,0,0
N10426,1,0,1,0,0
N10441,1,0,1,0,0
N10449,1,0,1,0,0
N10659,1,0,1,0,0
N10788,1,0,1,0,0
N10792,1,0,1,0,0
N10793,1,0,1,0,0
N10794,1,0,1,0,0
N10795,1,0,1,0,0
N10796,1,0,1,0,0
N10797,1,0,1,0,0
N10798,1,0,1,0,0
N10799,1,0,1,0,0
N10800,1,0,1,0,0
N10818,1,0,1,0,0
N10827,1,0,1,0,0
N10829,1,0,1,0,0
N10830,1,0,1,0,0
N10831,1,0,1,0,0
N10914,1,0,1,0,0
N10972,1,0,1,0,0
N11317,1,0,1,0,0
N11318,1,0,1,0,0
N11362,1,0,1,0,0
N11363,1,0,1,0,0
N11364,1,0,1,0,0
N11365,1,0,1,0,0
N11366,1,0,1,0,0
N11367,1,0,1,0,0
N11368,1,0,1,0,0
N13570,1,0,1,0,0
N13571,1,0,1,0,0
N1372,1,0,1,0,0
N1437,1,0,1,0,0
N14635,1,0,1,0,0
N14636,1,0,1,0,0
N14955,1,0,1,0,0
N14992,1,0,1,0,0
N14996,1,0,1,0,0
N15000,1,0,1,0,0
N15019,1,0,1,0,0
N15047,1,0,1,0,0
N15048,1,0,1,0,0
N1532,1,0,1,0,0
N1599,1,0,1,0,0
N16639,1,0,1,0,0
N16640,1,0,1,0,0
N16642,1,0,1,0,0
N16643,1,0,1,0,0
N16645,1,0,1,0,0
N16646,1,0,1,0,0
N16648,1,0,1,0,0
N16649,1,0,1,0,0
N16651,1,0,1,0,0
N16652,1,0,1,0,0
N16654,1,0,1,0,0
N16655,1,0,1,0,0
N16657,1,0,1,0,0
N16658,1,0,1,0,0
N16660,1,0,1,0,0
N16661,1,0,1,0,0
N16663,1,0,1,0,0
N16664,1,0,1,0,0
N16666,1,0,1,0,0
N16667,1,0,1,0,0
N16669,1,0,1,0,0
N16670,1,0,1,0,0
N16672,1,0,1,0,0
N16673,1,0,1,0,0
N16675,1,0,1,0,0
N16676,1,0,1,0,0
N16678,1,0,1,0,0
N16679,1,0,1,0,0
N16681,1,0,1,0,0
N16682,1,0,1,0,0
N16684,1,0,1,0,0
N16685,1,0,1,0,0
N16687,1,0,1,0,0
N16688,1,0,1,0,0
N16690,1,0,1,0,0
N16691,1,0,1,0,0
N16693,1,0,1,0,0
N16694,1,0,1,0,0
N16696,1,0,1,0,0
N16697,1,0,1,0,0
N16888,1,0,1,0,0
N16896,1,0,1,0,0
N16904,1,0,1,0,0
N16912,1,0,1,0,0
N16920,1,0,1,0,0
N16928,1,0,1,0,0
N16936,1,0,1,0,0
N16944,1,0,1,0,0
N16952,1,0,1,0,0
N16960,1,0,1,0,0
N16968,1,0,1,0,0
N16976,1,0,1,0,0
N16984,1,0,1,0,0
N16992,1,0,1,0,0
N17000,1,0,1,0,0
N17031,1,0,1,0,0
N17034,1,0,1,0,0
N17037,1,0,1,0,0
N17197,1,0,1,0,0
N17224,1,0,1,0,0
N17238,1,0,1,0,0
N17260,1,0,1,0,0
N17266,1,0,1,0,0
N17273,1,0,1,0,0
N17279,1,0,1,0,0
N17289,1,0,1,0,0
N17313,1,0,1,0,0
N17319,1,0,1,0,0
N17321,1,0,1,0,0
N17325,1,0,1,0,0
N17327,1,0,1,0,0
N17331,1,0,1,0,0
N17337,1,0,1,0,0
N17384,1,0,1,0,0
N17387,1,0,1,0,0
N17411,1,0,1,0,0
N17417,1,0,1,0,0
N17452,1,0,1,0,0
N17469,1,0,1,0,0
N17471,1,0,1,0,0
N17477,1,0,1,0,0
N17506,1,0,1,0,0
N17513,1,0,1,0,0
N17529,1,0,1,0,0
N17531,1,0,1,0,0
N17549,1,0,1,0,0
N17559,1,0,1,0,0
N17561,1,0,1,0,0
N17565,1,0,1,0,0
N17567,1,0,1,0,0
N17573,1,0,1,0,0
N17577,1,0,1,0,0
N17579,1,0,1,0,0
N17597,1,0,1,0,0
N17615,1,0,1,0,0
N17621,1,0,1,0,0
N17624,1,0,1,0,0
N17638,1,0,1,0,0
N17644,1,0,1,0,0
N17650,1,0,1,0,0
N17657,1,0,1,0,0
N17663,1,0,1,0,0
N17669,1,0,1,0,0
N17672,1,0,1,0,0
N17675,1,0,1,0,0
N17686,1,0,1,0,0
N17693,1,0,1,0,0
N17699,1,0,1,0,0
N17705,1,0,1,0,0
N17709,1,0,1,0,0
N17711,1,0,1,0,0
N17715,1,0,1,0,0
N17721,1,0,1,0,0
N17723,1,0,1,0,0
N17741,1,0,1,0,0
N17744,1,0,1,0,0
N17751,1,0,1,0,0
N17757,1,0,1,0,0
N17759,1,0,1,0,0
N17763,1,0,1,0,0
N17769,1,0,1,0,0
N17795,1,0,1,0,0
N17801,1,0,1,0,0
N17816,1,0,1,0,0
N17861,1,0,1,0,0
N17884,1,0,1,0,0
N17895,1,0,1,0,0
N17903,1,0,1,0,0
N17909,1,0,1,0,0
N17915,1,0,1,0,0
N17932,1,0,1,0,0
N17939,1,0,1,0,0
N17949,1,0,1,0,0
N17955,1,0,1,0,0
N17961,1,0,1,0,0
N17963,1,0,1,0,0
N18015,1,0,1,0,0
N18058,1,0,1,0,0
N18113,1,0,1,0,0
N18160,1,0,1,0,0
N18164,1,0,1,0,0
N18216,1,0,1,0,0
N18218,1,0,1,0,0
N18220,1,0,1,0,0
N18312,1,0,1,0,0
N18323,1,0,1,0,0
N18338,1,0,1,0,0
N18340,1,0,1,0,0
N18343,1,0,1,0,0
N18344,1,0,1,0,0
N18357,1,0,1,0,0
N18359,1,0,1,0,0
N18372,1,0,1,0,0
N18373,1,0,1,0,0
N18385,1,0,1,0,0
N18396,1,0,1,0,0
N18399,1,0,1,0,0
N18414,1,0,1,0,0
N18426,1,0,1,0,0
N18429,1,0,1,0,0
N18439,1,0,1,0,0
N18442,1,0,1,0,0
N18443,1,0,1,0,0
N18453,1,0,1,0,0
N18456,1,0,1,0,0
N18466,1,0,1,0,0
N18469,1,0,1,0,0
N18480,1,0,1,0,0
N18483,1,0,1,0,0
N18490,1,0,1,0,0
N18493,1,0,1,0,0
N18496,1,0,1,0,0
N18497,1,0,1,0,0
N18501,1,0,1,0,0
N18502,1,0,1,0,0
N18507,1,0,1,0,0
N18510,1,0,1,0,0
N18511,1,0,1,0,0
N18515,1,0,1,0,0
N18520,1,0,1,0,0
N18523,1,0,1,0,0
N18524,1,0,1,0,0
N18528,1,0,1,0,0
N18529,1,0,1,0,0
N18534,1,0,1,0,0
N18537,1,0,1,0,0
N18538,1,0,1,0,0
N18542,1,0,1,0,0
N18547,1,0,1,0,0
N18550,1,0,1,0,0
N18551,1,0,1,0,0
N18555,1,0,1,0,0
N18556,1,0,1,0,0
N18561,1,0,1,0,0
N18564,1,0,1,0,0
N18565,1,0,1,0,0
N18569,1,0,1,0,0
N18574,1,0,1,0,0
N18577,1,0,1,0,0
N18582,1,0,1,0,0
N18583,1,0,1,0,0
N18588,1,0,1,0,0
N18591,1,0,1,0,0
N18592,1,0,1,0,0
N18596,1,0,1,0,0
N18598,1,0,1,0,0
N18602,1,0,1,0,0
N18605,1,0,1,0,0
N18606,1,0,1,0,0
N18610,1,0,1,0,0
N18611,1,0,1,0,0
N18616,1,0,1,0,0
N18619,1,0,1,0,0
N18620,1,0,1,0,0
N18624,1,0,1,0,0
N18629,1,0,1,0,0
N18632,1,0,1,0,0
N18637,1,0,1,0,0
N18638,1,0,1,0,0
N18643,1,0,1,0,0
N18646,1,0,1,0,0
N18647,1,0,1,0,0
N18651,1,0,1,0,0
N18656,1,0,1,0,0
N18659,1,0,1,0,0
N18664,1,0,1,0,0
N18665,1,0,1,0,0
N18670,1,0,1,0,0
N18673,1,0,1,0,0
N18678,1,0,1,0,0
N18683,1,0,1,0,0
N18686,1,0,1,0,0
N18691,1,0,1,0,0
N18692,1,0,1,0,0
N18697,1,0,1,0,0
N18700,1,0,1,0,0
N18705,1,0,1,0,0
N18709,1,0,1,0,0
N18712,1,0,1,0,0
N18715,1,0,1,0,0
N18716,1,0,1,0,0
N18720,1,0,1,0,0
N18724,1,0,1,0,0
N18727,1,0,1,0,0
N18730,1,0,1,0,0
N18735,1,0,1,0,0
N18739,1,0,1,0,0
N18742,1,0,1,0,0
N18745,1,0,1,0,0
N18746,1,0,1,0,0
N18751,1,0,1,0,0
N18759,1,0,1,0,0
N18845,1,0,1,0,0
N18852,1,0,1,0,0
N18858,1,0,1,0,0
N18865,1,0,1,0,0
N18871,1,0,1,0,0
N18872,1,0,1,0,0
N18878,1,0,1,0,0
N18884,1,0,1,0,0
N18885,1,0,1,0,0
N18891,1,0,1,0,0
N18897,1,0,1,0,0
N18898,1,0,1,0,0
N18904,1,0,1,0,0
N18910,1,0,1,0,0
N18911,1,0,1,0,0
N18917,1,0,1,0,0
N18923,1,0,1,0,0
N18924,1,0,1,0,0
N18930,1,0,1,0,0
N18936,1,0,1,0,0
N18942,1,0,1,0,0
N18948,1,0,1,0,0
N18954,1,0,1,0,0
N18960,1,0,1,0,0
N19259,1,0,1,0,0
N19268,1,0,1,0,0
N19269,1,0,1,0,0
N19279,1,0,1,0,0
N19295,1,0,1,0,0
N19311,1,0,1,0,0
N19319,1,0,1,0,0
N19327,1,0,1,0,0
N19335,1,0,1,0,0
N19343,1,0,1,0,0
N19351,1,0,1,0,0
N19359,1,0,1,0,0
N19367,1,0,1,0,0
N19375,1,0,1,0,0
N19383,1,0,1,0,0
N19437,1,0,1,0,0
N19464,1,0,1,0,0
N19465,1,0,1,0,0
N19466,1,0,1,0,0
N19467,1,0,1,0,0
N19468,1,0,1,0,0
N19469,1,0,1,0,0
N19470,1,0,1,0,0
N19471,1,0,1,0,0
N19472,1,0,1,0,0
N19473,1,0,1,0,0
N19474,1,0,1,0,0
N19475,1,0,1,0,0
N19476,1,0,1,0,0
N19477,1,0,1,0,0
N19489,1,0,1,0,0
N19491,1,0,1,0,0
N2070,1,0,1,0,0
N2071,1,0,1,0,0
N2072,1,0,1,0,0
N2073,1,0,1,0,0
N2074,1,0,1,0,0
N2075,1,0,1,0,0
N2076,1,0,1,0,0
N2077,1,0,1,0,0
N2078,1,0,1,0,0
N2079,1,0,1,0,0
N2080,1,0,1,0,0
N2081,1,0,1,0,0
N2082,1,0,1,0,0
N2083,1,0,1,0,0
N20867,1,0,1,0,0
N20869,1,0,1,0,0
N20870,1,0,1,0,0
N20935,1,0,1,0,0
N21101,1,0,1,0,0
N21111,1,0,1,0,0
N21121,1,0,1,0,0
N21147,1,0,1,0,0
N21161,1,0,1,0,0
N21171,1,0,1,0,0
N21181,1,0,1,0,0
N21191,1,0,1,0,0
N21197,1,0,1,0,0
N21207,1,0,1,0,0
N21217,1,0,1,0,0
N21227,1,0,1,0,0
N21253,1,0,1,0,0
N21263,1,0,1,0,0
N21273,1,0,1,0,0
N21283,1,0,1,0,0
N21932,1,0,1,0,0
N22039,1,0,1,0,0
N22043,1,0,1,0,0
N22046,1,0,1,0,0
N22049,1,0,1,0,0
N22052,1,0,1,0,0
N22055,1,0,1,0,0
N22058,1,0,1,0,0
N22061,1,0,1,0,0
N22064,1,0,1,0,0
N22067,1,0,1,0,0
N22070,1,0,1,0,0
N22075,1,0,1,0,0
N22078,1,0,1,0,0
N22081,1,0,1,0,0
N22084,1,0,1,0,0
N22186,1,0,1,0,0
N22384,1,0,1,0,0
N22386,1,0,1,0,0
N22409,1,0,1,0,0
N22421,1,0,1,0,0
N22422,1,0,1,0,0
N22431,1,0,1,0,0
N22580,1,0,1,0,0
N22646,1,0,1,0,0
N22647,1,0,1,0,0
N22668,1,0,1,0,0
N22681,1,0,1,0,0
N22687,1,0,1,0,0
N22727,1,0,1,0,0
N22748,1,0,1,0,0
N23027,1,0,1,0,0
N23098,1,0,1,0,0
N23164,1,0,1,0,0
N23167,1,0,1,0,0
N23173,1,0,1,0,0
N23208,1,0,1,0,0
N23209,1,0,1,0,0
N23210,1,0,1,0,0
N23211,1,0,1,0,0
N23226,1,0,1,0,0
N23271,1,0,1,0,0
N23282,1,0,1,0,0
N23294,1,0,1,0,0
N23296,1,0,1,0,0
N23342,1,0,1,0,0
N23354,1,0,1,0,0
N23362,1,0,1,0,0
N23376,1,0,1,0,0
N23379,1,0,1,0,0
N23380,1,0,1,0,0
N23511,1,0,1,0,0
N23558,1,0,1,0,0
N23579,1,0,1,0,0
N23734,1,0,1,0,0
N23759,1,0,1,0,0
N23776,1,0,1,0,0
N23792,1,0,1,0,0
N23799,1,0,1,0,0
N23811,1,0,1,0,0
N23856,1,0,1,0,0
N23866,1,0,1,0,0
N23867,1,0,1,0,0
N23907,1,0,1,0,0
N23910,1,0,1,0,0
N23954,1,0,1,0,0
N23958,1,0,1,0,0
N23963,1,0,1,0,0
N23974,1,0,1,0,0
N23977,1,0,1,0,0
N23978,1,0,1,0,0
N23980,1,0,1,0,0
N23998,1,0,1,0,0
N24617,1,0,1,0,0
N24619,1,0,1,0,0
N24807,1,0,1,0,0
N24842,1,0,1,0,0
N24843,1,0,1,0,0
N24844,1,0,1,0,0
N24845,1,0,1,0,0
N24846,1,0,1,0,0
N24847,1,0,1,0,0
N24848,1,0,1,0,0
N24849,1,0,1,0,0
N24851,1,0,1,0,0
N24852,1,0,1,0,0
N24854,1,0,1,0,0
N24856,1,0,1,0,0
N24857,1,0,1,0,0
N24879,1,0,1,0,0
N24881,1,0,1,0,0
N25110,1,0,1,0,0
N25112,1,0,1,0,0
N25113,1,0,1,0,0
N25114,1,0,1,0,0
N25115,1,0,1,0,0
N25167,1,0,1,0,0
N25169,1,0,1,0,0
N25187,1,0,1,0,0
N25189,1,0,1,0,0
N25191,1,0,1,0,0
N25193,1,0,1,0,0
N25195,1,0,1,0,0
N25197,1,0,1,0,0
N25199,1,0,1,0,0
N25201,1,0,1,0,0
N25203,1,0,1,0,0
N25205,1,0,1,0,0
N25213,1,0,1,0,0
N25217,1,0,1,0,0
N25219,1,0,1,0,0
N25221,1,0,1,0,0
N25223,1,0,1,0,0
N25225,1,0,1,0,0
N25227,1,0,1,0,0
N25229,1,0,1,0,0
N25231,1,0,1,0,0
N25233,1,0,1,0,0
N25279,1,0,1,0,0
N25280,1,0,1,0,0
N25281,1,0,1,0,0
N25282,1,0,1,0,0
N25283,1,0,1,0,0
N25284,1,0,1,0,0
N25285,1,0,1,0,0
N25286,1,0,1,0,0
N25287,1,0,1,0,0
N25288,1,0,1,0,0
N25289,1,0,1,0,0
N25290,1,0,1,0,0
N25291,1,0,1,0,0
N25292,1,0,1,0,0
N25293,1,0,1,0,0
N25294,1,0,1,0,0
N25295,1,0,1,0,0
N25296,1,0,1,0,0
N25297,1,0,1,0,0
N25298,1,0,1,0,0
N25299,1,0,1,0,0
N25300,1,0,1,0,0
N25301,1,0,1,0,0
N25302,1,0,1,0,0
N25303,1,0,1,0,0
N25304,1,0,1,0,0
N25305,1,0,1,0,0
N25317,1,0,1,0,0
N25320,1,0,1,0,0
N25323,1,0,1,0,0
N25331,1,0,1,0,0
N25334,1,0,1,0,0
N25337,1,0,1,0,0
N25340,1,0,1,0,0
N25343,1,0,1,0,0
N25491,1,0,1,0,0
N25521,1,0,1,0,0
N25570,1,0,1,0,0
N25572,1,0,1,0,0
N25577,1,0,1,0,0
N25598,1,0,1,0,0
N25602,1,0,1,0,0
N25606,1,0,1,0,0
N25607,1,0,1,0,0
N25608,1,0,1,0,0
N25611,1,0,1,0,0
N25612,1,0,1,0,0
N25614,1,0,1,0,0
N25615,1,0,1,0,0
N25617,1,0,1,0,0
N25618,1,0,1,0,0
N25620,1,0,1,0,0
N25621,1,0,1,0,0
N25623,1,0,1,0,0
N25624,1,0,1,0,0
N25625,1,0,1,0,0
N25627,1,0,1,0,0
N25629,1,0,1,0,0
N25631,1,0,1,0,0
N25632,1,0,1,0,0
N25633,1,0,1,0,0
N25634,1,0,1,0,0
N25635,1,0,1,0,0
N25636,1,0,1,0,0
N25638,1,0,1,0,0
N25639,1,0,1,0,0
N25640,1,0,1,0,0
N25641,1,0,1,0,0
N25643,1,0,1,0,0
N25644,1,0,1,0,0
N25645,1,0,1,0,0
N25646,1,0,1,0,0
N25649,1,0,1,0,0
N25650,1,0,1,0,0
N25651,1,0,1,0,0
N25653,1,0,1,0,0
N25654,1,0,1,0,0
N25655,1,0,1,0,0
N25657,1,0,1,0,0
N25658,1,0,1,0,0
N25659,1,0,1,0,0
N25661,1,0,1,0,0
N25662,1,0,1,0,0
N25664,1,0,1,0,0
N25665,1,0,1,0,0
N25667,1,0,1,0,0
N25669,1,0,1,0,0
N25671,1,0,1,0,0
N25672,1,0,1,0,0
N25674,1,0,1,0,0
N25676,1,0,1,0,0
N25677,1,0,1,0,0
N25679,1,0,1,0,0
N25680,1,0,1,0,0
N25682,1,0,1,0,0
N25683,1,0,1,0,0
N25685,1,0,1,0,0
N25686,1,0,1,0,0
N25688,1,0,1,0,0
N25689,1,0,1,0,0
N25691,1,0,1,0,0
N25692,1,0,1,0,0
N25694,1,0,1,0,0
N25696,1,0,1,0,0
N25697,1,0,1,0,0
N25699,1,0,1,0,0
N25700,1,0,1,0,0
N25702,1,0,1,0,0
N25703,1,0,1,0,0
N25704,1,0,1,0,0
N25705,1,0,1,0,0
N25706,1,0,1,0,0
N25707,1,0,1,0,0
N25708,1,0,1,0,0
N25709,1,0,1,0,0
N25710,1,0,1,0,0
N25711,1,0,1,0,0
N25712,1,0,1,0,0
N25713,1,0,1,0,0
N25715,1,0,1,0,0
N25716,1,0,1,0,0
N25717,1,0,1,0,0
N25718,1,0,1,0,0
N25719,1,0,1,0,0
N25720,1,0,1,0,0
N25721,1,0,1,0,0
N25722,1,0,1,0,0
N25723,1,0,1,0,0
N25724,1,0,1,0,0
N25725,1,0,1,0,0
N25727,1,0,1,0,0
N25728,1,0,1,0,0
N25729,1,0,1,0,0
N25730,1,0,1,0,0
N25733,1,0,1,0,0
N25734,1,0,1,0,0
N25736,1,0,1,0,0
N25738,1,0,1,0,0
N25739,1,0,1,0,0
N25740,1,0,1,0,0
N25741,1,0,1,0,0
N25747,1,0,1,0,0
N25785,1,0,1,0,0
N25788,1,0,1,0,0
N25789,1,0,1,0,0
N25792,1,0,1,0,0
N25793,1,0,1,0,0
N25794,1,0,1,0,0
N25799,1,0,1,0,0
N25801,1,0,1,0,0
N25802,1,0,1,0,0
N25806,1,0,1,0,0
N25807,1,0,1,0,0
N25812,1,0,1,0,0
N25813,1,0,1,0,0
N25829,1,0,1,0,0
N25830,1,0,1,0,0
N25831,1,0,1,0,0
N25832,1,0,1,0,0
N25833,1,0,1,0,0
N25834,1,0,1,0,0
N25835,1,0,1,0,0
N25836,1,0,1,0,0
N25837,1,0,1,0,0
N25838,1,0,1,0,0
N25839,1,0,1,0,0
N25840,1,0,1,0,0
N25841,1,0,1,0,0
N25842,1,0,1,0,0
N25844,1,0,1,0,0
N25845,1,0,1,0,0
N25846,1,0,1,0,0
N25847,1,0,1,0,0
N25849,1,0,1,0,0
N25850,1,0,1,0,0
N25852,1,0,1,0,0
N25853,1,0,1,0,0
N25858,1,0,1,0,0
N25859,1,0,1,0,0
N25861,1,0,1,0,0
N25862,1,0,1,0,0
N25863,1,0,1,0,0
N25864,1,0,1,0,0
N25866,1,0,1,0,0
N25868,1,0,1,0,0
N25869,1,0,1,0,0
N25870,1,0,1,0,0
N25871,1,0,1,0,0
N25873,1,0,1,0,0
N25874,1,0,1,0,0
N25875,1,0,1,0,0
N25877,1,0,1,0,0
N25879,1,0,1,0,0
N25881,1,0,1,0,0
N25882,1,0,1,0,0
N25883,1,0,1,0,0
N25885,1,0,1,0,0
N25886,1,0,1,0,0
N25888,1,0,1,0,0
N25889,1,0,1,0,0
N25901,1,0,1,0,0
N25911,1,0,1,0,0
N25935,1,0,1,0,0
N26041,1,0,1,0,0
N26043,1,0,1,0,0
N26045,1,0,1,0,0
N26047,1,0,1,0,0
N26049,1,0,1,0,0
N26051,1,0,1,0,0
N26054,1,0,1,0,0
N26056,1,0,1,0,0
N26071,1,0,1,0,0
N26074,1,0,1,0,0
N26076,1,0,1,0,0
N26078,1,0,1,0,0
N26080,1,0,1,0,0
N26082,1,0,1,0,0
N26084,1,0,1,0,0
N26086,1,0,1,0,0
N26088,1,0,1,0,0
N26090,1,0,1,0,0
N26092,1,0,1,0,0
N26094,1,0,1,0,0
N26096,1,0,1,0,0
N26098,1,0,1,0,0
N26100,1,0,1,0,0
N26102,1,0,1,0,0
N26104,1,0,1,0,0
N26106,1,0,1,0,0
N26108,1,0,1,0,0
N26118,1,0,1,0,0
N26133,1,0,1,0,0
N26159,1,0,1,0,0
N26160,1,0,1,0,0
N26161,1,0,1,0,0
N26164,1,0,1,0,0
N26165,1,0,1,0,0
N26166,1,0,1,0,0
N26167,1,0,1,0,0
N26168,1,0,1,0,0
N26174,1,0,1,0,0
N26176,1,0,1,0,0
N26184,1,0,1,0,0
N26185,1,0,1,0,0
N26186,1,0,1,0,0
N26190,1,0,1,0,0
N26199,1,0,1,0,0
N26202,1,0,1,0,0
N26213,1,0,1,0,0
N26214,1,0,1,0,0
N26215,1,0,1,0,0
N26216,1,0,1,0,0
N26217,1,0,1,0,0
N26218,1,0,1,0,0
N26219,1,0,1,0,0
N26220,1,0,1,0,0
N26222,1,0,1,0,0
N26231,1,0,1,0,0
N26232,1,0,1,0,0
N26233,1,0,1,0,0
N26234,1,0,1,0,0
N26235,1,0,1,0,0
N26237,1,0,1,0,0
N26239,1,0,1,0,0
N26240,1,0,1,0,0
N26241,1,0,1,0,0
N26242,1,0,1,0,0
N26243,1,0,1,0,0
N26245,1,0,1,0,0
N26246,1,0,1,0,0
N26247,1,0,1,0,0
N26250,1,0,1,0,0
N26251,1,0,1,0,0
N26253,1,0,1,0,0
N26254,1,0,1,0,0
N26255,1,0,1,0,0
N26256,1,0,1,0,0
N26257,1,0,1,0,0
N26258,1,0,1,0,0
N26259,1,0,1,0,0
N26260,1,0,1,0,0
N26261,1,0,1,0,0
N26262,1,0,1,0,0
N26264,1,0,1,0,0
N26265,1,0,1,0,0
N26266,1,0,1,0,0
N26268,1,0,1,0,0
N26269,1,0,1,0,0
N26270,1,0,1,0,0
N26271,1,0,1,0,0
N26272,1,0,1,0,0
N26273,1,0,1,0,0
N26274,1,0,1,0,0
N26275,1,0,1,0,0
N26276,1,0,1,0,0
N26277,1,0,1,0,0
N26281,1,0,1,0,0
N26282,1,0,1,0,0
N26284,1,0,1,0,0
N26287,1,0,1,0,0
N26288,1,0,1,0,0
N26289,1,0,1,0,0
N26290,1,0,1,0,0
N26293,1,0,1,0,0
N26294,1,0,1,0,0
N26296,1,0,1,0,0
N26299,1,0,1,0,0
N26300,1,0,1,0,0
N26304,1,0,1,0,0
N26305,1,0,1,0,0
N26310,1,0,1,0,0
N26313,1,0,1,0,0
N26314,1,0,1,0,0
N26315,1,0,1,0,0
N26316,1,0,1,0,0
N26324,1,0,1,0,0
N26327,1,0,1,0,0
N26328,1,0,1,0,0
N26330,1,0,1,0,0
N26331,1,0,1,0,0
N26332,1,0,1,0,0
N26335,1,0,1,0,0
N26336,1,0,1,0,0
N26337,1,0,1,0,0
N26338,1,0,1,0,0
N26339,1,0,1,0,0
N26341,1,0,1,0,0
N26343,1,0,1,0,0
N26344,1,0,1,0,0
N26345,1,0,1,0,0
N26346,1,0,1,0,0
N26347,1,0,1,0,0
N26348,1,0,1,0,0
N26349,1,0,1,0,0
N26350,1,0,1,0,0
N26352,1,0,1,0,0
N26354,1,0,1,0,0
N26355,1,0,1,0,0
N26356,1,0,1,0,0
N26357,1,0,1,0,0
N26358,1,0,1,0,0
N26360,1,0,1,0,0
N26361,1,0,1,0,0
N26362,1,0,1,0,0
N26365,1,0,1,0,0
N26366,1,0,1,0,0
N26368,1,0,1,0,0
N26369,1,0,1,0,0
N26370,1,0,1,0,0
N26371,1,0,1,0,0
N26373,1,0,1,0,0
N26374,1,0,1,0,0
N26375,1,0,1,0,0
N26376,1,0,1,0,0
N26379,1,0,1,0,0
N26382,1,0,1,0,0
N26383,1,0,1,0,0
N26384,1,0,1,0,0
N26385,1,0,1,0,0
N26386,1,0,1,0,0
N26387,1,0,1,0,0
N26388,1,0,1,0,0
N26390,1,0,1,0,0
N26393,1,0,1,0,0
N26394,1,0,1,0,0
N26396,1,0,1,0,0
N26397,1,0,1,0,0
N26400,1,0,1,0,0
N26404,1,0,1,0,0
N26408,1,0,1,0,0
N26410,1,0,1,0,0
N26426,1,0,1,0,0
N26428,1,0,1,0,0
N26430,1,0,1,0,0
N26432,1,0,1,0,0
N26434,1,0,1,0,0
N26436,1,0,1,0,0
N26438,1,0,1,0,0
N26440,1,0,1,0,0
N26442,1,0,1,0,0
N26444,1,0,1,0,0
N26446,1,0,1,0,0
N26472,1,0,1,0,0
N26549,1,0,1,0,0
N26551,1,0,1,0,0
N26553,1,0,1,0,0
N26555,1,0,1,0,0
N26557,1,0,1,0,0
N26559,1,0,1,0,0
N26561,1,0,1,0,0
N26613,1,0,1,0,0
N26620,1,0,1,0,0
N26622,1,0,1,0,0
N26698,1,0,1,0,0
N26715,1,0,1,0,0
N26717,1,0,1,0,0
N26718,1,0,1,0,0
N26719,1,0,1,0,0
N26721,1,0,1,0,0
N26722,1,0,1,0,0
N26723,1,0,1,0,0
N26725,1,0,1,0,0
N26729,1,0,1,0,0
N26740,1,0,1,0,0
N26741,1,0,1,0,0
N26742,1,0,1,0,0
N26744,1,0,1,0,0
N26745,1,0,1,0,0
N26748,1,0,1,0,0
N26749,1,0,1,0,0
N26750,1,0,1,0,0
N26751,1,0,1,0,0
N26753,1,0,1,0,0
N26755,1,0,1,0,0
N26759,1,0,1,0,0
N26761,1,0,1,0,0
N26765,1,0,1,0,0
N26766,1,0,1,0,0
N26846,1,0,1,0,0
N26847,1,0,1,0,0
N26848,1,0,1,0,0
N26849,1,0,1,0,0
N26851,1,0,1,0,0
N26853,1,0,1,0,0
N26855,1,0,1,0,0
N26858,1,0,1,0,0
N26874,1,0,1,0,0
N26888,1,0,1,0,0
N26890,1,0,1,0,0
N26898,1,0,1,0,0
N26900,1,0,1,0,0
N26902,1,0,1,0,0
N26907,1,0,1,0,0
N26909,1,0,1,0,0
N26910,1,0,1,0,0
N26915,1,0,1,0,0
N26927,1,0,1,0,0
N26930,1,0,1,0,0
N26931,1,0,1,0,0
N26934,1,0,1,0,0
N26935,1,0,1,0,0
N26936,1,0,1,0,0
N26937,1,0,1,0,0
N26940,1,0,1,0,0
N26941,1,0,1,0,0
N26942,1,0,1,0,0
N26970,1,0,1,0,0
N26971,1,0,1,0,0
N26972,1,0,1,0,0
N26973,1,0,1,0,0
N26979,1,0,1,0,0
N26990,1,0,1,0,0
N26993,1,0,1,0,0
N26994,1,0,1,0,0
N26998,1,0,1,0,0
N27000,1,0,1,0,0
N27001,1,0,1,0,0
N27007,1,0,1,0,0
N27009,1,0,1,0,0
N27011,1,0,1,0,0
N27017,1,0,1,0,0
N27019,1,0,1,0,0
N27022,1,0,1,0,0
N27023,1,0,1,0,0
N27024,1,0,1,0,0
N27029,1,0,1,0,0
N27031,1,0,1,0,0
N27033,1,0,1,0,0
N27035,1,0,1,0,0
N27037,1,0,1,0,0
N27039,1,0,1,0,0
N27041,1,0,1,0,0
N27043,1,0,1,0,0
N27045,1,0,1,0,0
N27047,1,0,1,0,0
N27049,1,0,1,0,0
N27051,1,0,1,0,0
N27053,1,0,1,0,0
N27055,1,0,1,0,0
N27057,1,0,1,0,0
N27059,1,0,1,0,0
N27061,1,0,1,0,0
N27063,1,0,1,0,0
N27064,1,0,1,0,0
N27067,1,0,1,0,0
N27068,1,0,1,0,0
N27071,1,0,1,0,0
N27072,1,0,1,0,0
N27075,1,0,1,0,0
N27104,1,0,1,0,0
N27107,1,0,1,0,0
N27119,1,0,1,0,0
N27120,1,0,1,0,0
N27123,1,0,1,0,0
N27124,1,0,1,0,0
N27127,1,0,1,0,0
N27130,1,0,1,0,0
N27133,1,0,1,0,0
N27136,1,0,1,0,0
N27139,1,0,1,0,0
N27142,1,0,1,0,0
N27145,1,0,1,0,0
N27148,1,0,1,0,0
N27151,1,0,1,0,0
N27154,1,0,1,0,0
N27157,1,0,1,0,0
N27160,1,0,1,0,0
N27161,1,0,1,0,0
N27164,1,0,1,0,0
N27167,1,0,1,0,0
N27168,1,0,1,0,0
N27171,1,0,1,0,0
N27174,1,0,1,0,0
N27175,1,0,1,0,0
N27178,1,0,1,0,0
N27181,1,0,1,0,0
N27182,1,0,1,0,0
N27185,1,0,1,0,0
N27193,1,0,1,0,0
N27199,1,0,1,0,0
N27202,1,0,1,0,0
N27220,1,0,1,0,0
N27226,1,0,1,0,0
N27235,1,0,1,0,0
N27253,1,0,1,0,0
N27265,1,0,1,0,0
N27267,1,0,1,0,0
N27269,1,0,1,0,0
N27273,1,0,1,0,0
N27275,1,0,1,0,0
N27282,1,0,1,0,0
N27287,1,0,1,0,0
N27289,1,0,1,0,0
N27291,1,0,1,0,0
N27293,1,0,1,0,0
N27341,1,0,1,0,0
N27347,1,0,1,0,0
N27369,1,0,1,0,0
N27371,1,0,1,0,0
N27373,1,0,1,0,0
N27375,1,0,1,0,0
N27377,1,0,1,0,0
N27379,1,0,1,0,0
N27381,1,0,1,0,0
N27383,1,0,1,0,0
N27385,1,0,1,0,0
N27387,1,0,1,0,0
N27389,1,0,1,0,0
N27391,1,0,1,0,0
N27393,1,0,1,0,0
N27395,1,0,1,0,0
N27397,1,0,1,0,0
N27399,1,0,1,0,0
N27401,1,0,1,0,0
N27403,1,0,1,0,0
N27405,1,0,1,0,0
N27407,1,0,1,0,0
N27409,1,0,1,0,0
N27411,1,0,1,0,0
N27413,1,0,1,0,0
N27415,1,0,1,0,0
N27417,1,0,1,0,0
N27419,1,0,1,0,0
N27421,1,0,1,0,0
N27423,1,0,1,0,0
N27541,1,0,1,0,0
N27586,1,0,1,0,0
N27588,1,0,1,0,0
N27590,1,0,1,0,0
N27609,1,0,1,0,0
N27611,1,0,1,0,0
N27613,1,0,1,0,0
N27615,1,0,1,0,0
N27617,1,0,1,0,0
N27619,1,0,1,0,0
N27621,1,0,1,0,0
N27623,1,0,1,0,0
N27625,1,0,1,0,0
N27627,1,0,1,0,0
N27629,1,0,1,0,0
N27631,1,0,1,0,0
N27633,1,0,1,0,0
N27635,1,0,1,0,0
N27637,1,0,1,0,0
N27639,1,0,1,0,0
N27641,1,0,1,0,0
N27643,1,0,1,0,0
N27645,1,0,1,0,0
N27647,1,0,1,0,0
N27649,1,0,1,0,0
N27651,1,0,1,0,0
N27653,1,0,1,0,0
N27655,1,0,1,0,0
N27657,1,0,1,0,0
N27663,1,0,1,0,0
N27723,1,0,1,0,0
N27725,1,0,1,0,0
N27727,1,0,1,0,0
N27729,1,0,1,0,0
N27731,1,0,1,0,0
N27733,1,0,1,0,0
N27735,1,0,1,0,0
N27737,1,0,1,0,0
N27739,1,0,1,0,0
N27741,1,0,1,0,0
N27743,1,0,1,0,0
N27745,1,0,1,0,0
N27747,1,0,1,0,0
N27749,1,0,1,0,0
N27751,1,0,1,0,0
N27753,1,0,1,0,0
N27755,1,0,1,0,0
N27757,1,0,1,0,0
N27759,1,0,1,0,0
N27761,1,0,1,0,0
N27763,1,0,1,0,0
N27765,1,0,1,0,0
N27767,1,0,1,0,0
N27769,1,0,1,0,0
N27771,1,0,1,0,0
N27773,1,0,1,0,0
N27775,1,0,1,0,0
N27777,1,0,1,0,0
N27779,1,0,1,0,0
N27781,1,0,1,0,0
N27783,1,0,1,0,0
N27784,1,0,1,0,0
N27786,1,0,1,0,0
N27788,1,0,1,0,0
N27790,1,0,1,0,0
N27793,1,0,1,0,0
N27794,1,0,1,0,0
N27796,1,0,1,0,0
N27798,1,0,1,0,0
N27801,1,0,1,0,0
N27803,1,0,1,0,0
N27805,1,0,1,0,0
N27807,1,0,1,0,0
N27809,1,0,1,0,0
N27811,1,0,1,0,0
N27812,1,0,1,0,0
N27815,1,0,1,0,0
N27817,1,0,1,0,0
N27819,1,0,1,0,0
N27820,1,0,1,0,0
N27823,1,0,1,0,0
N27824,1,0,1,0,0
N27826,1,0,1,0,0
N27828,1,0,1,0,0
N27830,1,0,1,0,0
N27833,1,0,1,0,0
N27834,1,0,1,0,0
N27837,1,0,1,0,0
N3608,1,0,1,0,0
N3625,1,0,1,0,0
N3633,1,0,1,0,0
N3644,1,0,1,0,0
N3701,1,0,1,0,0
N3722,1,0,1,0,0
N3729,1,0,1,0,0
N3736,1,0,1,0,0
N3743,1,0,1,0,0
N3757,1,0,1,0,0
N3764,1,0,1,0,0
N3771,1,0,1,0,0
N3820,1,0,1,0,0
N3848,1,0,1,0,0
N3862,1,0,1,0,0
N3869,1,0,1,0,0
N3876,1,0,1,0,0
N3883,1,0,1,0,0
N3897,1,0,1,0,0
N4488,1,0,1,0,0
N4505,1,0,1,0,0
N4520,1,0,1,0,0
N4532,1,0,1,0,0
N4536,1,0,1,0,0
N4578,1,0,1,0,0
N4592,1,0,1,0,0
N4599,1,0,1,0,0
N4613,1,0,1,0,0
N4620,1,0,1,0,0
N4634,1,0,1,0,0
N4656,1,0,1,0,0
N4662,1,0,1,0,0
N4669,1,0,1,0,0
N4676,1,0,1,0,0
N4711,1,0,1,0,0
N4715,1,0,1,0,0
N4716,1,0,1,0,0
N4718,1,0,1,0,0
N4828,1,0,1,0,0
N4838,1,0,1,0,0
N4849,1,0,1,0,0
N4854,1,0,1,0,0
N4860,1,0,1,0,0
N4879,1,0,1,0,0
N4992,1,0,1,0,0
N5016,1,0,1,0,0
N5017,1,0,1,0,0
N5021,1,0,1,0,0
N5022,1,0,1,0,0
N5026,1,0,1,0,0
N5034,1,0,1,0,0
N5038,1,0,1,0,0
N5039,1,0,1,0,0
N5040,1,0,1,0,0
N5044,1,0,1,0,0
N5045,1,0,1,0,0
N5047,1,0,1,0,0
N5048,1,0,1,0,0
N5118,1,0,1,0,0
N5125,1,0,1,0,0
N5132,1,0,1,0,0
N5134,1,0,1,0,0
N5142,1,0,1,0,0
N5153,1,0,1,0,0
N5358,1,0,1,0,0
N5359,1,0,1,0,0
N5361,1,0,1,0,0
N5364,1,0,1,0,0
N5371,1,0,1,0,0
N5381,1,0,1,0,0
N5388,1,0,1,0,0
N5389,1,0,1,0,0
N5392,1,0,1,0,0
N5394,1,0,1,0,0
N5398,1,0,1,0,0
N5404,1,0,1,0,0
N5413,1,0,1,0,0
N5414,1,0,1,0,0
N5416,1,0,1,0,0
N5419,1,0,1,0,0
N5420,1,0,1,0,0
N5421,1,0,1,0,0
N5425,1,0,1,0,0
N5427,1,0,1,0,0
N5430,1,0,1,0,0
N5433,1,0,1,0,0
N5437,1,0,1,0,0
N5447,1,0,1,0,0
N5449,1,0,1,0,0
N5454,1,0,1,0,0
N5455,1,0,1,0,0
N5460,1,0,1,0,0
N5464,1,0,1,0,0
N5471,1,0,1,0,0
N5472,1,0,1,0,0
N5478,1,0,1,0,0
N5495,1,0,1,0,0
N5499,1,0,1,0,0
N5503,1,0,1,0,0
N5506,1,0,1,0,0
N5509,1,0,1,0,0
N5581,1,0,1,0,0
N5584,1,0,1,0,0
N5586,1,0,1,0,0
N5629,1,0,1,0,0
N5845,1,0,1,0,0
N5867,1,0,1,0,0
N5869,1,0,1,0,0
N5870,1,0,1,0,0
N5872,1,0,1,0,0
N5873,1,0,1,0,0
N5877,1,0,1,0,0
N5879,1,0,1,0,0
N5896,1,0,1,0,0
N5898,1,0,1,0,0
N5900,1,0,1,0,0
N5902,1,0,1,0,0
N5913,1,0,1,0,0
N5914,1,0,1,0,0
N5930,1,0,1,0,0
N5933,1,0,1,0,0
N5934,1,0,1,0,0
N5935,1,0,1,0,0
N5936,1,0,1,0,0
N5937,1,0,1,0,0
N5938,1,0,1,0,0
N5939,1,0,1,0,0
N5940,1,0,1,0,0
N5941,1,0,1,0,0
N5942,1,0,1,0,0
N5943,1,0,1,0,0
N5944,1,0,1,0,0
N5945,1,0,1,0,0
N5946,1,0,1,0,0
N5947,1,0,1,0,0
N5948,1,0,1,0,0
N5949,1,0,1,0,0
N5950,1,0,1,0,0
N5951,1,0,1,0,0
N5952,1,0,1,0,0
N5953,1,0,1,0,0
N5954,1,0,1,0,0
N5955,1,0,1,0,0
N5956,1,0,1,0,0
N5957,1,0,1,0,0
N5958,1,0,1,0,0
N5959,1,0,1,0,0
N5960,1,0,1,0,0
N5997,1,0,1,0,0
N5998,1,0,1,0,0
N5999,1,0,1,0,0
N6000,1,0,1,0,0
N6001,1,0,1,0,0
N6002,1,0,1,0,0
N6003,1,0,1,0,0
N6004,1,0,1,0,0
N6008,1,0,1,0,0
N6009,1,0,1,0,0
N6011,1,0,1,0,0
N6012,1,0,1,0,0
N6013,1,0,1,0,0
N6014,1,0,1,0,0
N6015,1,0,1,0,0
N6016,1,0,1,0,0
N6017,1,0,1,0,0
N6018,1,0,1,0,0
N6024,1,1,0,0,0
N6025,1,1,0,0,0
N6026,1,1,0,0,0
N6027,1,1,0,0,0
N6029,1,1,0,0,0
N6031,1,1,0,0,0
N6032,1,1,0,0,0
N6033,1,1,0,0,0
N6034,1,1,0,0,0
N6038,1,1,0,0,0
N6066,1,0,1,0,0
N6068,1,0,1,0,0
N6071,1,0,1,0,0
N6074,1,0,1,0,0
N6075,1,0,1,0,0
N6078,1,0,1,0,0
N6079,1,0,1,0,0
N6082,1,0,1,0,0
N6083,1,0,1,0,0
N6086,1,0,1,0,0
N6087,1,0,1,0,0
N6090,1,0,1,0,0
N6093,1,0,1,0,0
N6096,1,0,1,0,0
N6097,1,0,1,0,0
N6100,1,0,1,0,0
N6101,1,0,1,0,0
N6104,1,0,1,0,0
N6105,1,0,1,0,0
N6113,1,0,1,0,0
N6114,1,0,1,0,0
N6117,1,0,1,0,0
N6122,1,0,1,0,0
N6123,1,0,1,0,0
N6133,1,0,1,0,0
N6145,1,1,0,0,0
N6146,1,1,0,0,0
N6147,1,1,0,0,0
N6148,1,1,0,0,0
N6149,1,1,0,0,0
N6156,1,0,1,0,0
N6157,1,0,1,0,0
N6158,1,0,1,0,0
N6162,1,0,1,0,0
N6163,1,0,1,0,0
N6164,1,0,1,0,0
N6165,1,0,1,0,0
N6166,1,0,1,0,0
N6167,1,0,1,0,0
N6168,1,0,1,0,0
N6169,1,0,1,0,0
N6174,1,0,1,0,0
N6175,1,0,1,0,0
N6176,1,0,1,0,0
N6177,1,0,1,0,0
N6178,1,0,1,0,0
N6290,1,0,1,0,0
N6318,1,0,1,0,0
N6327,1,0,1,0,0
N6331,1,0,1,0,0
N6338,1,0,1,0,0
N6361,1,0,1,0,0
N6362,1,0,1,0,0
N6364,1,0,1,0,0
N6365,1,0,1,0,0
N6367,1,0,1,0,0
N6368,1,0,1,0,0
N6384,1,0,1,0,0
N6389,1,0,1,0,0
N6390,1,0,1,0,0
N6401,1,0,1,0,0
N6402,1,0,1,0,0
N6403,1,0,1,0,0
N6404,1,0,1,0,0
N6405,1,0,1,0,0
N6406,1,0,1,0,0
N6410,1,0,1,0,0
N6411,1,0,1,0,0
N6412,1,0,1,0,0
N6413,1,0,1,0,0
N6414,1,0,1,0,0
N6415,1,0,1,0,0
N6416,1,0,1,0,0
N6418,1,0,1,0,0
N6419,1,0,1,0,0
N6420,1,0,1,0,0
N6421,1,0,1,0,0
N6423,1,0,1,0,0
N6424,1,0,1,0,0
N6426,1,0,1,0,0
N6428,1,0,1,0,0
N6430,1,0,1,0,0
N6431,1,0,1,0,0
N6433,1,0,1,0,0
N6434,1,0,1,0,0
N6435,1,0,1,0,0
N6436,1,0,1,0,0
N6437,1,0,1,0,0
N6438,1,0,1,0,0
N6439,1,0,1,0,0
N6440,1,0,1,0,0
N6441,1,0,1,0,0
N6444,1,0,1,0,0
N6445,1,0,1,0,0
N6451,1,0,1,0,0
N6453,1,0,1,0,0
N6455,1,0,1,0,0
N6526,1,0,1,0,0
N6550,1,0,1,0,0
N6572,1,0,1,0,0
N6585,1,0,1,0,0
N6587,1,0,1,0,0
N6588,1,1,0,0,0
N6589,1,1,0,0,0
N6592,1,1,0,0,0
N6594,1,1,0,0,0
N6595,1,1,0,0,0
N6596,1,0,1,0,0
N6656,1,0,1,0,0
N6657,1,0,1,0,0
N6658,1,0,1,0,0
N6659,1,0,1,0,0
N6660,1,0,1,0,0
N6670,1,0,1,0,0
N6671,1,0,1,0,0
N6672,1,0,1,0,0
N6673,1,0,1,0,0
N6675,1,0,1,0,0
N6676,1,0,1,0,0
N6677,1,0,1,0,0
N6678,1,0,1,0,0
N6679,1,0,1,0,0
N6680,1,0,1,0,0
N6682,1,0,1,0,0
N6683,1,0,1,0,0
N6684,1,0,1,0,0
N6686,1,0,1,0,0
N6705,1,1,0,0,0
N6706,1,0,1,0,0
N6728,1,1,0,0,0
N6729,1,1,0,0,0
N6730,1,1,0,0,0
N6731,1,1,0,0,0
N6732,1,0,1,0,0
N6733,1,1,0,0,0
N6734,1,1,0,0,0
N6735,1,1,0,0,0
N6736,1,1,0,0,0
N6737,1,0,1,0,0
N6739,1,1,0,0,0
N6740,1,1,0,0,0
N6741,1,1,0,0,0
N6752,1,0,1,0,0
N6772,1,0,1,0,0
N6804,1,0,1,0,0
N6806,1,0,1,0,0
N6809,1,0,1,0,0
N6810,1,0,1,0,0
N6813,1,0,1,0,0
N6814,1,0,1,0,0
N6815,1,0,1,0,0
N6816,1,1,0,0,0
N6817,1,0,1,0,0
N6818,1,0,1,0,0
N6821,1,0,1,0,0
N6826,1,0,1,0,0
N6831,1,0,1,0,0
N6833,1,0,1,0,0
N6841,1,0,1,0,0
N6842,1,0,1,0,0
N6844,1,0,1,0,0
N6846,1,0,1,0,0
N6847,1,0,1,0,0
N6849,1,0,1,0,0
N6852,1,0,1,0,0
N6853,1,0,1,0,0
N6856,1,0,1,0,0
N6857,1,0,1,0,0
N6858,1,0,1,0,0
N6859,1,0,1,0,0
N6863,1,0,1,0,0
N6864,1,0,1,0,0
N6865,1,0,1,0,0
N6866,1,0,1,0,0
N6867,1,0,1,0,0
N6868,1,0,1,0,0
N6869,1,0,1,0,0
N6871,1,0,1,0,0
N6872,1,0,1,0,0
N6873,1,0,1,0,0
N6874,1,0,1,0,0
N6878,1,0,1,0,0
N6881,1,0,1,0,0
N6882,1,0,1,0,0
N6883,1,0,1,0,0
N6886,1,0,1,0,0
N6894,1,0,1,0,0
N6911,1,0,1,0,0
N6912,1,0,1,0,0
N6913,1,0,1,0,0
N6914,1,0,1,0,0
N6915,1,0,1,0,0
N6916,1,0,1,0,0
N6917,1,0,1,0,0
N6918,1,0,1,0,0
N6919,1,0,1,0,0
N6920,1,0,1,0,0
N6922,1,0,1,0,0
N6923,1,0,1,0,0
N6924,1,0,1,0,0
N6928,1,0,1,0,0
N6932,1,0,1,0,0
N6933,1,0,1,0,0
N6934,1,0,1,0,0
N6935,1,0,1,0,0
N6938,1,0,1,0,0
N6942,1,0,1,0,0
N6943,1,0,1,0,0
N6944,1,0,1,0,0
N6947,1,0,1,0,0
N6948,1,0,1,0,0
N6949,1,0,1,0,0
N6955,1,0,1,0,0
N6956,1,0,1,0,0
N6960,1,0,1,0,0
N6963,1,0,1,0,0
N6964,1,0,1,0,0
N6965,1,0,1,0,0
N6969,1,0,1,0,0
N6974,1,0,1,0,0
N6982,1,0,1,0,0
N6983,1,0,1,0,0
N6985,1,0,1,0,0
N6992,1,0,1,0,0
N6995,1,0,1,0,0
N6998,1,0,1,0,0
N7009,1,0,1,0,0
N7014,1,0,1,0,0
N7030,1,0,1,0,0
N7031,1,0,1,0,0
N7032,1,0,1,0,0
N7039,1,0,1,0,0
N7042,1,0,1,0,0
N7055,1,0,1,0,0
N7058,1,0,1,0,0
N7092,1,0,1,0,0
N7093,1,0,1,0,0
N7094,1,0,1,0,0
N7095,1,0,1,0,0
N7096,1,0,1,0,0
N7097,1,0,1,0,0
N7098,1,0,1,0,0
N7099,1,0,1,0,0
N7100,1,0,1,0,0
N7101,1,0,1,0,0
N7102,1,0,1,0,0
N7103,1,0,1,0,0
N7104,1,0,1,0,0
N7105,1,0,1,0,0
N7106,1,0,1,0,0
N7107,1,0,1,0,0
N7108,1,0,1,0,0
N7109,1,0,1,0,0
N7110,1,0,1,0,0
N7111,1,0,1,0,0
N7112,1,0,1,0,0
N7113,1,0,1,0,0
N7114,1,0,1,0,0
N7115,1,0,1,0,0
N7116,1,0,1,0,0
N7117,1,0,1,0,0
N7118,1,0,1,0,0
N7119,1,0,1,0,0
N7120,1,0,1,0,0
N7121,1,0,1,0,0
N7122,1,0,1,0,0
N7123,1,0,1,0,0
N7124,1,0,1,0,0
N7125,1,0,1,0,0
N7126,1,0,1,0,0
N7127,1,0,1,0,0
N7128,1,0,1,0,0
N7129,1,0,1,0,0
N7130,1,0,1,0,0
N7131,1,0,1,0,0
N7132,1,0,1,0,0
N7133,1,0,1,0,0
N7134,1,0,1,0,0
N7136,1,0,1,0,0
N7138,1,0,1,0,0
N7140,1,0,1,0,0
N7142,1,0,1,0,0
N7144,1,0,1,0,0
N7146,1,0,1,0,0
N7148,1,0,1,0,0
N7150,1,0,1,0,0
N7152,1,0,1,0,0
N7154,1,0,1,0,0
N7157,1,0,1,0,0
N7161,1,0,1,0,0
N7163,1,0,1,0,0
N7165,1,0,1,0,0
N7170,1,0,1,0,0
N7200,1,0,1,0,0
N7201,1,0,1,0,0
N7202,1,0,1,0,0
N7203,1,0,1,0,0
N7204,1,0,1,0,0
N7205,1,0,1,0,0
N7206,1,0,1,0,0
N7207,1,0,1,0,0
N7208,1,0,1,0,0
N7209,1,0,1,0,0
N7210,1,0,1,0,0
N7211,1,0,1,0,0
N7212,1,0,1,0,0
N7213,1,0,1,0,0
N7214,1,0,1,0,0
N7215,1,0,1,0,0
N7216,1,0,1,0,0
N7217,1,0,1,0,0
N7218,1,0,1,0,0
N7219,1,0,1,0,0
N7220,1,0,1,0,0
N7221,1,0,1,0,0
N7222,1,0,1,0,0
N7223,1,0,1,0,0
N7224,1,0,1,0,0
N7225,1,0,1,0,0
N7226,1,0,1,0,0
N7262,1,0,1,0,0
N7263,1,0,1,0,0
N7264,1,0,1,0,0
N7265,1,0,1,0,0
N7266,1,0,1,0,0
N7271,1,0,1,0,0
N7272,1,0,1,0,0
N7273,1,0,1,0,0
N7274,1,0,1,0,0
N7275,1,0,1,0,0
N7276,1,0,1,0,0
N7277,1,0,1,0,0
N7278,1,0,1,0,0
N7294,1,1,0,0,0
N7296,1,1,0,0,0
N7298,1,1,0,0,0
N7300,1,1,0,0,0
N7302,1,1,0,0,0
N7304,1,1,0,0,0
N7305,1,1,0,0,0
N7306,1,1,0,0,0
N7307,1,1,0,0,0
N7308,1,1,0,0,0
N7325,1,0,1,0,0
N7327,1,0,1,0,0
N7331,1,0,1,0,0
N7333,1,0,1,0,0
N7335,1,0,1,0,0
N7337,1,0,1,0,0
N7339,1,0,1,0,0
N7341,1,0,1,0,0
N7343,1,0,1,0,0
N7345,1,0,1,0,0
N7347,1,0,1,0,0
N7349,1,0,1,0,0
N7351,1,0,1,0,0
N7353,1,0,1,0,0
N7355,1,0,1,0,0
N7357,1,0,1,0,0
N7359,1,0,1,0,0
N7363,1,0,1,0,0
N7370,1,1,0,0,0
N7377,1,0,1,0,0
N7385,1,0,1,0,0
N7388,1,0,1,0,0
N7437,1,0,1,0,0
N7438,1,0,1,0,0
N7442,1,0,1,0,0
N7452,1,1,0,0,0
N7471,1,0,1,0,0
N7505,1,0,1,0,0
N7516,1,0,1,0,0
N7529,1,0,1,0,0
N7542,1,0,1,0,0
N7555,1,1,0,0,0
N7563,1,0,1,0,0
N7571,1,0,1,0,0
N7575,1,0,1,0,0
N7593,1,0,1,0,0
N7598,1,0,1,0,0
N7599,1,0,1,0,0
N7600,1,0,1,0,0
N7604,1,0,1,0,0
N7605,1,0,1,0,0
N7606,1,0,1,0,0
N7608,1,0,1,0,0
N7609,1,0,1,0,0
N7614,1,0,1,0,0
N7616,1,0,1,0,0
N7619,1,0,1,0,0
N7624,1,0,1,0,0
N7627,1,0,1,0,0
N7629,1,0,1,0,0
N7630,1,0,1,0,0
N7631,1,1,0,0,0
N7635,1,0,1,0,0
N7645,1,0,1,0,0
N7655,1,0,1,0,0
N7660,1,0,1,0,0
N7661,1,0,1,0,0
N7662,1,0,1,0,0
N7669,1,0,1,0,0
N7672,1,0,1,0,0
N7675,1,0,1,0,0
N7687,1,0,1,0,0
N7698,1,0,1,0,0
N7716,1,0,1,0,0
N7719,1,0,1,0,0
N7720,1,0,1,0,0
N7721,1,0,1,0,0
N7722,1,0,1,0,0
N7723,1,0,1,0,0
N7724,1,0,1,0,0
N7725,1,0,1,0,0
N7726,1,0,1,0,0
N7727,1,0,1,0,0
N7728,1,0,1,0,0
N7729,1,0,1,0,0
N7730,1,0,1,0,0
N7731,1,0,1,0,0
N7732,1,0,1,0,0
N7733,1,0,1,0,0
N7734,1,0,1,0,0
N7735,1,0,1,0,0
N7736,1,0,1,0,0
N7801,1,0,1,0,0
N7802,1,0,1,0,0
N7803,1,0,1,0,0
N7804,1,0,1,0,0
N7805,1,0,1,0,0
N7806,1,0,1,0,0
N7807,1,0,1,0,0
N7810,1,0,1,0,0
N7813,1,0,1,0,0
N7814,1,0,1,0,0
N7818,1,0,1,0,0
N7820,1,0,1,0,0
N7821,1,0,1,0,0
N7824,1,0,1,0,0
N7825,1,0,1,0,0
N7831,1,0,1,0,0
N7833,1,0,1,0,0
N7835,1,0,1,0,0
N7841,1,0,1,0,0
N7843,1,0,1,0,0
N7846,1,0,1,0,0
N7847,1,0,1,0,0
N7852,1,0,1,0,0
N7853,1,0,1,0,0
N7854,1,0,1,0,0
N7855,1,0,1,0,0
N7859,1,0,1,0,0
N7868,1,1,0,0,0
N7870,1,1,0,0,0
N7872,1,1,0,0,0
N7874,1,1,0,0,0
N7876,1,1,0,0,0
N7878,1,1,0,0,0
N7880,1,1,0,0,0
N7881,1,1,0,0,0
N7882,1,1,0,0,0
N7883,1,1,0,0,0
N7884,1,1,0,0,0
N7885,1,1,0,0,0
N7886,1,1,0,0,0
N7887,1,1,0,0,0
N7888,1,1,0,0,0
N7889,1,1,0,0,0
N7890,1,1,0,0,0
N7891,1,1,0,0,0
N7895,1,0,1,0,0
N7899,1,0,1,0,0
N7908,1,0,1,0,0
N7913,1,0,1,0,0
N7914,1,0,1,0,0
N7916,1,0,1,0,0
N7919,1,0,1,0,0
N7922,1,0,1,0,0
N7923,1,0,1,0,0
N7925,1,0,1,0,0
N7927,1,0,1,0,0
N7929,1,0,1,0,0
N7939,1,0,1,0,0
N7942,1,0,1,0,0
N7943,1,0,1,0,0
N7945,1,0,1,0,0
N7946,1,0,1,0,0
N7948,1,0,1,0,0
N7949,1,0,1,0,0
N7951,1,0,1,0,0
N7954,1,0,1,0,0
N7957,1,0,1,0,0
N7960,1,0,1,0,0
N7961,1,0,1,0,0
N7963,1,0,1,0,0
N7966,1,0,1,0,0
N7967,1,0,1,0,0
N7969,1,0,1,0,0
N7972,1,0,1,0,0
N7975,1,0,1,0,0
N7976,1,0,1,0,0
N7978,1,0,1,0,0
N7981,1,0,1,0,0
N7982,1,0,1,0,0
N7984,1,0,1,0,0
N7985,1,0,1,0,0
N7987,1,0,1,0,0
N7990,1,0,1,0,0
N7991,1,0,1,0,0
N7993,1,0,1,0,0
N7996,1,0,1,0,0
N7999,1,0,1,0,0
N8000,1,0,1,0,0
N8002,1,0,1,0,0
N8003,1,0,1,0,0
N8005,1,0,1,0,0
N8009,1,0,1,0,0
N8011,1,0,1,0,0
N8013,1,0,1,0,0
N8015,1,0,1,0,0
N8017,1,0,1,0,0
N8019,1,0,1,0,0
N8021,1,0,1,0,0
N8023,1,0,1,0,0
N8025,1,0,1,0,0
N8027,1,0,1,0,0
N8029,1,0,1,0,0
N8036,1,0,1,0,0
N8038,1,0,1,0,0
N8040,1,0,1,0,0
N8042,1,0,1,0,0
N8044,1,0,1,0,0
N8046,1,0,1,0,0
N8048,1,0,1,0,0
N8050,1,0,1,0,0
N8052,1,0,1,0,0
N8054,1,0,1,0,0
N8081,1,0,1,0,0
N8094,1,0,1,0,0
N8096,1,0,1,0,0
N8098,1,0,1,0,0
N8121,1,0,1,0,0
N8127,1,0,1,0,0
N8128,1,0,1,0,0
N8129,1,0,1,0,0
N8130,1,0,1,0,0
N8131,1,0,1,0,0
N8132,1,0,1,0,0
N8133,1,0,1,0,0
N8134,1,0,1,0,0
N8135,1,0,1,0,0
N8136,1,0,1,0,0
N8137,1,0,1,0,0
N8138,1,0,1,0,0
N8139,1,0,1,0,0
N8140,1,0,1,0,0
N8141,1,0,1,0,0
N8142,1,0,1,0,0
N8143,1,0,1,0,0
N8144,1,0,1,0,0
N8145,1,0,1,0,0
N8146,1,0,1,0,0
N8147,1,0,1,0,0
N8148,1,0,1,0,0
N8149,1,0,1,0,0
N8150,1,0,1,0,0
N8151,1,0,1,0,0
N8152,1,0,1,0,0
N8153,1,0,1,0,0
N8154,1,0,1,0,0
N8155,1,0,1,0,0
N8156,1,0,1,0,0
N8157,1,0,1,0,0
N8158,1,0,1,0,0
N8159,1,0,1,0,0
N8160,1,0,1,0,0
N8161,1,0,1,0,0
N8162,1,0,1,0,0
N8163,1,0,1,0,0
N8164,1,0,1,0,0
N8165,1,0,1,0,0
N8166,1,0,1,0,0
N8167,1,0,1,0,0
N8168,1,0,1,0,0
N8169,1,0,1,0,0
N8170,1,0,1,0,0
N8171,1,0,1,0,0
N8172,1,0,1,0,0
N8173,1,0,1,0,0
N8174,1,0,1,0,0
N8175,1,0,1,0,0
N8176,1,0,1,0,0
N8177,1,0,1,0,0
N8178,1,0,1,0,0
N8179,1,0,1,0,0
N8180,1,0,1,0,0
N8211,1,0,1,0,0
N8212,1,0,1,0,0
N8214,1,1,0,0,0
N8215,1,1,0,0,0
N8216,1,1,0,0,0
N8217,1,1,0,0,0
N8218,1,1,0,0,0
N8219,1,1,0,0,0
N8220,1,1,0,0,0
N8221,1,1,0,0,0
N8222,1,1,0,0,0
N8223,1,1,0,0,0
N8224,1,1,0,0,0
N8225,1,1,0,0,0
N8226,1,1,0,0,0
N8227,1,1,0,0,0
N8228,1,1,0,0,0
N8229,1,1,0,0,0
N8230,1,1,0,0,0
N8231,1,1,0,0,0
N8232,1,1,0,0,0
N8233,1,1,0,0,0
N8234,1,1,0,0,0
N8235,1,1,0,0,0
N8236,1,1,0,0,0
N8237,1,1,0,0,0
N8238,1,1,0,0,0
N8239,1,1,0,0,0
N8240,1,1,0,0,0
N8243,1,0,1,0,0
N8245,1,0,1,0,0
N8247,1,0,1,0,0
N8249,1,0,1,0,0
N8251,1,0,1,0,0
N8253,1,0,1,0,0
N8257,1,0,1,0,0
N8259,1,0,1,0,0
N8260,1,0,1,0,0
N8261,1,0,1,0,0
N8263,1,0,1,0,0
N8265,1,0,1,0,0
N8267,1,0,1,0,0
N8269,1,0,1,0,0
N8271,1,0,1,0,0
N8273,1,0,1,0,0
N8274,1,0,1,0,0
N8275,1,0,1,0,0
N8277,1,0,1,0,0
N8279,1,0,1,0,0
N8281,1,0,1,0,0
N8283,1,0,1,0,0
N8285,1,0,1,0,0
N8287,1,0,1,0,0
N8289,1,0,1,0,0
N8291,1,0,1,0,0
N8293,1,0,1,0,0
N8295,1,0,1,0,0
N8297,1,0,1,0,0
N8299,1,0,1,0,0
N8301,1,0,1,0,0
N8307,1,0,1,0,0
N8308,1,0,1,0,0
N8323,1,0,1,0,0
N8426,1,0,1,0,0
N8455,1,0,1,0,0
N8456,1,0,1,0,0
N8457,1,0,1,0,0
N8458,1,0,1,0,0
N8465,1,0,1,0,0
N8466,1,0,1,0,0
N8473,1,1,0,0,0
N8477,1,0,1,0,0
N8479,1,0,1,0,0
N8483,1,0,1,0,0
N8486,1,0,1,0,0
N8497,1,0,1,0,0
N8498,1,0,1,0,0
N8499,1,0,1,0,0
N8500,1,0,1,0,0
N8501,1,0,1,0,0
N8502,1,0,1,0,0
N8503,1,0,1,0,0
N8504,1,0,1,0,0
N8505,1,0,1,0,0
N8506,1,0,1,0,0
N8507,1,0,1,0,0
N8508,1,0,1,0,0
N8509,1,0,1,0,0
N8510,1,0,1,0,0
N8511,1,0,1,0,0
N8512,1,0,1,0,0
N8513,1,0,1,0,0
N8514,1,0,1,0,0
N8515,1,0,1,0,0
N8516,1,0,1,0,0
N8517,1,0,1,0,0
N8518,1,0,1,0,0
N8519,1,0,1,0,0
N8520,1,0,1,0,0
N8521,1,0,1,0,0
N8522,1,0,1,0,0
N8523,1,0,1,0,0
N8524,1,0,1,0,0
N8525,1,0,1,0,0
N8526,1,0,1,0,0
N8527,1,0,1,0,0
N8528,1,0,1,0,0
N8529,1,0,1,0,0
N8530,1,0,1,0,0
N8531,1,0,1,0,0
N8532,1,0,1,0,0
N8533,1,0,1,0,0
N8534,1,0,1,0,0
N8535,1,0,1,0,0
N8536,1,0,1,0,0
N8537,1,0,1,0,0
N8538,1,0,1,0,0
N8539,1,0,1,0,0
N8540,1,0,1,0,0
N8541,1,0,1,0,0
N8542,1,0,1,0,0
N8543,1,0,1,0,0
N8544,1,0,1,0,0
N8545,1,0,1,0,0
N8578,1,0,1,0,0
N8579,1,0,1,0,0
N8580,1,0,1,0,0
N8585,1,1,0,0,0
N8586,1,1,0,0,0
N8587,1,1,0,0,0
N8588,1,1,0,0,0
N8589,1,1,0,0,0
N8590,1,1,0,0,0
N8591,1,1,0,0,0
N8592,1,1,0,0,0
N8593,1,1,0,0,0
N8594,1,1,0,0,0
N8595,1,1,0,0,0
N8596,1,1,0,0,0
N8597,1,1,0,0,0
N8598,1,1,0,0,0
N8599,1,1,0,0,0
N8600,1,1,0,0,0
N8601,1,1,0,0,0
N8602,1,1,0,0,0
N8603,1,1,0,0,0
N8604,1,1,0,0,0
N8605,1,1,0,0,0
N8606,1,1,0,0,0
N8607,1,1,0,0,0
N8608,1,1,0,0,0
N8612,1,0,1,0,0
N8614,1,0,1,0,0
N8616,1,0,1,0,0
N8620,1,0,1,0,0
N8626,1,0,1,0,0
N8628,1,0,1,0,0
N8630,1,0,1,0,0
N8632,1,0,1,0,0
N8634,1,0,1,0,0
N8636,1,0,1,0,0
N8638,1,0,1,0,0
N8640,1,0,1,0,0
N8642,1,0,1,0,0
N8644,1,0,1,0,0
N8646,1,0,1,0,0
N8648,1,0,1,0,0
N8652,1,0,1,0,0
N8654,1,0,1,0,0
N8656,1,0,1,0,0
N8658,1,0,1,0,0
N8660,1,0,1,0,0
N8662,1,0,1,0,0
N8664,1,0,1,0,0
N8666,1,0,1,0,0
N8668,1,0,1,0,0
N8670,1,0,1,0,0
N8673,1,1,0,0,0
N8674,1,0,1,0,0
N8675,1,0,1,0,0
N8676,1,0,1,0,0
N8677,1,0,1,0,0
N8678,1,0,1,0,0
N8679,1,0,1,0,0
N8680,1,0,1,0,0
N8681,1,0,1,0,0
N8682,1,0,1,0,0
N8683,1,0,1,0,0
N8684,1,0,1,0,0
N8685,1,0,1,0,0
N8686,1,0,1,0,0
N8687,1,0,1,0,0
N8688,1,0,1,0,0
N8689,1,0,1,0,0
N8690,1,0,1,0,0
N8691,1,0,1,0,0
N8692,1,0,1,0,0
N8693,1,0,1,0,0
N8694,1,0,1,0,0
N8695,1,0,1,0,0
N8696,1,0,1,0,0
N8697,1,0,1,0,0
N8698,1,0,1,0,0
N8699,1,0,1,0,0
N8700,1,0,1,0,0
N8701,1,0,1,0,0
N8702,1,0,1,0,0
N8703,1,0,1,0,0
N8704,1,0,1,0,0
N8705,1,0,1,0,0
N8706,1,0,1,0,0
N8707,1,0,1,0,0
N8708,1,0,1,0,0
N8709,1,0,1,0,0
N8710,1,0,1,0,0
N8711,1,0,1,0,0
N8712,1,0,1,0,0
N8713,1,0,1,0,0
N8714,1,0,1,0,0
N8715,1,0,1,0,0
N8716,1,0,1,0,0
N8717,1,0,1,0,0
N8718,1,0,1,0,0
N8719,1,0,1,0,0
N8720,1,0,1,0,0
N8721,1,0,1,0,0
N8722,1,0,1,0,0
N8723,1,0,1,0,0
N8724,1,0,1,0,0
N8725,1,0,1,0,0
N8726,1,0,1,0,0
N8727,1,0,1,0,0
N8728,1,0,1,0,0
N8729,1,0,1,0,0
N8730,1,0,1,0,0
N8732,1,0,1,0,0
N8737,1,0,1,0,0
N8738,1,0,1,0,0
N8739,1,0,1,0,0
N8740,1,0,1,0,0
N8742,1,0,1,0,0
N8747,1,0,1,0,0
N8749,1,0,1,0,0
N8750,1,0,1,0,0
N8751,1,0,1,0,0
N8753,1,0,1,0,0
N8754,1,0,1,0,0
N8755,1,0,1,0,0
N8756,1,0,1,0,0
N8757,1,0,1,0,0
N8758,1,0,1,0,0
N8761,1,0,1,0,0
N8762,1,0,1,0,0
N8763,1,1,0,0,0
N8764,1,1,0,0,0
N8765,1,1,0,0,0
N8766,1,1,0,0,0
N8767,1,1,0,0,0
N8768,1,1,0,0,0
N8769,1,1,0,0,0
N8770,1,1,0,0,0
N8771,1,1,0,0,0
N8772,1,1,0,0,0
N8773,1,1,0,0,0
N8774,1,1,0,0,0
N8775,1,1,0,0,0
N8776,1,1,0,0,0
N8777,1,1,0,0,0
N8778,1,1,0,0,0
N8779,1,1,0,0,0
N8780,1,1,0,0,0
N8781,1,1,0,0,0
N8782,1,1,0,0,0
N8783,1,1,0,0,0
N8784,1,1,0,0,0
N8785,1,1,0,0,0
N8786,1,1,0,0,0
N8787,1,1,0,0,0
N8788,1,1,0,0,0
N8789,1,1,0,0,0
N8790,1,1,0,0,0
N8791,1,0,1,0,0
N8792,1,0,1,0,0
N8793,1,0,1,0,0
N8795,1,0,1,0,0
N8796,1,0,1,0,0
N8797,1,0,1,0,0
N8798,1,0,1,0,0
N8799,1,0,1,0,0
N8800,1,0,1,0,0
N8801,1,0,1,0,0
N8802,1,0,1,0,0
N8803,1,0,1,0,0
N8805,1,0,1,0,0
N8807,1,0,1,0,0
N8809,1,0,1,0,0
N8810,1,0,1,0,0
N8812,1,0,1,0,0
N8813,1,0,1,0,0
N8815,1,0,1,0,0
N8816,1,0,1,0,0
N8817,1,0,1,0,0
N8818,1,0,1,0,0
N8819,1,0,1,0,0
N8820,1,0,1,0,0
N8821,1,0,1,0,0
N8822,1,0,1,0,0
N8823,1,0,1,0,0
N8825,1,0,1,0,0
N8826,1,0,1,0,0
N8827,1,0,1,0,0
N8829,1,0,1,0,0
N8831,1,0,1,0,0
N8833,1,0,1,0,0
N8834,1,0,1,0,0
N8835,1,0,1,0,0
N8837,1,0,1,0,0
N8839,1,0,1,0,0
N8841,1,0,1,0,0
N8843,1,0,1,0,0
N8845,1,0,1,0,0
N8847,1,0,1,0,0
N8848,1,0,1,0,0
N8849,1,0,1,0,0
N8850,1,0,1,0,0
N8851,1,0,1,0,0
N8903,1,0,1,0,0
N893,1,1,0,0,0
N9836,1,0,1,0,0
N9837,1,0,1,0,0
