node,total_undetected_faults,output_sa0,output_sa1,input_edge_sa0,input_edge_sa1
N20303,2,1,1,0,0
N20305,2,1,1,0,0
N20307,2,1,1,0,0
N20309,2,1,1,0,0
N20311,2,1,1,0,0
N20315,2,1,1,0,0
N20317,2,1,1,0,0
N20319,2,1,1,0,0
N20321,2,1,1,0,0
N20323,2,1,1,0,0
N20875,2,1,1,0,0
N20878,2,1,1,0,0
N22383,2,1,1,0,0
N22389,2,1,1,0,0
N22390,2,1,1,0,0
N22391,2,1,1,0,0
N22392,2,1,1,0,0
N22393,2,1,1,0,0
N22426,2,1,1,0,0
N22436,2,1,1,0,0
N22578,2,1,1,0,0
N22580,2,1,1,0,0
N22584,2,1,1,0,0
N22586,2,1,1,0,0
N22598,2,1,1,0,0
N22648,2,1,1,0,0
N22890,2,1,1,0,0
N22910,2,1,1,0,0
N23358,2,1,1,0,0
N23360,2,1,1,0,0
N23362,2,1,1,0,0
N23367,2,1,1,0,0
N23369,2,1,1,0,0
N23371,2,1,1,0,0
N23373,2,1,1,0,0
N23375,2,1,1,0,0
N23379,2,1,1,0,0
N23381,2,1,1,0,0
N23383,2,1,1,0,0
N23385,2,1,1,0,0
N23387,2,1,1,0,0
N24578,2,1,1,0,0
N24878,2,1,1,0,0
N25104,2,1,1,0,0
N26003,2,1,1,0,0
N26006,2,1,1,0,0
N26026,2,1,1,0,0
N26028,2,1,1,0,0
N26030,2,1,1,0,0
N26032,2,1,1,0,0
N26034,2,1,1,0,0
N26036,2,1,1,0,0
N26038,2,1,1,0,0
N26040,2,1,1,0,0
N26042,2,1,1,0,0
N26044,2,1,1,0,0
N26046,2,1,1,0,0
N26048,2,1,1,0,0
N26050,2,1,1,0,0
N26053,2,1,1,0,0
N26093,2,1,1,0,0
N27816,2,1,1,0,0
N27818,2,1,1,0,0
N27820,2,1,1,0,0
N27822,2,1,1,0,0
N27824,2,1,1,0,0
N27828,2,1,1,0,0
N27830,2,1,1,0,0
N27832,2,1,1,0,0
N28242,2,1,1,0,0
N28766,2,1,1,0,0
N28768,2,1,1,0,0
N28777,2,1,1,0,0
N28779,2,1,1,0,0
N28781,2,1,1,0,0
N28783,2,1,1,0,0
N28785,2,1,1,0,0
N28789,2,1,1,0,0
N28791,2,1,1,0,0
N28793,2,1,1,0,0
N28795,2,1,1,0,0
N28797,2,1,1,0,0
N28916,2,1,1,0,0
N29437,2,1,1,0,0
N29438,2,1,1,0,0
N29439,2,1,1,0,0
N29696,2,1,1,0,0
N29697,2,1,1,0,0
N29699,2,1,1,0,0
N29700,2,1,1,0,0
N29701,2,1,1,0,0
N30099,2,1,1,0,0
N30299,2,1,1,0,0
N30300,2,1,1,0,0
N30301,2,1,1,0,0
N30302,2,1,1,0,0
N30303,2,1,1,0,0
N30304,2,1,1,0,0
N30599,2,1,1,0,0
N30852,2,1,1,0,0
N30855,2,1,1,0,0
N10160,1,1,0,0,0
N10218,1,1,0,0,0
N10275,1,1,0,0,0
N10447,1,1,0,0,0
N11903,1,0,1,0,0
N11905,1,0,1,0,0
N11914,1,0,1,0,0
N11923,1,0,1,0,0
N11932,1,0,1,0,0
N11941,1,0,1,0,0
N11950,1,0,1,0,0
N11952,1,0,1,0,0
N11959,1,0,1,0,0
N11967,1,0,1,0,0
N11975,1,0,1,0,0
N11983,1,0,1,0,0
N11991,1,0,1,0,0
N11999,1,0,1,0,0
N12007,1,0,1,0,0
N12015,1,0,1,0,0
N12023,1,0,1,0,0
N12031,1,0,1,0,0
N12038,1,0,1,0,0
N12039,1,0,1,0,0
N12047,1,0,1,0,0
N12055,1,0,1,0,0
N12062,1,0,1,0,0
N12063,1,0,1,0,0
N12071,1,0,1,0,0
N12079,1,0,1,0,0
N12087,1,0,1,0,0
N12095,1,0,1,0,0
N12102,1,0,1,0,0
N12103,1,0,1,0,0
N12111,1,0,1,0,0
N12119,1,0,1,0,0
N12127,1,0,1,0,0
N12135,1,0,1,0,0
N12143,1,0,1,0,0
N12151,1,0,1,0,0
N12158,1,0,1,0,0
N12159,1,0,1,0,0
N12162,1,0,1,0,0
N12163,1,0,1,0,0
N12166,1,0,1,0,0
N12167,1,0,1,0,0
N12193,1,0,1,0,0
N12208,1,0,1,0,0
N12209,1,0,1,0,0
N12212,1,0,1,0,0
N12213,1,0,1,0,0
N12214,1,0,1,0,0
N12215,1,0,1,0,0
N12216,1,0,1,0,0
N12217,1,0,1,0,0
N12222,1,0,1,0,0
N12223,1,0,1,0,0
N12224,1,0,1,0,0
N12228,1,0,1,0,0
N12229,1,0,1,0,0
N12230,1,0,1,0,0
N12231,1,0,1,0,0
N12232,1,0,1,0,0
N12233,1,0,1,0,0
N12235,1,0,1,0,0
N12239,1,0,1,0,0
N12240,1,0,1,0,0
N12242,1,0,1,0,0
N12244,1,0,1,0,0
N12245,1,0,1,0,0
N12246,1,0,1,0,0
N12247,1,0,1,0,0
N12248,1,0,1,0,0
N12249,1,0,1,0,0
N12250,1,0,1,0,0
N12254,1,0,1,0,0
N12255,1,0,1,0,0
N12256,1,0,1,0,0
N12257,1,0,1,0,0
N12261,1,0,1,0,0
N12262,1,0,1,0,0
N12264,1,0,1,0,0
N12265,1,0,1,0,0
N12268,1,0,1,0,0
N12271,1,0,1,0,0
N12272,1,0,1,0,0
N12274,1,0,1,0,0
N12277,1,0,1,0,0
N12278,1,0,1,0,0
N12279,1,0,1,0,0
N12280,1,0,1,0,0
N12281,1,0,1,0,0
N12287,1,0,1,0,0
N12288,1,0,1,0,0
N12289,1,0,1,0,0
N12290,1,0,1,0,0
N12291,1,0,1,0,0
N12293,1,0,1,0,0
N12294,1,0,1,0,0
N12296,1,0,1,0,0
N12297,1,0,1,0,0
N12300,1,0,1,0,0
N12303,1,0,1,0,0
N12304,1,0,1,0,0
N12308,1,0,1,0,0
N12309,1,0,1,0,0
N12310,1,0,1,0,0
N12311,1,0,1,0,0
N12312,1,0,1,0,0
N12313,1,0,1,0,0
N12318,1,0,1,0,0
N12319,1,0,1,0,0
N12320,1,0,1,0,0
N12325,1,0,1,0,0
N12326,1,0,1,0,0
N12328,1,0,1,0,0
N12329,1,0,1,0,0
N12332,1,0,1,0,0
N12335,1,0,1,0,0
N12336,1,0,1,0,0
N12341,1,0,1,0,0
N12347,1,0,1,0,0
N12348,1,0,1,0,0
N12350,1,0,1,0,0
N12351,1,0,1,0,0
N12352,1,0,1,0,0
N12357,1,0,1,0,0
N12362,1,0,1,0,0
N12363,1,0,1,0,0
N12364,1,0,1,0,0
N12370,1,0,1,0,0
N12373,1,0,1,0,0
N12376,1,0,1,0,0
N12379,1,0,1,0,0
N12380,1,0,1,0,0
N12381,1,0,1,0,0
N12383,1,0,1,0,0
N12386,1,0,1,0,0
N12389,1,0,1,0,0
N12395,1,0,1,0,0
N12396,1,0,1,0,0
N12398,1,0,1,0,0
N12399,1,0,1,0,0
N12402,1,0,1,0,0
N12405,1,0,1,0,0
N12411,1,0,1,0,0
N12412,1,0,1,0,0
N12414,1,0,1,0,0
N12417,1,0,1,0,0
N12421,1,0,1,0,0
N12427,1,0,1,0,0
N12428,1,0,1,0,0
N12431,1,0,1,0,0
N12432,1,0,1,0,0
N12437,1,0,1,0,0
N12440,1,0,1,0,0
N12442,1,0,1,0,0
N12443,1,0,1,0,0
N12444,1,0,1,0,0
N12450,1,0,1,0,0
N12453,1,0,1,0,0
N12459,1,0,1,0,0
N12460,1,0,1,0,0
N12461,1,0,1,0,0
N12462,1,0,1,0,0
N12466,1,0,1,0,0
N12498,1,0,1,0,0
N12499,1,0,1,0,0
N12500,1,0,1,0,0
N12501,1,0,1,0,0
N12502,1,0,1,0,0
N12503,1,0,1,0,0
N12504,1,0,1,0,0
N12505,1,0,1,0,0
N12506,1,0,1,0,0
N12507,1,0,1,0,0
N12508,1,0,1,0,0
N12509,1,0,1,0,0
N12510,1,0,1,0,0
N12511,1,0,1,0,0
N12512,1,0,1,0,0
N12513,1,0,1,0,0
N12515,1,0,1,0,0
N12516,1,0,1,0,0
N12519,1,0,1,0,0
N12520,1,0,1,0,0
N12522,1,0,1,0,0
N12523,1,0,1,0,0
N12525,1,0,1,0,0
N12526,1,0,1,0,0
N12527,1,0,1,0,0
N12529,1,0,1,0,0
N12530,1,0,1,0,0
N12532,1,0,1,0,0
N12534,1,0,1,0,0
N12535,1,0,1,0,0
N12543,1,0,1,0,0
N12546,1,0,1,0,0
N12547,1,0,1,0,0
N12549,1,0,1,0,0
N12550,1,0,1,0,0
N12551,1,0,1,0,0
N12554,1,0,1,0,0
N12556,1,0,1,0,0
N12559,1,0,1,0,0
N12560,1,0,1,0,0
N12561,1,0,1,0,0
N12564,1,0,1,0,0
N12566,1,0,1,0,0
N12567,1,0,1,0,0
N12568,1,0,1,0,0
N12572,1,0,1,0,0
N12573,1,0,1,0,0
N12576,1,0,1,0,0
N12583,1,0,1,0,0
N12584,1,0,1,0,0
N12585,1,0,1,0,0
N12588,1,0,1,0,0
N12590,1,0,1,0,0
N12593,1,0,1,0,0
N12594,1,0,1,0,0
N12595,1,0,1,0,0
N12598,1,0,1,0,0
N12600,1,0,1,0,0
N12602,1,0,1,0,0
N12609,1,0,1,0,0
N12610,1,0,1,0,0
N12615,1,0,1,0,0
N12617,1,0,1,0,0
N12618,1,0,1,0,0
N12619,1,0,1,0,0
N12620,1,0,1,0,0
N12621,1,0,1,0,0
N12624,1,0,1,0,0
N12627,1,0,1,0,0
N12628,1,0,1,0,0
N12629,1,0,1,0,0
N12630,1,0,1,0,0
N12631,1,0,1,0,0
N12632,1,0,1,0,0
N12634,1,0,1,0,0
N12638,1,0,1,0,0
N12641,1,0,1,0,0
N12644,1,0,1,0,0
N12645,1,0,1,0,0
N12652,1,0,1,0,0
N12653,1,0,1,0,0
N12655,1,0,1,0,0
N12658,1,0,1,0,0
N12661,1,0,1,0,0
N12662,1,0,1,0,0
N12663,1,0,1,0,0
N12665,1,0,1,0,0
N12666,1,0,1,0,0
N12668,1,0,1,0,0
N12670,1,0,1,0,0
N12672,1,0,1,0,0
N12675,1,0,1,0,0
N12678,1,0,1,0,0
N12683,1,0,1,0,0
N12686,1,0,1,0,0
N12687,1,0,1,0,0
N12689,1,0,1,0,0
N12692,1,0,1,0,0
N12695,1,0,1,0,0
N12696,1,0,1,0,0
N12697,1,0,1,0,0
N12699,1,0,1,0,0
N12700,1,0,1,0,0
N12702,1,0,1,0,0
N12704,1,0,1,0,0
N12709,1,0,1,0,0
N12712,1,0,1,0,0
N12717,1,0,1,0,0
N12719,1,0,1,0,0
N12721,1,0,1,0,0
N12724,1,0,1,0,0
N12725,1,0,1,0,0
N12726,1,0,1,0,0
N12728,1,0,1,0,0
N12729,1,0,1,0,0
N12730,1,0,1,0,0
N12731,1,0,1,0,0
N12732,1,0,1,0,0
N12734,1,0,1,0,0
N12736,1,0,1,0,0
N12740,1,0,1,0,0
N12765,1,0,1,0,0
N12769,1,0,1,0,0
N12773,1,0,1,0,0
N12776,1,0,1,0,0
N12779,1,0,1,0,0
N12782,1,0,1,0,0
N12785,1,0,1,0,0
N12788,1,0,1,0,0
N12791,1,0,1,0,0
N12794,1,0,1,0,0
N12797,1,0,1,0,0
N12800,1,0,1,0,0
N12803,1,0,1,0,0
N12806,1,0,1,0,0
N12809,1,0,1,0,0
N12812,1,0,1,0,0
N12815,1,0,1,0,0
N12818,1,0,1,0,0
N12821,1,0,1,0,0
N12824,1,0,1,0,0
N12827,1,0,1,0,0
N12830,1,0,1,0,0
N12833,1,0,1,0,0
N12836,1,0,1,0,0
N12839,1,0,1,0,0
N12843,1,0,1,0,0
N12847,1,0,1,0,0
N12851,1,0,1,0,0
N12855,1,0,1,0,0
N12859,1,0,1,0,0
N12863,1,0,1,0,0
N12866,1,0,1,0,0
N12872,1,0,1,0,0
N12875,1,0,1,0,0
N12888,1,0,1,0,0
N13060,1,0,1,0,0
N13062,1,0,1,0,0
N13064,1,0,1,0,0
N13066,1,0,1,0,0
N13076,1,0,1,0,0
N13102,1,0,1,0,0
N13135,1,0,1,0,0
N13137,1,0,1,0,0
N13149,1,0,1,0,0
N13154,1,0,1,0,0
N13166,1,0,1,0,0
N13172,1,0,1,0,0
N13185,1,0,1,0,0
N13186,1,0,1,0,0
N13229,1,0,1,0,0
N13403,1,0,1,0,0
N13455,1,0,1,0,0
N13459,1,0,1,0,0
N13486,1,0,1,0,0
N13488,1,0,1,0,0
N13493,1,0,1,0,0
N13494,1,0,1,0,0
N13495,1,0,1,0,0
N13496,1,0,1,0,0
N13499,1,0,1,0,0
N13507,1,0,1,0,0
N13509,1,0,1,0,0
N13510,1,0,1,0,0
N13512,1,0,1,0,0
N13518,1,0,1,0,0
N13519,1,0,1,0,0
N13525,1,0,1,0,0
N13526,1,0,1,0,0
N13528,1,0,1,0,0
N13531,1,0,1,0,0
N13534,1,0,1,0,0
N13536,1,0,1,0,0
N13541,1,0,1,0,0
N13542,1,0,1,0,0
N13544,1,0,1,0,0
N13550,1,0,1,0,0
N13551,1,0,1,0,0
N13552,1,0,1,0,0
N13557,1,0,1,0,0
N13558,1,0,1,0,0
N13560,1,0,1,0,0
N13562,1,0,1,0,0
N13571,1,0,1,0,0
N13573,1,0,1,0,0
N13574,1,0,1,0,0
N13576,1,0,1,0,0
N13581,1,0,1,0,0
N13582,1,0,1,0,0
N13583,1,0,1,0,0
N13586,1,0,1,0,0
N13589,1,0,1,0,0
N13590,1,0,1,0,0
N13592,1,0,1,0,0
N13595,1,0,1,0,0
N13598,1,0,1,0,0
N13600,1,0,1,0,0
N13602,1,0,1,0,0
N13603,1,0,1,0,0
N13605,1,0,1,0,0
N13606,1,0,1,0,0
N13608,1,0,1,0,0
N13609,1,0,1,0,0
N13613,1,0,1,0,0
N13615,1,0,1,0,0
N13617,1,0,1,0,0
N13624,1,0,1,0,0
N13626,1,0,1,0,0
N13629,1,0,1,0,0
N13644,1,0,1,0,0
N13646,1,0,1,0,0
N13662,1,0,1,0,0
N13689,1,0,1,0,0
N13693,1,0,1,0,0
N13695,1,0,1,0,0
N13697,1,0,1,0,0
N13699,1,0,1,0,0
N13701,1,0,1,0,0
N13703,1,0,1,0,0
N13705,1,0,1,0,0
N13707,1,0,1,0,0
N13709,1,0,1,0,0
N13711,1,0,1,0,0
N13713,1,0,1,0,0
N13715,1,0,1,0,0
N13717,1,0,1,0,0
N13719,1,0,1,0,0
N13721,1,0,1,0,0
N13723,1,0,1,0,0
N13725,1,0,1,0,0
N13727,1,0,1,0,0
N13729,1,0,1,0,0
N13731,1,0,1,0,0
N13733,1,0,1,0,0
N13735,1,0,1,0,0
N13737,1,0,1,0,0
N13739,1,0,1,0,0
N13741,1,0,1,0,0
N13743,1,0,1,0,0
N13745,1,0,1,0,0
N13747,1,0,1,0,0
N13749,1,0,1,0,0
N13757,1,0,1,0,0
N13963,1,1,0,0,0
N14033,1,1,0,0,0
N14034,1,1,0,0,0
N14035,1,1,0,0,0
N14036,1,1,0,0,0
N14037,1,1,0,0,0
N14038,1,1,0,0,0
N14039,1,1,0,0,0
N14040,1,1,0,0,0
N14041,1,1,0,0,0
N14042,1,1,0,0,0
N14043,1,1,0,0,0
N14044,1,1,0,0,0
N14045,1,1,0,0,0
N14046,1,1,0,0,0
N14047,1,1,0,0,0
N14174,1,1,0,0,0
N14666,1,0,1,0,0
N14731,1,0,1,0,0
N14826,1,0,1,0,0
N14893,1,0,1,0,0
N15363,1,0,1,0,0
N15364,1,0,1,0,0
N15365,1,0,1,0,0
N15366,1,0,1,0,0
N15367,1,0,1,0,0
N15368,1,0,1,0,0
N15369,1,0,1,0,0
N15370,1,0,1,0,0
N15371,1,0,1,0,0
N15372,1,0,1,0,0
N15373,1,0,1,0,0
N15374,1,0,1,0,0
N15375,1,0,1,0,0
N15376,1,0,1,0,0
N16901,1,0,1,0,0
N16937,1,0,1,0,0
N16987,1,0,1,0,0
N17008,1,0,1,0,0
N17015,1,0,1,0,0
N17029,1,0,1,0,0
N17036,1,0,1,0,0
N17043,1,0,1,0,0
N17057,1,0,1,0,0
N17071,1,0,1,0,0
N17085,1,0,1,0,0
N17099,1,0,1,0,0
N17113,1,0,1,0,0
N17134,1,0,1,0,0
N17141,1,0,1,0,0
N17155,1,0,1,0,0
N17169,1,0,1,0,0
N17183,1,0,1,0,0
N17190,1,0,1,0,0
N17197,1,0,1,0,0
N17204,1,0,1,0,0
N17515,1,0,1,0,0
N17825,1,0,1,0,0
N17844,1,0,1,0,0
N17850,1,0,1,0,0
N17906,1,0,1,0,0
N17927,1,0,1,0,0
N18004,1,0,1,0,0
N18008,1,0,1,0,0
N18009,1,0,1,0,0
N18011,1,0,1,0,0
N18038,1,0,1,0,0
N18069,1,0,1,0,0
N18070,1,0,1,0,0
N18078,1,0,1,0,0
N18084,1,0,1,0,0
N18101,1,0,1,0,0
N18113,1,0,1,0,0
N18118,1,0,1,0,0
N18119,1,0,1,0,0
N18130,1,0,1,0,0
N18132,1,0,1,0,0
N18134,1,0,1,0,0
N18137,1,0,1,0,0
N18141,1,0,1,0,0
N18144,1,0,1,0,0
N18150,1,0,1,0,0
N18172,1,0,1,0,0
N18176,1,0,1,0,0
N18188,1,0,1,0,0
N18233,1,0,1,0,0
N18272,1,0,1,0,0
N18312,1,0,1,0,0
N18315,1,0,1,0,0
N18317,1,0,1,0,0
N18318,1,0,1,0,0
N18329,1,0,1,0,0
N18335,1,0,1,0,0
N18340,1,0,1,0,0
N18341,1,0,1,0,0
N18356,1,0,1,0,0
N18357,1,0,1,0,0
N18360,1,0,1,0,0
N18363,1,0,1,0,0
N18364,1,0,1,0,0
N18366,1,0,1,0,0
N18367,1,0,1,0,0
N18374,1,0,1,0,0
N18381,1,0,1,0,0
N18383,1,0,1,0,0
N18400,1,0,1,0,0
N18403,1,0,1,0,0
N18412,1,0,1,0,0
N18417,1,0,1,0,0
N18418,1,0,1,0,0
N18419,1,0,1,0,0
N18422,1,0,1,0,0
N18426,1,0,1,0,0
N18428,1,0,1,0,0
N18430,1,0,1,0,0
N18432,1,0,1,0,0
N18434,1,0,1,0,0
N18440,1,0,1,0,0
N18441,1,0,1,0,0
N18449,1,0,1,0,0
N18489,1,0,1,0,0
N18492,1,0,1,0,0
N18496,1,0,1,0,0
N18511,1,0,1,0,0
N18513,1,0,1,0,0
N18514,1,0,1,0,0
N18516,1,0,1,0,0
N18517,1,0,1,0,0
N18523,1,0,1,0,0
N18530,1,0,1,0,0
N18531,1,0,1,0,0
N18538,1,0,1,0,0
N18541,1,0,1,0,0
N18548,1,0,1,0,0
N18560,1,0,1,0,0
N18563,1,0,1,0,0
N18570,1,0,1,0,0
N18578,1,0,1,0,0
N18580,1,0,1,0,0
N18583,1,0,1,0,0
N18586,1,0,1,0,0
N18587,1,0,1,0,0
N18589,1,0,1,0,0
N18597,1,0,1,0,0
N18600,1,0,1,0,0
N18613,1,0,1,0,0
N18616,1,0,1,0,0
N18623,1,0,1,0,0
N18638,1,0,1,0,0
N18641,1,0,1,0,0
N18645,1,0,1,0,0
N18651,1,0,1,0,0
N18654,1,0,1,0,0
N18655,1,0,1,0,0
N18656,1,0,1,0,0
N18658,1,0,1,0,0
N18659,1,0,1,0,0
N18669,1,0,1,0,0
N18678,1,0,1,0,0
N18681,1,0,1,0,0
N18685,1,0,1,0,0
N18686,1,0,1,0,0
N18693,1,0,1,0,0
N18694,1,0,1,0,0
N18695,1,0,1,0,0
N18699,1,0,1,0,0
N18701,1,0,1,0,0
N18707,1,0,1,0,0
N18710,1,0,1,0,0
N18711,1,0,1,0,0
N18717,1,0,1,0,0
N18722,1,0,1,0,0
N18727,1,0,1,0,0
N18728,1,0,1,0,0
N18730,1,0,1,0,0
N18736,1,0,1,0,0
N18740,1,0,1,0,0
N18741,1,0,1,0,0
N18752,1,0,1,0,0
N18754,1,0,1,0,0
N18761,1,0,1,0,0
N18771,1,0,1,0,0
N18788,1,0,1,0,0
N18792,1,0,1,0,0
N18796,1,0,1,0,0
N18799,1,0,1,0,0
N18802,1,0,1,0,0
N18874,1,0,1,0,0
N18877,1,0,1,0,0
N18879,1,0,1,0,0
N18922,1,0,1,0,0
N19016,1,0,1,0,0
N19160,1,0,1,0,0
N19162,1,0,1,0,0
N19163,1,0,1,0,0
N19165,1,0,1,0,0
N19166,1,0,1,0,0
N19170,1,0,1,0,0
N19172,1,0,1,0,0
N19193,1,0,1,0,0
N19195,1,0,1,0,0
N19206,1,0,1,0,0
N19207,1,0,1,0,0
N19215,1,0,1,0,0
N19217,1,0,1,0,0
N19219,1,0,1,0,0
N19221,1,0,1,0,0
N19222,1,0,1,0,0
N19225,1,0,1,0,0
N19227,1,0,1,0,0
N19229,1,0,1,0,0
N19231,1,0,1,0,0
N19232,1,0,1,0,0
N19244,1,0,1,0,0
N19245,1,0,1,0,0
N19247,1,0,1,0,0
N19248,1,0,1,0,0
N19249,1,0,1,0,0
N19250,1,0,1,0,0
N19251,1,0,1,0,0
N19252,1,0,1,0,0
N19253,1,0,1,0,0
N19254,1,0,1,0,0
N19255,1,0,1,0,0
N19256,1,0,1,0,0
N19257,1,0,1,0,0
N19258,1,0,1,0,0
N19259,1,0,1,0,0
N19260,1,0,1,0,0
N19261,1,0,1,0,0
N19262,1,0,1,0,0
N19263,1,0,1,0,0
N19264,1,0,1,0,0
N19265,1,0,1,0,0
N19266,1,0,1,0,0
N19267,1,0,1,0,0
N19268,1,0,1,0,0
N19269,1,0,1,0,0
N19270,1,0,1,0,0
N19271,1,0,1,0,0
N19272,1,0,1,0,0
N19273,1,0,1,0,0
N19274,1,0,1,0,0
N19275,1,0,1,0,0
N19276,1,0,1,0,0
N19277,1,0,1,0,0
N19278,1,0,1,0,0
N19279,1,0,1,0,0
N19280,1,0,1,0,0
N19313,1,0,1,0,0
N19315,1,0,1,0,0
N19316,1,0,1,0,0
N19317,1,0,1,0,0
N19318,1,0,1,0,0
N19319,1,0,1,0,0
N19320,1,0,1,0,0
N19321,1,0,1,0,0
N19322,1,0,1,0,0
N19323,1,0,1,0,0
N19324,1,0,1,0,0
N19325,1,0,1,0,0
N19328,1,0,1,0,0
N19329,1,0,1,0,0
N19331,1,0,1,0,0
N19332,1,0,1,0,0
N19333,1,0,1,0,0
N19334,1,0,1,0,0
N19335,1,0,1,0,0
N19336,1,0,1,0,0
N19337,1,0,1,0,0
N19338,1,0,1,0,0
N19339,1,0,1,0,0
N19340,1,0,1,0,0
N19343,1,1,0,0,0
N19344,1,1,0,0,0
N19345,1,1,0,0,0
N19346,1,1,0,0,0
N19347,1,1,0,0,0
N19349,1,1,0,0,0
N19350,1,1,0,0,0
N19351,1,1,0,0,0
N19352,1,1,0,0,0
N19353,1,1,0,0,0
N19354,1,1,0,0,0
N19358,1,1,0,0,0
N19371,1,0,1,0,0
N19374,1,0,1,0,0
N19378,1,0,1,0,0
N19379,1,0,1,0,0
N19386,1,0,1,0,0
N19388,1,0,1,0,0
N19391,1,0,1,0,0
N19394,1,0,1,0,0
N19395,1,0,1,0,0
N19398,1,0,1,0,0
N19399,1,0,1,0,0
N19402,1,0,1,0,0
N19403,1,0,1,0,0
N19406,1,0,1,0,0
N19407,1,0,1,0,0
N19410,1,0,1,0,0
N19413,1,0,1,0,0
N19416,1,0,1,0,0
N19417,1,0,1,0,0
N19420,1,0,1,0,0
N19421,1,0,1,0,0
N19424,1,0,1,0,0
N19425,1,0,1,0,0
N19428,1,0,1,0,0
N19429,1,0,1,0,0
N19432,1,0,1,0,0
N19439,1,0,1,0,0
N19440,1,0,1,0,0
N19442,1,0,1,0,0
N19443,1,0,1,0,0
N19444,1,0,1,0,0
N19445,1,0,1,0,0
N19446,1,0,1,0,0
N19447,1,0,1,0,0
N19448,1,0,1,0,0
N19449,1,0,1,0,0
N19450,1,0,1,0,0
N19451,1,0,1,0,0
N19452,1,0,1,0,0
N19453,1,0,1,0,0
N19454,1,0,1,0,0
N19455,1,0,1,0,0
N19456,1,0,1,0,0
N19457,1,0,1,0,0
N19458,1,0,1,0,0
N19459,1,0,1,0,0
N19460,1,0,1,0,0
N19461,1,0,1,0,0
N19462,1,0,1,0,0
N19463,1,0,1,0,0
N19464,1,0,1,0,0
N19465,1,0,1,0,0
N19466,1,0,1,0,0
N19467,1,0,1,0,0
N19468,1,0,1,0,0
N19469,1,0,1,0,0
N19470,1,0,1,0,0
N19471,1,0,1,0,0
N19472,1,0,1,0,0
N19473,1,0,1,0,0
N19474,1,0,1,0,0
N19475,1,0,1,0,0
N19476,1,0,1,0,0
N19477,1,0,1,0,0
N19478,1,0,1,0,0
N19512,1,0,1,0,0
N19513,1,0,1,0,0
N19514,1,0,1,0,0
N19515,1,0,1,0,0
N19516,1,0,1,0,0
N19517,1,0,1,0,0
N19518,1,0,1,0,0
N19519,1,0,1,0,0
N19520,1,0,1,0,0
N19521,1,0,1,0,0
N19522,1,0,1,0,0
N19523,1,0,1,0,0
N19524,1,0,1,0,0
N19526,1,0,1,0,0
N19527,1,0,1,0,0
N19529,1,0,1,0,0
N19530,1,0,1,0,0
N19531,1,0,1,0,0
N19532,1,0,1,0,0
N19533,1,0,1,0,0
N19534,1,0,1,0,0
N19535,1,0,1,0,0
N19536,1,0,1,0,0
N19537,1,0,1,0,0
N19538,1,0,1,0,0
N19541,1,1,0,0,0
N19542,1,1,0,0,0
N19543,1,1,0,0,0
N19544,1,1,0,0,0
N19545,1,1,0,0,0
N19546,1,1,0,0,0
N19547,1,1,0,0,0
N19548,1,1,0,0,0
N19549,1,1,0,0,0
N19550,1,1,0,0,0
N19551,1,1,0,0,0
N19552,1,1,0,0,0
N19556,1,1,0,0,0
N19569,1,0,1,0,0
N19572,1,0,1,0,0
N19573,1,0,1,0,0
N19576,1,0,1,0,0
N19580,1,0,1,0,0
N19584,1,0,1,0,0
N19586,1,0,1,0,0
N19589,1,0,1,0,0
N19592,1,0,1,0,0
N19593,1,0,1,0,0
N19596,1,0,1,0,0
N19597,1,0,1,0,0
N19600,1,0,1,0,0
N19601,1,0,1,0,0
N19604,1,0,1,0,0
N19605,1,0,1,0,0
N19608,1,0,1,0,0
N19611,1,0,1,0,0
N19614,1,0,1,0,0
N19615,1,0,1,0,0
N19618,1,0,1,0,0
N19619,1,0,1,0,0
N19622,1,0,1,0,0
N19623,1,0,1,0,0
N19626,1,0,1,0,0
N19627,1,0,1,0,0
N19630,1,0,1,0,0
N19640,1,0,1,0,0
N19643,1,0,1,0,0
N19644,1,0,1,0,0
N19645,1,0,1,0,0
N19646,1,0,1,0,0
N19647,1,0,1,0,0
N19648,1,0,1,0,0
N19649,1,0,1,0,0
N19650,1,0,1,0,0
N19651,1,0,1,0,0
N19652,1,0,1,0,0
N19653,1,0,1,0,0
N19654,1,0,1,0,0
N19655,1,0,1,0,0
N19656,1,0,1,0,0
N19657,1,0,1,0,0
N19658,1,0,1,0,0
N19659,1,0,1,0,0
N19660,1,0,1,0,0
N19661,1,0,1,0,0
N19662,1,0,1,0,0
N19663,1,0,1,0,0
N19664,1,0,1,0,0
N19665,1,0,1,0,0
N19666,1,0,1,0,0
N19667,1,0,1,0,0
N19668,1,0,1,0,0
N19669,1,0,1,0,0
N19670,1,0,1,0,0
N19671,1,0,1,0,0
N19672,1,0,1,0,0
N19673,1,0,1,0,0
N19674,1,0,1,0,0
N19675,1,0,1,0,0
N19676,1,0,1,0,0
N19711,1,0,1,0,0
N19712,1,0,1,0,0
N19713,1,0,1,0,0
N19714,1,0,1,0,0
N19715,1,0,1,0,0
N19716,1,0,1,0,0
N19717,1,0,1,0,0
N19718,1,0,1,0,0
N19719,1,0,1,0,0
N19720,1,0,1,0,0
N19724,1,0,1,0,0
N19725,1,0,1,0,0
N19727,1,0,1,0,0
N19728,1,0,1,0,0
N19729,1,0,1,0,0
N19730,1,0,1,0,0
N19731,1,0,1,0,0
N19732,1,0,1,0,0
N19733,1,0,1,0,0
N19734,1,0,1,0,0
N19735,1,0,1,0,0
N19736,1,0,1,0,0
N19739,1,1,0,0,0
N19740,1,1,0,0,0
N19741,1,1,0,0,0
N19742,1,1,0,0,0
N19743,1,1,0,0,0
N19745,1,1,0,0,0
N19746,1,1,0,0,0
N19747,1,1,0,0,0
N19748,1,1,0,0,0
N19749,1,1,0,0,0
N19750,1,1,0,0,0
N19754,1,1,0,0,0
N19767,1,0,1,0,0
N19771,1,0,1,0,0
N19774,1,0,1,0,0
N19782,1,0,1,0,0
N19784,1,0,1,0,0
N19787,1,0,1,0,0
N19790,1,0,1,0,0
N19791,1,0,1,0,0
N19794,1,0,1,0,0
N19795,1,0,1,0,0
N19798,1,0,1,0,0
N19799,1,0,1,0,0
N19802,1,0,1,0,0
N19803,1,0,1,0,0
N19806,1,0,1,0,0
N19809,1,0,1,0,0
N19812,1,0,1,0,0
N19813,1,0,1,0,0
N19816,1,0,1,0,0
N19817,1,0,1,0,0
N19820,1,0,1,0,0
N19821,1,0,1,0,0
N19824,1,0,1,0,0
N19825,1,0,1,0,0
N19828,1,0,1,0,0
N19846,1,0,1,0,0
N19855,1,0,1,0,0
N19856,1,0,1,0,0
N19865,1,0,1,0,0
N19869,1,0,1,0,0
N19871,1,0,1,0,0
N19881,1,0,1,0,0
N19882,1,0,1,0,0
N19883,1,0,1,0,0
N19884,1,0,1,0,0
N19885,1,0,1,0,0
N19886,1,0,1,0,0
N19887,1,0,1,0,0
N19888,1,0,1,0,0
N19889,1,0,1,0,0
N19890,1,0,1,0,0
N19891,1,0,1,0,0
N19892,1,0,1,0,0
N19893,1,0,1,0,0
N19894,1,0,1,0,0
N19895,1,0,1,0,0
N19896,1,0,1,0,0
N19897,1,0,1,0,0
N19898,1,0,1,0,0
N19899,1,0,1,0,0
N19900,1,0,1,0,0
N19901,1,0,1,0,0
N19902,1,0,1,0,0
N19903,1,0,1,0,0
N19904,1,0,1,0,0
N19905,1,0,1,0,0
N19906,1,0,1,0,0
N19907,1,0,1,0,0
N19908,1,0,1,0,0
N19909,1,0,1,0,0
N19910,1,0,1,0,0
N19911,1,0,1,0,0
N19912,1,0,1,0,0
N19913,1,0,1,0,0
N19914,1,0,1,0,0
N19915,1,0,1,0,0
N19916,1,0,1,0,0
N19917,1,0,1,0,0
N19918,1,0,1,0,0
N19919,1,0,1,0,0
N19920,1,0,1,0,0
N19921,1,0,1,0,0
N19922,1,0,1,0,0
N19923,1,0,1,0,0
N19924,1,0,1,0,0
N19925,1,0,1,0,0
N19926,1,0,1,0,0
N19927,1,0,1,0,0
N19928,1,0,1,0,0
N19929,1,0,1,0,0
N19930,1,0,1,0,0
N19931,1,0,1,0,0
N19932,1,0,1,0,0
N19933,1,0,1,0,0
N19934,1,0,1,0,0
N19935,1,0,1,0,0
N19936,1,0,1,0,0
N19937,1,0,1,0,0
N19945,1,0,1,0,0
N19947,1,0,1,0,0
N19968,1,0,1,0,0
N19969,1,0,1,0,0
N19970,1,1,0,0,0
N19971,1,1,0,0,0
N19972,1,1,0,0,0
N19973,1,1,0,0,0
N19974,1,1,0,0,0
N19975,1,1,0,0,0
N19976,1,1,0,0,0
N19977,1,1,0,0,0
N19978,1,1,0,0,0
N19979,1,1,0,0,0
N19980,1,1,0,0,0
N19981,1,1,0,0,0
N19982,1,1,0,0,0
N19983,1,1,0,0,0
N19984,1,1,0,0,0
N19985,1,1,0,0,0
N19986,1,1,0,0,0
N19987,1,1,0,0,0
N19988,1,1,0,0,0
N19989,1,1,0,0,0
N19990,1,1,0,0,0
N19991,1,1,0,0,0
N19992,1,1,0,0,0
N19993,1,1,0,0,0
N19994,1,1,0,0,0
N19995,1,1,0,0,0
N19996,1,1,0,0,0
N19997,1,1,0,0,0
N19998,1,0,1,0,0
N20000,1,0,1,0,0
N20002,1,0,1,0,0
N20004,1,0,1,0,0
N20006,1,0,1,0,0
N20008,1,0,1,0,0
N20010,1,0,1,0,0
N20012,1,0,1,0,0
N20014,1,0,1,0,0
N20016,1,0,1,0,0
N20020,1,0,1,0,0
N20022,1,0,1,0,0
N20024,1,0,1,0,0
N20026,1,0,1,0,0
N20028,1,0,1,0,0
N20030,1,0,1,0,0
N20032,1,0,1,0,0
N20034,1,0,1,0,0
N20036,1,0,1,0,0
N20038,1,0,1,0,0
N20040,1,0,1,0,0
N20042,1,0,1,0,0
N20044,1,0,1,0,0
N20046,1,0,1,0,0
N20048,1,0,1,0,0
N20050,1,0,1,0,0
N20052,1,0,1,0,0
N20054,1,0,1,0,0
N20056,1,0,1,0,0
N20058,1,0,1,0,0
N20074,1,0,1,0,0
N20075,1,0,1,0,0
N20076,1,0,1,0,0
N20077,1,0,1,0,0
N20078,1,0,1,0,0
N20079,1,0,1,0,0
N20080,1,0,1,0,0
N20081,1,0,1,0,0
N20082,1,0,1,0,0
N20083,1,0,1,0,0
N20084,1,0,1,0,0
N20085,1,0,1,0,0
N20086,1,0,1,0,0
N20087,1,0,1,0,0
N20088,1,0,1,0,0
N20089,1,0,1,0,0
N20090,1,0,1,0,0
N20091,1,0,1,0,0
N20092,1,0,1,0,0
N20093,1,0,1,0,0
N20094,1,0,1,0,0
N20095,1,0,1,0,0
N20096,1,0,1,0,0
N20097,1,0,1,0,0
N20098,1,0,1,0,0
N20099,1,0,1,0,0
N20100,1,0,1,0,0
N20101,1,0,1,0,0
N20102,1,0,1,0,0
N20103,1,0,1,0,0
N20104,1,0,1,0,0
N20105,1,0,1,0,0
N20106,1,0,1,0,0
N20107,1,0,1,0,0
N20108,1,0,1,0,0
N20109,1,0,1,0,0
N20110,1,0,1,0,0
N20111,1,0,1,0,0
N20112,1,0,1,0,0
N20113,1,0,1,0,0
N20114,1,0,1,0,0
N20115,1,0,1,0,0
N20116,1,0,1,0,0
N20117,1,0,1,0,0
N20118,1,0,1,0,0
N20119,1,0,1,0,0
N20120,1,0,1,0,0
N20121,1,0,1,0,0
N20122,1,0,1,0,0
N20154,1,0,1,0,0
N20155,1,0,1,0,0
N20161,1,1,0,0,0
N20162,1,1,0,0,0
N20163,1,1,0,0,0
N20164,1,1,0,0,0
N20165,1,1,0,0,0
N20166,1,1,0,0,0
N20167,1,1,0,0,0
N20168,1,1,0,0,0
N20169,1,1,0,0,0
N20170,1,1,0,0,0
N20171,1,1,0,0,0
N20172,1,1,0,0,0
N20173,1,1,0,0,0
N20174,1,1,0,0,0
N20175,1,1,0,0,0
N20176,1,1,0,0,0
N20177,1,1,0,0,0
N20178,1,1,0,0,0
N20179,1,1,0,0,0
N20180,1,1,0,0,0
N20181,1,1,0,0,0
N20182,1,1,0,0,0
N20183,1,1,0,0,0
N20184,1,1,0,0,0
N20187,1,0,1,0,0
N20189,1,0,1,0,0
N20191,1,0,1,0,0
N20195,1,0,1,0,0
N20201,1,0,1,0,0
N20203,1,0,1,0,0
N20207,1,0,1,0,0
N20209,1,0,1,0,0
N20211,1,0,1,0,0
N20213,1,0,1,0,0
N20215,1,0,1,0,0
N20217,1,0,1,0,0
N20219,1,0,1,0,0
N20221,1,0,1,0,0
N20223,1,0,1,0,0
N20225,1,0,1,0,0
N20229,1,0,1,0,0
N20231,1,0,1,0,0
N20233,1,0,1,0,0
N20235,1,0,1,0,0
N20237,1,0,1,0,0
N20239,1,0,1,0,0
N20241,1,0,1,0,0
N20243,1,0,1,0,0
N20245,1,0,1,0,0
N20247,1,0,1,0,0
N20270,1,0,1,0,0
N20271,1,0,1,0,0
N20272,1,0,1,0,0
N20273,1,0,1,0,0
N20274,1,0,1,0,0
N20275,1,0,1,0,0
N20276,1,0,1,0,0
N20277,1,0,1,0,0
N20278,1,0,1,0,0
N20279,1,0,1,0,0
N20280,1,0,1,0,0
N20281,1,0,1,0,0
N20282,1,0,1,0,0
N20283,1,0,1,0,0
N20284,1,0,1,0,0
N20285,1,0,1,0,0
N20286,1,0,1,0,0
N20287,1,0,1,0,0
N20288,1,0,1,0,0
N20289,1,0,1,0,0
N20290,1,0,1,0,0
N20335,1,1,0,0,0
N20336,1,1,0,0,0
N20337,1,1,0,0,0
N20338,1,1,0,0,0
N20339,1,1,0,0,0
N20340,1,1,0,0,0
N20341,1,1,0,0,0
N20342,1,1,0,0,0
N20343,1,1,0,0,0
N20345,1,1,0,0,0
N20349,1,0,1,0,0
N20351,1,0,1,0,0
N20353,1,0,1,0,0
N20355,1,0,1,0,0
N20357,1,0,1,0,0
N20359,1,0,1,0,0
N20361,1,0,1,0,0
N20363,1,0,1,0,0
N20365,1,0,1,0,0
N20369,1,0,1,0,0
N20378,1,0,1,0,0
N20379,1,0,1,0,0
N20381,1,0,1,0,0
N20383,1,0,1,0,0
N20385,1,0,1,0,0
N20387,1,0,1,0,0
N20389,1,0,1,0,0
N20393,1,0,1,0,0
N20395,1,0,1,0,0
N20397,1,0,1,0,0
N20399,1,0,1,0,0
N20401,1,0,1,0,0
N20410,1,0,1,0,0
N20455,1,0,1,0,0
N20456,1,0,1,0,0
N20457,1,0,1,0,0
N20458,1,0,1,0,0
N20459,1,0,1,0,0
N20460,1,0,1,0,0
N20461,1,0,1,0,0
N20462,1,0,1,0,0
N20463,1,0,1,0,0
N20464,1,0,1,0,0
N20465,1,0,1,0,0
N20466,1,0,1,0,0
N20467,1,0,1,0,0
N20468,1,0,1,0,0
N20469,1,0,1,0,0
N20470,1,0,1,0,0
N20471,1,0,1,0,0
N20472,1,0,1,0,0
N20473,1,0,1,0,0
N20474,1,0,1,0,0
N20475,1,0,1,0,0
N20476,1,0,1,0,0
N20477,1,0,1,0,0
N20478,1,0,1,0,0
N20479,1,0,1,0,0
N20480,1,0,1,0,0
N20481,1,0,1,0,0
N20482,1,0,1,0,0
N20483,1,0,1,0,0
N20484,1,0,1,0,0
N20485,1,0,1,0,0
N20516,1,0,1,0,0
N20517,1,0,1,0,0
N20531,1,1,0,0,0
N20532,1,1,0,0,0
N20533,1,1,0,0,0
N20534,1,1,0,0,0
N20535,1,1,0,0,0
N20536,1,1,0,0,0
N20537,1,1,0,0,0
N20538,1,1,0,0,0
N20539,1,1,0,0,0
N20540,1,1,0,0,0
N20541,1,1,0,0,0
N20542,1,1,0,0,0
N20543,1,1,0,0,0
N20544,1,1,0,0,0
N20545,1,1,0,0,0
N20562,1,0,1,0,0
N20564,1,0,1,0,0
N20568,1,0,1,0,0
N20570,1,0,1,0,0
N20572,1,0,1,0,0
N20574,1,0,1,0,0
N20576,1,0,1,0,0
N20578,1,0,1,0,0
N20580,1,0,1,0,0
N20582,1,0,1,0,0
N20584,1,0,1,0,0
N20586,1,0,1,0,0
N20588,1,0,1,0,0
N20590,1,0,1,0,0
N20592,1,0,1,0,0
N20594,1,0,1,0,0
N20598,1,0,1,0,0
N20600,1,0,1,0,0
N20610,1,0,1,0,0
N20612,1,0,1,0,0
N20619,1,0,1,0,0
N20648,1,0,1,0,0
N20651,1,0,1,0,0
N20656,1,0,1,0,0
N20661,1,0,1,0,0
N20663,1,0,1,0,0
N20665,1,0,1,0,0
N20666,1,0,1,0,0
N20693,1,0,1,0,0
N20694,1,0,1,0,0
N20695,1,0,1,0,0
N20696,1,0,1,0,0
N20697,1,0,1,0,0
N20698,1,0,1,0,0
N20699,1,0,1,0,0
N20700,1,0,1,0,0
N20701,1,0,1,0,0
N20702,1,0,1,0,0
N20703,1,0,1,0,0
N20704,1,0,1,0,0
N20705,1,0,1,0,0
N20706,1,0,1,0,0
N20707,1,0,1,0,0
N20708,1,0,1,0,0
N20709,1,0,1,0,0
N20710,1,0,1,0,0
N20711,1,0,1,0,0
N20712,1,0,1,0,0
N20713,1,0,1,0,0
N20714,1,0,1,0,0
N20715,1,0,1,0,0
N20716,1,0,1,0,0
N20717,1,0,1,0,0
N20718,1,0,1,0,0
N20719,1,0,1,0,0
N20720,1,0,1,0,0
N20721,1,0,1,0,0
N20722,1,0,1,0,0
N20723,1,0,1,0,0
N20753,1,0,1,0,0
N20754,1,0,1,0,0
N20767,1,1,0,0,0
N20768,1,1,0,0,0
N20769,1,1,0,0,0
N20770,1,1,0,0,0
N20771,1,1,0,0,0
N20772,1,1,0,0,0
N20773,1,1,0,0,0
N20774,1,1,0,0,0
N20775,1,1,0,0,0
N20776,1,1,0,0,0
N20777,1,1,0,0,0
N20778,1,1,0,0,0
N20779,1,1,0,0,0
N20780,1,1,0,0,0
N20781,1,1,0,0,0
N20798,1,0,1,0,0
N20800,1,0,1,0,0
N20802,1,0,1,0,0
N20804,1,0,1,0,0
N20806,1,0,1,0,0
N20808,1,0,1,0,0
N20810,1,0,1,0,0
N20812,1,0,1,0,0
N20814,1,0,1,0,0
N20816,1,0,1,0,0
N20818,1,0,1,0,0
N20820,1,0,1,0,0
N20822,1,0,1,0,0
N20824,1,0,1,0,0
N20826,1,0,1,0,0
N20828,1,0,1,0,0
N20876,1,0,1,0,0
N20877,1,0,1,0,0
N20883,1,0,1,0,0
N20885,1,0,1,0,0
N20886,1,0,1,0,0
N20889,1,0,1,0,0
N20890,1,0,1,0,0
N20892,1,0,1,0,0
N20893,1,0,1,0,0
N20894,1,0,1,0,0
N20896,1,0,1,0,0
N20898,1,0,1,0,0
N20900,1,0,1,0,0
N20902,1,0,1,0,0
N20903,1,0,1,0,0
N20905,1,0,1,0,0
N20906,1,0,1,0,0
N20908,1,0,1,0,0
N20910,1,0,1,0,0
N20911,1,0,1,0,0
N20913,1,0,1,0,0
N20914,1,0,1,0,0
N20915,1,0,1,0,0
N20916,1,0,1,0,0
N20938,1,0,1,0,0
N20939,1,0,1,0,0
N20940,1,0,1,0,0
N20941,1,0,1,0,0
N20942,1,0,1,0,0
N20943,1,0,1,0,0
N20944,1,0,1,0,0
N20956,1,0,1,0,0
N20959,1,1,0,0,0
N20969,1,0,1,0,0
N20981,1,0,1,0,0
N20983,1,0,1,0,0
N20987,1,0,1,0,0
N20994,1,1,0,0,0
N20995,1,1,0,0,0
N20996,1,1,0,0,0
N20997,1,1,0,0,0
N21000,1,1,0,0,0
N21001,1,1,0,0,0
N21003,1,1,0,0,0
N21005,1,1,0,0,0
N21007,1,0,1,0,0
N21010,1,0,1,0,0
N21012,1,0,1,0,0
N21016,1,0,1,0,0
N21018,1,0,1,0,0
N21020,1,0,1,0,0
N21023,1,0,1,0,0
N21025,1,0,1,0,0
N21027,1,0,1,0,0
N21028,1,0,1,0,0
N21029,1,0,1,0,0
N21032,1,0,1,0,0
N21033,1,0,1,0,0
N21036,1,0,1,0,0
N21038,1,0,1,0,0
N21043,1,0,1,0,0
N21045,1,0,1,0,0
N21052,1,0,1,0,0
N21058,1,0,1,0,0
N21059,1,0,1,0,0
N21062,1,0,1,0,0
N21064,1,0,1,0,0
N21066,1,0,1,0,0
N21068,1,0,1,0,0
N21070,1,0,1,0,0
N21071,1,0,1,0,0
N21076,1,0,1,0,0
N21079,1,0,1,0,0
N21081,1,0,1,0,0
N21083,1,0,1,0,0
N21090,1,0,1,0,0
N21092,1,0,1,0,0
N21094,1,0,1,0,0
N21095,1,0,1,0,0
N21108,1,0,1,0,0
N21109,1,0,1,0,0
N21110,1,0,1,0,0
N21111,1,0,1,0,0
N21112,1,0,1,0,0
N21113,1,0,1,0,0
N21114,1,0,1,0,0
N21115,1,0,1,0,0
N21116,1,0,1,0,0
N21117,1,0,1,0,0
N21118,1,0,1,0,0
N21119,1,0,1,0,0
N21120,1,0,1,0,0
N21121,1,0,1,0,0
N21122,1,0,1,0,0
N21123,1,0,1,0,0
N21124,1,0,1,0,0
N21125,1,0,1,0,0
N21126,1,0,1,0,0
N21127,1,0,1,0,0
N21128,1,0,1,0,0
N21129,1,0,1,0,0
N21130,1,0,1,0,0
N21131,1,0,1,0,0
N21132,1,0,1,0,0
N21133,1,0,1,0,0
N21134,1,0,1,0,0
N21135,1,0,1,0,0
N21136,1,0,1,0,0
N21137,1,0,1,0,0
N21138,1,0,1,0,0
N21139,1,0,1,0,0
N21140,1,0,1,0,0
N21141,1,0,1,0,0
N21142,1,0,1,0,0
N21143,1,0,1,0,0
N21144,1,0,1,0,0
N21145,1,0,1,0,0
N21146,1,0,1,0,0
N21147,1,0,1,0,0
N21148,1,0,1,0,0
N21149,1,0,1,0,0
N21150,1,0,1,0,0
N21151,1,0,1,0,0
N21152,1,0,1,0,0
N21153,1,0,1,0,0
N21154,1,0,1,0,0
N21155,1,0,1,0,0
N21156,1,0,1,0,0
N21157,1,0,1,0,0
N21158,1,0,1,0,0
N21159,1,0,1,0,0
N21160,1,0,1,0,0
N21161,1,0,1,0,0
N21162,1,0,1,0,0
N21169,1,0,1,0,0
N21170,1,0,1,0,0
N21173,1,0,1,0,0
N21174,1,0,1,0,0
N21186,1,0,1,0,0
N21187,1,0,1,0,0
N21190,1,0,1,0,0
N21192,1,0,1,0,0
N21193,1,0,1,0,0
N21194,1,0,1,0,0
N21196,1,1,0,0,0
N21197,1,1,0,0,0
N21198,1,1,0,0,0
N21199,1,1,0,0,0
N21200,1,1,0,0,0
N21201,1,1,0,0,0
N21202,1,1,0,0,0
N21203,1,1,0,0,0
N21204,1,1,0,0,0
N21205,1,1,0,0,0
N21206,1,1,0,0,0
N21207,1,1,0,0,0
N21208,1,1,0,0,0
N21209,1,1,0,0,0
N21210,1,1,0,0,0
N21211,1,1,0,0,0
N21212,1,1,0,0,0
N21213,1,1,0,0,0
N21214,1,1,0,0,0
N21215,1,1,0,0,0
N21216,1,1,0,0,0
N21217,1,1,0,0,0
N21218,1,1,0,0,0
N21219,1,1,0,0,0
N21220,1,1,0,0,0
N21221,1,1,0,0,0
N21222,1,1,0,0,0
N21223,1,0,1,0,0
N21224,1,0,1,0,0
N21225,1,0,1,0,0
N21226,1,0,1,0,0
N21227,1,0,1,0,0
N21229,1,0,1,0,0
N21231,1,0,1,0,0
N21233,1,0,1,0,0
N21235,1,0,1,0,0
N21239,1,0,1,0,0
N21241,1,0,1,0,0
N21245,1,0,1,0,0
N21247,1,0,1,0,0
N21249,1,0,1,0,0
N21251,1,0,1,0,0
N21252,1,0,1,0,0
N21253,1,0,1,0,0
N21255,1,0,1,0,0
N21257,1,0,1,0,0
N21259,1,0,1,0,0
N21261,1,0,1,0,0
N21263,1,0,1,0,0
N21265,1,0,1,0,0
N21267,1,0,1,0,0
N21269,1,0,1,0,0
N21271,1,0,1,0,0
N21273,1,0,1,0,0
N21275,1,0,1,0,0
N21277,1,0,1,0,0
N21279,1,0,1,0,0
N21281,1,0,1,0,0
N21283,1,0,1,0,0
N21287,1,0,1,0,0
N21288,1,0,1,0,0
N21289,1,0,1,0,0
N21290,1,0,1,0,0
N21291,1,0,1,0,0
N21292,1,0,1,0,0
N21293,1,0,1,0,0
N21294,1,0,1,0,0
N21295,1,0,1,0,0
N21296,1,0,1,0,0
N21297,1,0,1,0,0
N21298,1,0,1,0,0
N21299,1,0,1,0,0
N21300,1,0,1,0,0
N21301,1,0,1,0,0
N21302,1,0,1,0,0
N21303,1,0,1,0,0
N21304,1,0,1,0,0
N21305,1,0,1,0,0
N21306,1,0,1,0,0
N21307,1,0,1,0,0
N21308,1,0,1,0,0
N21309,1,0,1,0,0
N21310,1,0,1,0,0
N21311,1,0,1,0,0
N21312,1,0,1,0,0
N21313,1,0,1,0,0
N21314,1,0,1,0,0
N21315,1,0,1,0,0
N21316,1,0,1,0,0
N21317,1,0,1,0,0
N21318,1,0,1,0,0
N21319,1,0,1,0,0
N21320,1,0,1,0,0
N21321,1,0,1,0,0
N21322,1,0,1,0,0
N21323,1,0,1,0,0
N21324,1,0,1,0,0
N21325,1,0,1,0,0
N21326,1,0,1,0,0
N21327,1,0,1,0,0
N21328,1,0,1,0,0
N21329,1,0,1,0,0
N21330,1,0,1,0,0
N21331,1,0,1,0,0
N21332,1,0,1,0,0
N21333,1,0,1,0,0
N21334,1,0,1,0,0
N21335,1,0,1,0,0
N21336,1,0,1,0,0
N21337,1,0,1,0,0
N21338,1,0,1,0,0
N21339,1,0,1,0,0
N21340,1,0,1,0,0
N21341,1,0,1,0,0
N21372,1,0,1,0,0
N21373,1,0,1,0,0
N21375,1,1,0,0,0
N21376,1,1,0,0,0
N21377,1,1,0,0,0
N21378,1,1,0,0,0
N21379,1,1,0,0,0
N21380,1,1,0,0,0
N21381,1,1,0,0,0
N21382,1,1,0,0,0
N21383,1,1,0,0,0
N21384,1,1,0,0,0
N21385,1,1,0,0,0
N21386,1,1,0,0,0
N21387,1,1,0,0,0
N21388,1,1,0,0,0
N21389,1,1,0,0,0
N21390,1,1,0,0,0
N21391,1,1,0,0,0
N21392,1,1,0,0,0
N21393,1,1,0,0,0
N21394,1,1,0,0,0
N21395,1,1,0,0,0
N21396,1,1,0,0,0
N21397,1,1,0,0,0
N21398,1,1,0,0,0
N21399,1,1,0,0,0
N21400,1,1,0,0,0
N21401,1,1,0,0,0
N21404,1,0,1,0,0
N21406,1,0,1,0,0
N21408,1,0,1,0,0
N21410,1,0,1,0,0
N21412,1,0,1,0,0
N21414,1,0,1,0,0
N21418,1,0,1,0,0
N21420,1,0,1,0,0
N21424,1,0,1,0,0
N21426,1,0,1,0,0
N21428,1,0,1,0,0
N21429,1,0,1,0,0
N21430,1,0,1,0,0
N21432,1,0,1,0,0
N21434,1,0,1,0,0
N21436,1,0,1,0,0
N21438,1,0,1,0,0
N21440,1,0,1,0,0
N21442,1,0,1,0,0
N21444,1,0,1,0,0
N21446,1,0,1,0,0
N21448,1,0,1,0,0
N21450,1,0,1,0,0
N21452,1,0,1,0,0
N21453,1,0,1,0,0
N21454,1,0,1,0,0
N21456,1,0,1,0,0
N21458,1,0,1,0,0
N21460,1,0,1,0,0
N21462,1,0,1,0,0
N21468,1,0,1,0,0
N21469,1,0,1,0,0
N21470,1,0,1,0,0
N21471,1,0,1,0,0
N21472,1,0,1,0,0
N21473,1,0,1,0,0
N21474,1,0,1,0,0
N21475,1,0,1,0,0
N21476,1,0,1,0,0
N21477,1,0,1,0,0
N21478,1,0,1,0,0
N21479,1,0,1,0,0
N21480,1,0,1,0,0
N21481,1,0,1,0,0
N21482,1,0,1,0,0
N21483,1,0,1,0,0
N21484,1,0,1,0,0
N21485,1,0,1,0,0
N21486,1,0,1,0,0
N21487,1,0,1,0,0
N21488,1,0,1,0,0
N21489,1,0,1,0,0
N21490,1,0,1,0,0
N21491,1,0,1,0,0
N21492,1,0,1,0,0
N21493,1,0,1,0,0
N21494,1,0,1,0,0
N21495,1,0,1,0,0
N21496,1,0,1,0,0
N21497,1,0,1,0,0
N21498,1,0,1,0,0
N21499,1,0,1,0,0
N21500,1,0,1,0,0
N21501,1,0,1,0,0
N21502,1,0,1,0,0
N21503,1,0,1,0,0
N21504,1,0,1,0,0
N21505,1,0,1,0,0
N21506,1,0,1,0,0
N21507,1,0,1,0,0
N21508,1,0,1,0,0
N21509,1,0,1,0,0
N21510,1,0,1,0,0
N21511,1,0,1,0,0
N21512,1,0,1,0,0
N21513,1,0,1,0,0
N21514,1,0,1,0,0
N21515,1,0,1,0,0
N21516,1,0,1,0,0
N21517,1,0,1,0,0
N21518,1,0,1,0,0
N21519,1,0,1,0,0
N21520,1,0,1,0,0
N21521,1,0,1,0,0
N21522,1,0,1,0,0
N21554,1,0,1,0,0
N21555,1,0,1,0,0
N21558,1,1,0,0,0
N21559,1,1,0,0,0
N21560,1,1,0,0,0
N21561,1,1,0,0,0
N21562,1,1,0,0,0
N21563,1,1,0,0,0
N21564,1,1,0,0,0
N21565,1,1,0,0,0
N21566,1,1,0,0,0
N21567,1,1,0,0,0
N21568,1,1,0,0,0
N21569,1,1,0,0,0
N21570,1,1,0,0,0
N21571,1,1,0,0,0
N21572,1,1,0,0,0
N21573,1,1,0,0,0
N21574,1,1,0,0,0
N21575,1,1,0,0,0
N21576,1,1,0,0,0
N21577,1,1,0,0,0
N21578,1,1,0,0,0
N21579,1,1,0,0,0
N21580,1,1,0,0,0
N21581,1,1,0,0,0
N21582,1,1,0,0,0
N21583,1,1,0,0,0
N21584,1,1,0,0,0
N21587,1,0,1,0,0
N21589,1,0,1,0,0
N21591,1,0,1,0,0
N21593,1,0,1,0,0
N21595,1,0,1,0,0
N21597,1,0,1,0,0
N21601,1,0,1,0,0
N21603,1,0,1,0,0
N21607,1,0,1,0,0
N21609,1,0,1,0,0
N21611,1,0,1,0,0
N21613,1,0,1,0,0
N21615,1,0,1,0,0
N21617,1,0,1,0,0
N21619,1,0,1,0,0
N21621,1,0,1,0,0
N21623,1,0,1,0,0
N21625,1,0,1,0,0
N21629,1,0,1,0,0
N21631,1,0,1,0,0
N21633,1,0,1,0,0
N21635,1,0,1,0,0
N21637,1,0,1,0,0
N21639,1,0,1,0,0
N21641,1,0,1,0,0
N21643,1,0,1,0,0
N21645,1,0,1,0,0
N21647,1,0,1,0,0
N21657,1,0,1,0,0
N21658,1,0,1,0,0
N21659,1,0,1,0,0
N21660,1,0,1,0,0
N21661,1,0,1,0,0
N21662,1,0,1,0,0
N21663,1,0,1,0,0
N21664,1,0,1,0,0
N21665,1,0,1,0,0
N21666,1,0,1,0,0
N21667,1,0,1,0,0
N21668,1,0,1,0,0
N21669,1,0,1,0,0
N21670,1,0,1,0,0
N21671,1,0,1,0,0
N21672,1,0,1,0,0
N21673,1,0,1,0,0
N21674,1,0,1,0,0
N21675,1,0,1,0,0
N21676,1,0,1,0,0
N21677,1,0,1,0,0
N21678,1,0,1,0,0
N21679,1,0,1,0,0
N21680,1,0,1,0,0
N21681,1,0,1,0,0
N21682,1,0,1,0,0
N21683,1,0,1,0,0
N21684,1,0,1,0,0
N21685,1,0,1,0,0
N21686,1,0,1,0,0
N21687,1,0,1,0,0
N21688,1,0,1,0,0
N21689,1,0,1,0,0
N2169,1,1,0,0,0
N21690,1,0,1,0,0
N21691,1,0,1,0,0
N21692,1,0,1,0,0
N21693,1,0,1,0,0
N21694,1,0,1,0,0
N21695,1,0,1,0,0
N21696,1,0,1,0,0
N21697,1,0,1,0,0
N21698,1,0,1,0,0
N21699,1,0,1,0,0
N21700,1,0,1,0,0
N21701,1,0,1,0,0
N21702,1,0,1,0,0
N21703,1,0,1,0,0
N21704,1,0,1,0,0
N21705,1,0,1,0,0
N21706,1,0,1,0,0
N21707,1,0,1,0,0
N21708,1,0,1,0,0
N21709,1,0,1,0,0
N21710,1,0,1,0,0
N21711,1,0,1,0,0
N21743,1,0,1,0,0
N21744,1,0,1,0,0
N21747,1,1,0,0,0
N21748,1,1,0,0,0
N21749,1,1,0,0,0
N21750,1,1,0,0,0
N21751,1,1,0,0,0
N21752,1,1,0,0,0
N21753,1,1,0,0,0
N21754,1,1,0,0,0
N21755,1,1,0,0,0
N21756,1,1,0,0,0
N21757,1,1,0,0,0
N21758,1,1,0,0,0
N21759,1,1,0,0,0
N21760,1,1,0,0,0
N21761,1,1,0,0,0
N21762,1,1,0,0,0
N21763,1,1,0,0,0
N21764,1,1,0,0,0
N21765,1,1,0,0,0
N21766,1,1,0,0,0
N21767,1,1,0,0,0
N21768,1,1,0,0,0
N21769,1,1,0,0,0
N21770,1,1,0,0,0
N21771,1,1,0,0,0
N21772,1,1,0,0,0
N21773,1,1,0,0,0
N21776,1,0,1,0,0
N21778,1,0,1,0,0
N21780,1,0,1,0,0
N21782,1,0,1,0,0
N21784,1,0,1,0,0
N21786,1,0,1,0,0
N21790,1,0,1,0,0
N21792,1,0,1,0,0
N21796,1,0,1,0,0
N21798,1,0,1,0,0
N2180,1,1,0,0,0
N21800,1,0,1,0,0
N21802,1,0,1,0,0
N21804,1,0,1,0,0
N21806,1,0,1,0,0
N21808,1,0,1,0,0
N21810,1,0,1,0,0
N21812,1,0,1,0,0
N21814,1,0,1,0,0
N21818,1,0,1,0,0
N21820,1,0,1,0,0
N21822,1,0,1,0,0
N21824,1,0,1,0,0
N21826,1,0,1,0,0
N21828,1,0,1,0,0
N21830,1,0,1,0,0
N21832,1,0,1,0,0
N21834,1,0,1,0,0
N21836,1,0,1,0,0
N21838,1,0,1,0,0
N21845,1,0,1,0,0
N21857,1,0,1,0,0
N21887,1,0,1,0,0
N21888,1,0,1,0,0
N21889,1,0,1,0,0
N21890,1,0,1,0,0
N21891,1,0,1,0,0
N21892,1,0,1,0,0
N21893,1,0,1,0,0
N21894,1,0,1,0,0
N21895,1,0,1,0,0
N21896,1,0,1,0,0
N21897,1,0,1,0,0
N21898,1,0,1,0,0
N21899,1,0,1,0,0
N21900,1,0,1,0,0
N21901,1,0,1,0,0
N21902,1,0,1,0,0
N21903,1,0,1,0,0
N21904,1,0,1,0,0
N21905,1,0,1,0,0
N21906,1,0,1,0,0
N21907,1,0,1,0,0
N21908,1,0,1,0,0
N21909,1,0,1,0,0
N2191,1,1,0,0,0
N21910,1,0,1,0,0
N21911,1,0,1,0,0
N21912,1,0,1,0,0
N21913,1,0,1,0,0
N21914,1,0,1,0,0
N21915,1,0,1,0,0
N21916,1,0,1,0,0
N21917,1,0,1,0,0
N2192,1,1,0,0,0
N21948,1,0,1,0,0
N21949,1,0,1,0,0
N21963,1,1,0,0,0
N21964,1,1,0,0,0
N21965,1,1,0,0,0
N21966,1,1,0,0,0
N21967,1,1,0,0,0
N21968,1,1,0,0,0
N21969,1,1,0,0,0
N21970,1,1,0,0,0
N21971,1,1,0,0,0
N21972,1,1,0,0,0
N21973,1,1,0,0,0
N21974,1,1,0,0,0
N21975,1,1,0,0,0
N21976,1,1,0,0,0
N21977,1,1,0,0,0
N21994,1,0,1,0,0
N21996,1,0,1,0,0
N2200,1,1,0,0,0
N22000,1,0,1,0,0
N22002,1,0,1,0,0
N22004,1,0,1,0,0
N22006,1,0,1,0,0
N22008,1,0,1,0,0
N2201,1,1,0,0,0
N22010,1,0,1,0,0
N22012,1,0,1,0,0
N22014,1,0,1,0,0
N22016,1,0,1,0,0
N22018,1,0,1,0,0
N22020,1,0,1,0,0
N22022,1,0,1,0,0
N22024,1,0,1,0,0
N22026,1,0,1,0,0
N22030,1,0,1,0,0
N22032,1,0,1,0,0
N22040,1,1,0,0,0
N22043,1,0,1,0,0
N22044,1,0,1,0,0
N22045,1,0,1,0,0
N22046,1,0,1,0,0
N22047,1,0,1,0,0
N22048,1,0,1,0,0
N22049,1,0,1,0,0
N22050,1,0,1,0,0
N22051,1,1,0,0,0
N22057,1,0,1,0,0
N22058,1,0,1,0,0
N22060,1,1,0,0,0
N22061,1,1,0,0,0
N22062,1,1,0,0,0
N22064,1,0,1,0,0
N22065,1,0,1,0,0
N22067,1,0,1,0,0
N22069,1,0,1,0,0
N22071,1,0,1,0,0
N22080,1,0,1,0,0
N2209,1,1,0,0,0
N22096,1,0,1,0,0
N22097,1,0,1,0,0
N22098,1,0,1,0,0
N22099,1,0,1,0,0
N22100,1,0,1,0,0
N22101,1,0,1,0,0
N22102,1,0,1,0,0
N22103,1,0,1,0,0
N22104,1,0,1,0,0
N22105,1,0,1,0,0
N22106,1,0,1,0,0
N22107,1,0,1,0,0
N22108,1,0,1,0,0
N22109,1,0,1,0,0
N22110,1,0,1,0,0
N22111,1,0,1,0,0
N22112,1,0,1,0,0
N22113,1,0,1,0,0
N22114,1,0,1,0,0
N22115,1,0,1,0,0
N22116,1,0,1,0,0
N22117,1,0,1,0,0
N22118,1,0,1,0,0
N22119,1,0,1,0,0
N22120,1,0,1,0,0
N22121,1,0,1,0,0
N22122,1,0,1,0,0
N22123,1,0,1,0,0
N22124,1,0,1,0,0
N22125,1,0,1,0,0
N22126,1,0,1,0,0
N22127,1,0,1,0,0
N22128,1,0,1,0,0
N22129,1,0,1,0,0
N22130,1,0,1,0,0
N22131,1,0,1,0,0
N22132,1,0,1,0,0
N22133,1,0,1,0,0
N22134,1,0,1,0,0
N22135,1,0,1,0,0
N22136,1,0,1,0,0
N22137,1,0,1,0,0
N22138,1,0,1,0,0
N22139,1,0,1,0,0
N22140,1,0,1,0,0
N22141,1,0,1,0,0
N22142,1,0,1,0,0
N22173,1,0,1,0,0
N22174,1,0,1,0,0
N2218,1,1,0,0,0
N22180,1,1,0,0,0
N22181,1,1,0,0,0
N22182,1,1,0,0,0
N22183,1,1,0,0,0
N22184,1,1,0,0,0
N22185,1,1,0,0,0
N22186,1,1,0,0,0
N22187,1,1,0,0,0
N22188,1,1,0,0,0
N22189,1,1,0,0,0
N2219,1,1,0,0,0
N22190,1,1,0,0,0
N22191,1,1,0,0,0
N22192,1,1,0,0,0
N22193,1,1,0,0,0
N22194,1,1,0,0,0
N22195,1,1,0,0,0
N22196,1,1,0,0,0
N22197,1,1,0,0,0
N22198,1,1,0,0,0
N22199,1,1,0,0,0
N22200,1,1,0,0,0
N22201,1,1,0,0,0
N22202,1,1,0,0,0
N22205,1,0,1,0,0
N22207,1,0,1,0,0
N22211,1,0,1,0,0
N22219,1,0,1,0,0
N22221,1,0,1,0,0
N22225,1,0,1,0,0
N22227,1,0,1,0,0
N22229,1,0,1,0,0
N22231,1,0,1,0,0
N22233,1,0,1,0,0
N22235,1,0,1,0,0
N22237,1,0,1,0,0
N22239,1,0,1,0,0
N22241,1,0,1,0,0
N22243,1,0,1,0,0
N22245,1,0,1,0,0
N22247,1,0,1,0,0
N22249,1,0,1,0,0
N2225,1,1,0,0,0
N22251,1,0,1,0,0
N22253,1,0,1,0,0
N22255,1,0,1,0,0
N22257,1,0,1,0,0
N22259,1,0,1,0,0
N22261,1,0,1,0,0
N22263,1,0,1,0,0
N22267,1,0,1,0,0
N22268,1,0,1,0,0
N22270,1,0,1,0,0
N22276,1,0,1,0,0
N22288,1,1,0,0,0
N22305,1,0,1,0,0
N22307,1,0,1,0,0
N22308,1,0,1,0,0
N22312,1,0,1,0,0
N22318,1,0,1,0,0
N22323,1,0,1,0,0
N22329,1,1,0,0,0
N22347,1,1,0,0,0
N22350,1,0,1,0,0
N22363,1,0,1,0,0
N22365,1,0,1,0,0
N22366,1,0,1,0,0
N22370,1,0,1,0,0
N22371,1,0,1,0,0
N22373,1,0,1,0,0
N22375,1,0,1,0,0
N22376,1,0,1,0,0
N22381,1,0,1,0,0
N22384,1,1,0,0,0
N22385,1,0,1,0,0
N22386,1,0,1,0,0
N22387,1,1,0,0,0
N22388,1,0,1,0,0
N22401,1,1,0,0,0
N22418,1,1,0,0,0
N22421,1,0,1,0,0
N22422,1,0,1,0,0
N22429,1,0,1,0,0
N22430,1,0,1,0,0
N22432,1,0,1,0,0
N22440,1,0,1,0,0
N22441,1,0,1,0,0
N22442,1,0,1,0,0
N22443,1,0,1,0,0
N22444,1,0,1,0,0
N22446,1,0,1,0,0
N22447,1,0,1,0,0
N22477,1,0,1,0,0
N22478,1,0,1,0,0
N22480,1,0,1,0,0
N22481,1,0,1,0,0
N22482,1,0,1,0,0
N22483,1,0,1,0,0
N22484,1,0,1,0,0
N22485,1,0,1,0,0
N22486,1,0,1,0,0
N22487,1,0,1,0,0
N22488,1,0,1,0,0
N22490,1,0,1,0,0
N22492,1,0,1,0,0
N22508,1,0,1,0,0
N22510,1,0,1,0,0
N22512,1,0,1,0,0
N22514,1,0,1,0,0
N22516,1,0,1,0,0
N22518,1,0,1,0,0
N22520,1,0,1,0,0
N22522,1,0,1,0,0
N22524,1,0,1,0,0
N22526,1,0,1,0,0
N22528,1,0,1,0,0
N22529,1,0,1,0,0
N22530,1,1,0,0,0
N22532,1,0,1,0,0
N22533,1,0,1,0,0
N22549,1,0,1,0,0
N22554,1,0,1,0,0
N22555,1,0,1,0,0
N22557,1,0,1,0,0
N22565,1,1,0,0,0
N22566,1,0,1,0,0
N22567,1,0,1,0,0
N22568,1,0,1,0,0
N22569,1,0,1,0,0
N22570,1,0,1,0,0
N22571,1,0,1,0,0
N22572,1,0,1,0,0
N22574,1,0,1,0,0
N22576,1,0,1,0,0
N22577,1,1,0,0,0
N22583,1,0,1,0,0
N22587,1,0,1,0,0
N22588,1,0,1,0,0
N22589,1,0,1,0,0
N22590,1,0,1,0,0
N22591,1,0,1,0,0
N22592,1,0,1,0,0
N22593,1,0,1,0,0
N22594,1,0,1,0,0
N22595,1,0,1,0,0
N22596,1,0,1,0,0
N22597,1,1,0,0,0
N22601,1,0,1,0,0
N22602,1,1,0,0,0
N22603,1,0,1,0,0
N22605,1,0,1,0,0
N22607,1,0,1,0,0
N22609,1,0,1,0,0
N22610,1,0,1,0,0
N22613,1,0,1,0,0
N22616,1,0,1,0,0
N22618,1,0,1,0,0
N22619,1,0,1,0,0
N22620,1,0,1,0,0
N22621,1,0,1,0,0
N22622,1,0,1,0,0
N22624,1,0,1,0,0
N22625,1,0,1,0,0
N22626,1,0,1,0,0
N22627,1,0,1,0,0
N22629,1,0,1,0,0
N22631,1,0,1,0,0
N22632,1,0,1,0,0
N22635,1,0,1,0,0
N22652,1,0,1,0,0
N22654,1,0,1,0,0
N22656,1,1,0,0,0
N22659,1,0,1,0,0
N22661,1,0,1,0,0
N22663,1,0,1,0,0
N22664,1,1,0,0,0
N22670,1,1,0,0,0
N22673,1,0,1,0,0
N22674,1,0,1,0,0
N22675,1,0,1,0,0
N22676,1,0,1,0,0
N22681,1,0,1,0,0
N22682,1,0,1,0,0
N22683,1,0,1,0,0
N22685,1,0,1,0,0
N22687,1,0,1,0,0
N22688,1,0,1,0,0
N22691,1,0,1,0,0
N22693,1,0,1,0,0
N22695,1,0,1,0,0
N22699,1,0,1,0,0
N22701,1,0,1,0,0
N22730,1,0,1,0,0
N22733,1,0,1,0,0
N22735,1,0,1,0,0
N22736,1,0,1,0,0
N22737,1,0,1,0,0
N22738,1,0,1,0,0
N22740,1,0,1,0,0
N22747,1,0,1,0,0
N22748,1,0,1,0,0
N22749,1,0,1,0,0
N22750,1,0,1,0,0
N22752,1,0,1,0,0
N22753,1,0,1,0,0
N22756,1,0,1,0,0
N22757,1,0,1,0,0
N22759,1,0,1,0,0
N22760,1,0,1,0,0
N22761,1,0,1,0,0
N22763,1,0,1,0,0
N22764,1,0,1,0,0
N22765,1,0,1,0,0
N22766,1,0,1,0,0
N22767,1,0,1,0,0
N22768,1,0,1,0,0
N22770,1,0,1,0,0
N22771,1,0,1,0,0
N22773,1,0,1,0,0
N22774,1,0,1,0,0
N22775,1,0,1,0,0
N22777,1,0,1,0,0
N22778,1,0,1,0,0
N22780,1,0,1,0,0
N22781,1,0,1,0,0
N22782,1,0,1,0,0
N22784,1,0,1,0,0
N22785,1,0,1,0,0
N22787,1,0,1,0,0
N22788,1,0,1,0,0
N22789,1,0,1,0,0
N22791,1,0,1,0,0
N22792,1,0,1,0,0
N22794,1,0,1,0,0
N22795,1,0,1,0,0
N22796,1,0,1,0,0
N22798,1,0,1,0,0
N22799,1,0,1,0,0
N22801,1,0,1,0,0
N22806,1,0,1,0,0
N22807,1,0,1,0,0
N22808,1,0,1,0,0
N22810,1,0,1,0,0
N22811,1,0,1,0,0
N22813,1,0,1,0,0
N22814,1,0,1,0,0
N22815,1,0,1,0,0
N22817,1,0,1,0,0
N22818,1,0,1,0,0
N22821,1,0,1,0,0
N22822,1,0,1,0,0
N22824,1,0,1,0,0
N22825,1,0,1,0,0
N22826,1,0,1,0,0
N22828,1,0,1,0,0
N22829,1,0,1,0,0
N22831,1,0,1,0,0
N22832,1,0,1,0,0
N22833,1,0,1,0,0
N22835,1,0,1,0,0
N22836,1,0,1,0,0
N22838,1,0,1,0,0
N22839,1,0,1,0,0
N22840,1,0,1,0,0
N22842,1,0,1,0,0
N22843,1,0,1,0,0
N22844,1,0,1,0,0
N22845,1,0,1,0,0
N22846,1,0,1,0,0
N22847,1,0,1,0,0
N22849,1,0,1,0,0
N22850,1,0,1,0,0
N22852,1,0,1,0,0
N22853,1,0,1,0,0
N22854,1,0,1,0,0
N22856,1,0,1,0,0
N22857,1,0,1,0,0
N22858,1,0,1,0,0
N22859,1,0,1,0,0
N22861,1,0,1,0,0
N22872,1,0,1,0,0
N22883,1,0,1,0,0
N22885,1,0,1,0,0
N22889,1,0,1,0,0
N22902,1,1,0,0,0
N22909,1,0,1,0,0
N22911,1,0,1,0,0
N22917,1,0,1,0,0
N22926,1,0,1,0,0
N22927,1,0,1,0,0
N22928,1,0,1,0,0
N22929,1,0,1,0,0
N22930,1,0,1,0,0
N22931,1,0,1,0,0
N22933,1,0,1,0,0
N22936,1,0,1,0,0
N22938,1,0,1,0,0
N22939,1,0,1,0,0
N22941,1,0,1,0,0
N22943,1,0,1,0,0
N22944,1,0,1,0,0
N22948,1,1,0,0,0
N22951,1,0,1,0,0
N22952,1,0,1,0,0
N22953,1,0,1,0,0
N22954,1,0,1,0,0
N22955,1,0,1,0,0
N22956,1,0,1,0,0
N22957,1,0,1,0,0
N22958,1,0,1,0,0
N22959,1,0,1,0,0
N22960,1,0,1,0,0
N22961,1,0,1,0,0
N22962,1,0,1,0,0
N22963,1,0,1,0,0
N22964,1,0,1,0,0
N22965,1,0,1,0,0
N22966,1,0,1,0,0
N22967,1,0,1,0,0
N22968,1,0,1,0,0
N22969,1,0,1,0,0
N22970,1,0,1,0,0
N22971,1,0,1,0,0
N22972,1,0,1,0,0
N22973,1,0,1,0,0
N22974,1,0,1,0,0
N22975,1,0,1,0,0
N22976,1,0,1,0,0
N22977,1,0,1,0,0
N22978,1,0,1,0,0
N22979,1,0,1,0,0
N22980,1,0,1,0,0
N22981,1,0,1,0,0
N22982,1,0,1,0,0
N22983,1,0,1,0,0
N22984,1,0,1,0,0
N22985,1,0,1,0,0
N22986,1,0,1,0,0
N22987,1,0,1,0,0
N22988,1,0,1,0,0
N22989,1,0,1,0,0
N22990,1,0,1,0,0
N22991,1,0,1,0,0
N22992,1,0,1,0,0
N22993,1,0,1,0,0
N22994,1,0,1,0,0
N22995,1,0,1,0,0
N22996,1,0,1,0,0
N22997,1,0,1,0,0
N22998,1,0,1,0,0
N22999,1,0,1,0,0
N23000,1,0,1,0,0
N23001,1,0,1,0,0
N23002,1,0,1,0,0
N23003,1,0,1,0,0
N23004,1,0,1,0,0
N23005,1,0,1,0,0
N23011,1,0,1,0,0
N23012,1,0,1,0,0
N23018,1,0,1,0,0
N23022,1,0,1,0,0
N23028,1,0,1,0,0
N23036,1,0,1,0,0
N23037,1,0,1,0,0
N23039,1,1,0,0,0
N23040,1,1,0,0,0
N23041,1,1,0,0,0
N23042,1,1,0,0,0
N23043,1,1,0,0,0
N23044,1,1,0,0,0
N23045,1,1,0,0,0
N23046,1,1,0,0,0
N23047,1,1,0,0,0
N23048,1,1,0,0,0
N23049,1,1,0,0,0
N23050,1,1,0,0,0
N23051,1,1,0,0,0
N23052,1,1,0,0,0
N23053,1,1,0,0,0
N23054,1,1,0,0,0
N23055,1,1,0,0,0
N23056,1,1,0,0,0
N23057,1,1,0,0,0
N23058,1,1,0,0,0
N23059,1,1,0,0,0
N23060,1,1,0,0,0
N23061,1,1,0,0,0
N23062,1,1,0,0,0
N23063,1,1,0,0,0
N23064,1,1,0,0,0
N23065,1,1,0,0,0
N23068,1,0,1,0,0
N23070,1,0,1,0,0
N23071,1,0,1,0,0
N23072,1,0,1,0,0
N23074,1,0,1,0,0
N23076,1,0,1,0,0
N23078,1,0,1,0,0
N23081,1,0,1,0,0
N23082,1,0,1,0,0
N23084,1,0,1,0,0
N23085,1,0,1,0,0
N23088,1,0,1,0,0
N23090,1,0,1,0,0
N23092,1,0,1,0,0
N23094,1,0,1,0,0
N23096,1,0,1,0,0
N23098,1,0,1,0,0
N23100,1,0,1,0,0
N23102,1,0,1,0,0
N23103,1,0,1,0,0
N23104,1,0,1,0,0
N23106,1,0,1,0,0
N23108,1,0,1,0,0
N23110,1,0,1,0,0
N23112,1,0,1,0,0
N23114,1,0,1,0,0
N23116,1,0,1,0,0
N23118,1,0,1,0,0
N23120,1,0,1,0,0
N23122,1,0,1,0,0
N23124,1,0,1,0,0
N23126,1,0,1,0,0
N23140,1,0,1,0,0
N23141,1,0,1,0,0
N23142,1,0,1,0,0
N23143,1,0,1,0,0
N23144,1,0,1,0,0
N23145,1,0,1,0,0
N23146,1,0,1,0,0
N23147,1,0,1,0,0
N23148,1,0,1,0,0
N23149,1,0,1,0,0
N23150,1,0,1,0,0
N23151,1,0,1,0,0
N23152,1,0,1,0,0
N23153,1,0,1,0,0
N23154,1,0,1,0,0
N23155,1,0,1,0,0
N23156,1,0,1,0,0
N23157,1,0,1,0,0
N23158,1,0,1,0,0
N23159,1,0,1,0,0
N23160,1,0,1,0,0
N23161,1,0,1,0,0
N23162,1,0,1,0,0
N23163,1,0,1,0,0
N23164,1,0,1,0,0
N23165,1,0,1,0,0
N23166,1,0,1,0,0
N23167,1,0,1,0,0
N23168,1,0,1,0,0
N23169,1,0,1,0,0
N23170,1,0,1,0,0
N23171,1,0,1,0,0
N23172,1,0,1,0,0
N23173,1,0,1,0,0
N23174,1,0,1,0,0
N23175,1,0,1,0,0
N23176,1,0,1,0,0
N23177,1,0,1,0,0
N23178,1,0,1,0,0
N23179,1,0,1,0,0
N23180,1,0,1,0,0
N23181,1,0,1,0,0
N23182,1,0,1,0,0
N23183,1,0,1,0,0
N23184,1,0,1,0,0
N23217,1,0,1,0,0
N23218,1,0,1,0,0
N23226,1,1,0,0,0
N23227,1,1,0,0,0
N23228,1,1,0,0,0
N23229,1,1,0,0,0
N23230,1,1,0,0,0
N23231,1,1,0,0,0
N23232,1,1,0,0,0
N23233,1,1,0,0,0
N23234,1,1,0,0,0
N23235,1,1,0,0,0
N23236,1,1,0,0,0
N23237,1,1,0,0,0
N23238,1,1,0,0,0
N23239,1,1,0,0,0
N23240,1,1,0,0,0
N23241,1,1,0,0,0
N23242,1,1,0,0,0
N23243,1,1,0,0,0
N23244,1,1,0,0,0
N23245,1,1,0,0,0
N23246,1,1,0,0,0
N23247,1,1,0,0,0
N23251,1,0,1,0,0
N23255,1,0,1,0,0
N23257,1,0,1,0,0
N23265,1,0,1,0,0
N23267,1,0,1,0,0
N23269,1,0,1,0,0
N23271,1,0,1,0,0
N23273,1,0,1,0,0
N23275,1,0,1,0,0
N23277,1,0,1,0,0
N23279,1,0,1,0,0
N23281,1,0,1,0,0
N23283,1,0,1,0,0
N23285,1,0,1,0,0
N23287,1,0,1,0,0
N23291,1,0,1,0,0
N23293,1,0,1,0,0
N23295,1,0,1,0,0
N23297,1,0,1,0,0
N23299,1,0,1,0,0
N23301,1,0,1,0,0
N23303,1,0,1,0,0
N23305,1,0,1,0,0
N23307,1,0,1,0,0
N23309,1,0,1,0,0
N23324,1,0,1,0,0
N23328,1,0,1,0,0
N23329,1,0,1,0,0
N23330,1,0,1,0,0
N23331,1,0,1,0,0
N23332,1,0,1,0,0
N23334,1,0,1,0,0
N23335,1,0,1,0,0
N23336,1,0,1,0,0
N23337,1,0,1,0,0
N23338,1,0,1,0,0
N23339,1,0,1,0,0
N23340,1,0,1,0,0
N23341,1,0,1,0,0
N23342,1,0,1,0,0
N23343,1,0,1,0,0
N23344,1,0,1,0,0
N23345,1,0,1,0,0
N23346,1,0,1,0,0
N23347,1,0,1,0,0
N23348,1,0,1,0,0
N23349,1,0,1,0,0
N23350,1,0,1,0,0
N23351,1,0,1,0,0
N23352,1,0,1,0,0
N23353,1,0,1,0,0
N23354,1,0,1,0,0
N23355,1,0,1,0,0
N23390,1,1,0,0,0
N23391,1,1,0,0,0
N23392,1,1,0,0,0
N23393,1,0,1,0,0
N23395,1,0,1,0,0
N23398,1,0,1,0,0
N23399,1,1,0,0,0
N23400,1,1,0,0,0
N23401,1,1,0,0,0
N23402,1,1,0,0,0
N23403,1,1,0,0,0
N23404,1,1,0,0,0
N23405,1,1,0,0,0
N23406,1,1,0,0,0
N23407,1,1,0,0,0
N23409,1,1,0,0,0
N23410,1,0,1,0,0
N23413,1,0,1,0,0
N23415,1,0,1,0,0
N23417,1,0,1,0,0
N23419,1,0,1,0,0
N23421,1,0,1,0,0
N23423,1,0,1,0,0
N23425,1,0,1,0,0
N23427,1,0,1,0,0
N23429,1,0,1,0,0
N23431,1,0,1,0,0
N23433,1,0,1,0,0
N23435,1,0,1,0,0
N23437,1,0,1,0,0
N23439,1,0,1,0,0
N23440,1,0,1,0,0
N23442,1,0,1,0,0
N23443,1,0,1,0,0
N23445,1,0,1,0,0
N23447,1,0,1,0,0
N23449,1,0,1,0,0
N23451,1,0,1,0,0
N23453,1,0,1,0,0
N23454,1,0,1,0,0
N23455,1,0,1,0,0
N23457,1,0,1,0,0
N23459,1,0,1,0,0
N23461,1,0,1,0,0
N23463,1,0,1,0,0
N23465,1,0,1,0,0
N23473,1,0,1,0,0
N23474,1,0,1,0,0
N23475,1,0,1,0,0
N23476,1,0,1,0,0
N23477,1,0,1,0,0
N23478,1,0,1,0,0
N23479,1,0,1,0,0
N23480,1,0,1,0,0
N23481,1,0,1,0,0
N23482,1,0,1,0,0
N23483,1,0,1,0,0
N23484,1,0,1,0,0
N23485,1,0,1,0,0
N23486,1,0,1,0,0
N23487,1,0,1,0,0
N23488,1,0,1,0,0
N23489,1,0,1,0,0
N23490,1,0,1,0,0
N23491,1,0,1,0,0
N23492,1,0,1,0,0
N23493,1,0,1,0,0
N23494,1,0,1,0,0
N23495,1,0,1,0,0
N23496,1,0,1,0,0
N23497,1,0,1,0,0
N23498,1,0,1,0,0
N23499,1,0,1,0,0
N23500,1,0,1,0,0
N23501,1,0,1,0,0
N23502,1,0,1,0,0
N23503,1,0,1,0,0
N23504,1,0,1,0,0
N23505,1,0,1,0,0
N23506,1,0,1,0,0
N23507,1,0,1,0,0
N23508,1,0,1,0,0
N23509,1,0,1,0,0
N23510,1,0,1,0,0
N23511,1,0,1,0,0
N23512,1,0,1,0,0
N23513,1,0,1,0,0
N23514,1,0,1,0,0
N23515,1,0,1,0,0
N23516,1,0,1,0,0
N23517,1,0,1,0,0
N23518,1,0,1,0,0
N23519,1,0,1,0,0
N23520,1,0,1,0,0
N23521,1,0,1,0,0
N23522,1,0,1,0,0
N23523,1,0,1,0,0
N23554,1,0,1,0,0
N23555,1,0,1,0,0
N23559,1,1,0,0,0
N23560,1,1,0,0,0
N23561,1,1,0,0,0
N23562,1,1,0,0,0
N23563,1,1,0,0,0
N23564,1,1,0,0,0
N23565,1,1,0,0,0
N23566,1,1,0,0,0
N23567,1,1,0,0,0
N23568,1,1,0,0,0
N23569,1,1,0,0,0
N23570,1,1,0,0,0
N23571,1,1,0,0,0
N23572,1,1,0,0,0
N23573,1,1,0,0,0
N23574,1,1,0,0,0
N23575,1,1,0,0,0
N23576,1,1,0,0,0
N23577,1,1,0,0,0
N23578,1,1,0,0,0
N23579,1,1,0,0,0
N23580,1,1,0,0,0
N23581,1,1,0,0,0
N23582,1,1,0,0,0
N23583,1,1,0,0,0
N23586,1,0,1,0,0
N23588,1,0,1,0,0
N23590,1,0,1,0,0
N23592,1,0,1,0,0
N23600,1,0,1,0,0
N23602,1,0,1,0,0
N23606,1,0,1,0,0
N23608,1,0,1,0,0
N23610,1,0,1,0,0
N23612,1,0,1,0,0
N23614,1,0,1,0,0
N23616,1,0,1,0,0
N23618,1,0,1,0,0
N23620,1,0,1,0,0
N23622,1,0,1,0,0
N23624,1,0,1,0,0
N23626,1,0,1,0,0
N23628,1,0,1,0,0
N23630,1,0,1,0,0
N23632,1,0,1,0,0
N23634,1,0,1,0,0
N23636,1,0,1,0,0
N23638,1,0,1,0,0
N23640,1,0,1,0,0
N23642,1,0,1,0,0
N23644,1,0,1,0,0
N23654,1,0,1,0,0
N23655,1,0,1,0,0
N23656,1,0,1,0,0
N23657,1,0,1,0,0
N23658,1,0,1,0,0
N23659,1,0,1,0,0
N23660,1,0,1,0,0
N23661,1,0,1,0,0
N23662,1,0,1,0,0
N23663,1,0,1,0,0
N23664,1,0,1,0,0
N23665,1,0,1,0,0
N23666,1,0,1,0,0
N23667,1,0,1,0,0
N23668,1,0,1,0,0
N23669,1,0,1,0,0
N23670,1,0,1,0,0
N23671,1,0,1,0,0
N23672,1,0,1,0,0
N23673,1,0,1,0,0
N23674,1,0,1,0,0
N23675,1,0,1,0,0
N23676,1,0,1,0,0
N23677,1,0,1,0,0
N23678,1,0,1,0,0
N23679,1,0,1,0,0
N23680,1,0,1,0,0
N23681,1,0,1,0,0
N23682,1,0,1,0,0
N23683,1,0,1,0,0
N23684,1,0,1,0,0
N23685,1,0,1,0,0
N23686,1,0,1,0,0
N23687,1,0,1,0,0
N23688,1,0,1,0,0
N23689,1,0,1,0,0
N23690,1,0,1,0,0
N23691,1,0,1,0,0
N23692,1,0,1,0,0
N23693,1,0,1,0,0
N23694,1,0,1,0,0
N23695,1,0,1,0,0
N23696,1,0,1,0,0
N23697,1,0,1,0,0
N23698,1,0,1,0,0
N23699,1,0,1,0,0
N23700,1,0,1,0,0
N23701,1,0,1,0,0
N23702,1,0,1,0,0
N23703,1,0,1,0,0
N23704,1,0,1,0,0
N23736,1,0,1,0,0
N23737,1,0,1,0,0
N23742,1,1,0,0,0
N23743,1,1,0,0,0
N23744,1,1,0,0,0
N23745,1,1,0,0,0
N23746,1,1,0,0,0
N23747,1,1,0,0,0
N23748,1,1,0,0,0
N23749,1,1,0,0,0
N23750,1,1,0,0,0
N23751,1,1,0,0,0
N23752,1,1,0,0,0
N23753,1,1,0,0,0
N23754,1,1,0,0,0
N23755,1,1,0,0,0
N23756,1,1,0,0,0
N23757,1,1,0,0,0
N23758,1,1,0,0,0
N23759,1,1,0,0,0
N23760,1,1,0,0,0
N23761,1,1,0,0,0
N23762,1,1,0,0,0
N23763,1,1,0,0,0
N23764,1,1,0,0,0
N23765,1,1,0,0,0
N23766,1,1,0,0,0
N23769,1,0,1,0,0
N23771,1,0,1,0,0
N23773,1,0,1,0,0
N23775,1,0,1,0,0
N23783,1,0,1,0,0
N23785,1,0,1,0,0
N23789,1,0,1,0,0
N23791,1,0,1,0,0
N23793,1,0,1,0,0
N23795,1,0,1,0,0
N23797,1,0,1,0,0
N23799,1,0,1,0,0
N23801,1,0,1,0,0
N23803,1,0,1,0,0
N23805,1,0,1,0,0
N23807,1,0,1,0,0
N23811,1,0,1,0,0
N23813,1,0,1,0,0
N23815,1,0,1,0,0
N23817,1,0,1,0,0
N23819,1,0,1,0,0
N23821,1,0,1,0,0
N23823,1,0,1,0,0
N23825,1,0,1,0,0
N23827,1,0,1,0,0
N23829,1,0,1,0,0
N23843,1,0,1,0,0
N23844,1,0,1,0,0
N23845,1,0,1,0,0
N23846,1,0,1,0,0
N23847,1,0,1,0,0
N23848,1,0,1,0,0
N23849,1,0,1,0,0
N23850,1,0,1,0,0
N23851,1,0,1,0,0
N23852,1,0,1,0,0
N23853,1,0,1,0,0
N23854,1,0,1,0,0
N23855,1,0,1,0,0
N23856,1,0,1,0,0
N23857,1,0,1,0,0
N23858,1,0,1,0,0
N23859,1,0,1,0,0
N23860,1,0,1,0,0
N23861,1,0,1,0,0
N23862,1,0,1,0,0
N23863,1,0,1,0,0
N23864,1,0,1,0,0
N23865,1,0,1,0,0
N23866,1,0,1,0,0
N23867,1,0,1,0,0
N23868,1,0,1,0,0
N23869,1,0,1,0,0
N23870,1,0,1,0,0
N23871,1,0,1,0,0
N23872,1,0,1,0,0
N23873,1,0,1,0,0
N23874,1,0,1,0,0
N23875,1,0,1,0,0
N23876,1,0,1,0,0
N23877,1,0,1,0,0
N23878,1,0,1,0,0
N23879,1,0,1,0,0
N23880,1,0,1,0,0
N23881,1,0,1,0,0
N23882,1,0,1,0,0
N23883,1,0,1,0,0
N23884,1,0,1,0,0
N23885,1,0,1,0,0
N23886,1,0,1,0,0
N23887,1,0,1,0,0
N23920,1,0,1,0,0
N23921,1,0,1,0,0
N23929,1,1,0,0,0
N23930,1,1,0,0,0
N23931,1,1,0,0,0
N23932,1,1,0,0,0
N23933,1,1,0,0,0
N23934,1,1,0,0,0
N23935,1,1,0,0,0
N23936,1,1,0,0,0
N23937,1,1,0,0,0
N23938,1,1,0,0,0
N23939,1,1,0,0,0
N23940,1,1,0,0,0
N23941,1,1,0,0,0
N23942,1,1,0,0,0
N23943,1,1,0,0,0
N23944,1,1,0,0,0
N23945,1,1,0,0,0
N23946,1,1,0,0,0
N23947,1,1,0,0,0
N23948,1,1,0,0,0
N23949,1,1,0,0,0
N23950,1,1,0,0,0
N23954,1,0,1,0,0
N23958,1,0,1,0,0
N23960,1,0,1,0,0
N23968,1,0,1,0,0
N23970,1,0,1,0,0
N23972,1,0,1,0,0
N23974,1,0,1,0,0
N23976,1,0,1,0,0
N23978,1,0,1,0,0
N23980,1,0,1,0,0
N23982,1,0,1,0,0
N23984,1,0,1,0,0
N23986,1,0,1,0,0
N23988,1,0,1,0,0
N23990,1,0,1,0,0
N23994,1,0,1,0,0
N23996,1,0,1,0,0
N23998,1,0,1,0,0
N24000,1,0,1,0,0
N24002,1,0,1,0,0
N24004,1,0,1,0,0
N24006,1,0,1,0,0
N24008,1,0,1,0,0
N24010,1,0,1,0,0
N24012,1,0,1,0,0
N24029,1,0,1,0,0
N24031,1,0,1,0,0
N24032,1,0,1,0,0
N24033,1,0,1,0,0
N24034,1,0,1,0,0
N24035,1,0,1,0,0
N24036,1,0,1,0,0
N24037,1,0,1,0,0
N24038,1,0,1,0,0
N24039,1,0,1,0,0
N24040,1,0,1,0,0
N24041,1,0,1,0,0
N24042,1,0,1,0,0
N24043,1,0,1,0,0
N24044,1,0,1,0,0
N24045,1,0,1,0,0
N24046,1,0,1,0,0
N24047,1,0,1,0,0
N24048,1,0,1,0,0
N24049,1,0,1,0,0
N24050,1,0,1,0,0
N24051,1,0,1,0,0
N24052,1,0,1,0,0
N24053,1,0,1,0,0
N24054,1,0,1,0,0
N24055,1,0,1,0,0
N24056,1,0,1,0,0
N24057,1,0,1,0,0
N24058,1,0,1,0,0
N24059,1,0,1,0,0
N24060,1,0,1,0,0
N24061,1,0,1,0,0
N24062,1,0,1,0,0
N24063,1,0,1,0,0
N24064,1,0,1,0,0
N24065,1,0,1,0,0
N24066,1,0,1,0,0
N24067,1,0,1,0,0
N24068,1,0,1,0,0
N24069,1,0,1,0,0
N24070,1,0,1,0,0
N24071,1,0,1,0,0
N24072,1,0,1,0,0
N24104,1,0,1,0,0
N24105,1,0,1,0,0
N24114,1,1,0,0,0
N24115,1,1,0,0,0
N24116,1,1,0,0,0
N24117,1,1,0,0,0
N24118,1,1,0,0,0
N24119,1,1,0,0,0
N24120,1,1,0,0,0
N24121,1,1,0,0,0
N24122,1,1,0,0,0
N24123,1,1,0,0,0
N24124,1,1,0,0,0
N24125,1,1,0,0,0
N24126,1,1,0,0,0
N24127,1,1,0,0,0
N24128,1,1,0,0,0
N24129,1,1,0,0,0
N24130,1,1,0,0,0
N24131,1,1,0,0,0
N24132,1,1,0,0,0
N24133,1,1,0,0,0
N24134,1,1,0,0,0
N24139,1,0,1,0,0
N24141,1,0,1,0,0
N24143,1,0,1,0,0
N24151,1,0,1,0,0
N24153,1,0,1,0,0
N24157,1,0,1,0,0
N24159,1,0,1,0,0
N24161,1,0,1,0,0
N24163,1,0,1,0,0
N24165,1,0,1,0,0
N24167,1,0,1,0,0
N24169,1,0,1,0,0
N24171,1,0,1,0,0
N24173,1,0,1,0,0
N24175,1,0,1,0,0
N24179,1,0,1,0,0
N24181,1,0,1,0,0
N24183,1,0,1,0,0
N24185,1,0,1,0,0
N24187,1,0,1,0,0
N24189,1,0,1,0,0
N24191,1,0,1,0,0
N24193,1,0,1,0,0
N24195,1,0,1,0,0
N24197,1,0,1,0,0
N24223,1,0,1,0,0
N24224,1,0,1,0,0
N24225,1,0,1,0,0
N24226,1,0,1,0,0
N24227,1,0,1,0,0
N24228,1,0,1,0,0
N24229,1,0,1,0,0
N24230,1,0,1,0,0
N24231,1,0,1,0,0
N24232,1,0,1,0,0
N24233,1,0,1,0,0
N24234,1,0,1,0,0
N24235,1,0,1,0,0
N24236,1,0,1,0,0
N24237,1,0,1,0,0
N24238,1,0,1,0,0
N24239,1,0,1,0,0
N24240,1,0,1,0,0
N24241,1,0,1,0,0
N24242,1,0,1,0,0
N24243,1,0,1,0,0
N24244,1,0,1,0,0
N24245,1,0,1,0,0
N24246,1,0,1,0,0
N24247,1,0,1,0,0
N24248,1,0,1,0,0
N24249,1,0,1,0,0
N24250,1,0,1,0,0
N24251,1,0,1,0,0
N24252,1,0,1,0,0
N24253,1,0,1,0,0
N24254,1,0,1,0,0
N24255,1,0,1,0,0
N24256,1,0,1,0,0
N24257,1,0,1,0,0
N24289,1,0,1,0,0
N24290,1,0,1,0,0
N24303,1,1,0,0,0
N24304,1,1,0,0,0
N24305,1,1,0,0,0
N24306,1,1,0,0,0
N24307,1,1,0,0,0
N24308,1,1,0,0,0
N24309,1,1,0,0,0
N24310,1,1,0,0,0
N24311,1,1,0,0,0
N24312,1,1,0,0,0
N24313,1,1,0,0,0
N24314,1,1,0,0,0
N24315,1,1,0,0,0
N24316,1,1,0,0,0
N24317,1,1,0,0,0
N24318,1,1,0,0,0
N24319,1,1,0,0,0
N24336,1,0,1,0,0
N24338,1,0,1,0,0
N24342,1,0,1,0,0
N24344,1,0,1,0,0
N24346,1,0,1,0,0
N24348,1,0,1,0,0
N24350,1,0,1,0,0
N24352,1,0,1,0,0
N24354,1,0,1,0,0
N24356,1,0,1,0,0
N24358,1,0,1,0,0
N24360,1,0,1,0,0
N24364,1,0,1,0,0
N24366,1,0,1,0,0
N24368,1,0,1,0,0
N24370,1,0,1,0,0
N24372,1,0,1,0,0
N24374,1,0,1,0,0
N24380,1,0,1,0,0
N24394,1,0,1,0,0
N24395,1,0,1,0,0
N24396,1,0,1,0,0
N24397,1,0,1,0,0
N24398,1,0,1,0,0
N24399,1,0,1,0,0
N24400,1,0,1,0,0
N24401,1,0,1,0,0
N24402,1,0,1,0,0
N24403,1,0,1,0,0
N24404,1,0,1,0,0
N24405,1,0,1,0,0
N24406,1,0,1,0,0
N24407,1,0,1,0,0
N24408,1,0,1,0,0
N24409,1,0,1,0,0
N24410,1,0,1,0,0
N24411,1,0,1,0,0
N24412,1,0,1,0,0
N24413,1,0,1,0,0
N24414,1,0,1,0,0
N24415,1,0,1,0,0
N24416,1,0,1,0,0
N24417,1,0,1,0,0
N24418,1,0,1,0,0
N24419,1,0,1,0,0
N24420,1,0,1,0,0
N24421,1,0,1,0,0
N24422,1,0,1,0,0
N24423,1,0,1,0,0
N24424,1,0,1,0,0
N24425,1,0,1,0,0
N24426,1,0,1,0,0
N24427,1,0,1,0,0
N24428,1,0,1,0,0
N24429,1,0,1,0,0
N24430,1,0,1,0,0
N24431,1,0,1,0,0
N24432,1,0,1,0,0
N24433,1,0,1,0,0
N24434,1,0,1,0,0
N24435,1,0,1,0,0
N24436,1,0,1,0,0
N24437,1,0,1,0,0
N24438,1,0,1,0,0
N24439,1,0,1,0,0
N24440,1,0,1,0,0
N24441,1,0,1,0,0
N24442,1,0,1,0,0
N24474,1,0,1,0,0
N24475,1,0,1,0,0
N24481,1,1,0,0,0
N24482,1,1,0,0,0
N24483,1,1,0,0,0
N24484,1,1,0,0,0
N24485,1,1,0,0,0
N24486,1,1,0,0,0
N24487,1,1,0,0,0
N24488,1,1,0,0,0
N24489,1,1,0,0,0
N24490,1,1,0,0,0
N24491,1,1,0,0,0
N24492,1,1,0,0,0
N24493,1,1,0,0,0
N24494,1,1,0,0,0
N24495,1,1,0,0,0
N24496,1,1,0,0,0
N24497,1,1,0,0,0
N24498,1,1,0,0,0
N24499,1,1,0,0,0
N24500,1,1,0,0,0
N24501,1,1,0,0,0
N24502,1,1,0,0,0
N24503,1,1,0,0,0
N24504,1,1,0,0,0
N24507,1,0,1,0,0
N24509,1,0,1,0,0
N24511,1,0,1,0,0
N24521,1,0,1,0,0
N24523,1,0,1,0,0
N24527,1,0,1,0,0
N24529,1,0,1,0,0
N24531,1,0,1,0,0
N24533,1,0,1,0,0
N24535,1,0,1,0,0
N24537,1,0,1,0,0
N24539,1,0,1,0,0
N24541,1,0,1,0,0
N24543,1,0,1,0,0
N24545,1,0,1,0,0
N24549,1,0,1,0,0
N24551,1,0,1,0,0
N24553,1,0,1,0,0
N24555,1,0,1,0,0
N24557,1,0,1,0,0
N24559,1,0,1,0,0
N24561,1,0,1,0,0
N24563,1,0,1,0,0
N24565,1,0,1,0,0
N24567,1,0,1,0,0
N24568,1,0,1,0,0
N24571,1,0,1,0,0
N24574,1,0,1,0,0
N24577,1,0,1,0,0
N24585,1,1,0,0,0
N24586,1,0,1,0,0
N24587,1,0,1,0,0
N24593,1,0,1,0,0
N24597,1,0,1,0,0
N24605,1,0,1,0,0
N24606,1,0,1,0,0
N24607,1,0,1,0,0
N24608,1,0,1,0,0
N24609,1,0,1,0,0
N24610,1,0,1,0,0
N24611,1,0,1,0,0
N24612,1,0,1,0,0
N24613,1,0,1,0,0
N24614,1,0,1,0,0
N24615,1,0,1,0,0
N24616,1,0,1,0,0
N24617,1,0,1,0,0
N24618,1,0,1,0,0
N24619,1,0,1,0,0
N24620,1,0,1,0,0
N24621,1,0,1,0,0
N24622,1,0,1,0,0
N24623,1,0,1,0,0
N24624,1,0,1,0,0
N24625,1,0,1,0,0
N24626,1,0,1,0,0
N24627,1,0,1,0,0
N24628,1,0,1,0,0
N24629,1,0,1,0,0
N24630,1,0,1,0,0
N24631,1,0,1,0,0
N24632,1,0,1,0,0
N24633,1,0,1,0,0
N24634,1,0,1,0,0
N24635,1,0,1,0,0
N24636,1,0,1,0,0
N24637,1,0,1,0,0
N24638,1,0,1,0,0
N24639,1,0,1,0,0
N24640,1,0,1,0,0
N24641,1,0,1,0,0
N24642,1,0,1,0,0
N24643,1,0,1,0,0
N24644,1,0,1,0,0
N24645,1,0,1,0,0
N24646,1,0,1,0,0
N24647,1,0,1,0,0
N24648,1,0,1,0,0
N24649,1,0,1,0,0
N24650,1,0,1,0,0
N24651,1,0,1,0,0
N24652,1,0,1,0,0
N24653,1,0,1,0,0
N24654,1,0,1,0,0
N24655,1,0,1,0,0
N24656,1,0,1,0,0
N24657,1,0,1,0,0
N24689,1,0,1,0,0
N24690,1,0,1,0,0
N24694,1,1,0,0,0
N24695,1,1,0,0,0
N24696,1,1,0,0,0
N24697,1,1,0,0,0
N24698,1,1,0,0,0
N24699,1,1,0,0,0
N24700,1,1,0,0,0
N24701,1,1,0,0,0
N24702,1,1,0,0,0
N24703,1,1,0,0,0
N24704,1,1,0,0,0
N24705,1,1,0,0,0
N24706,1,1,0,0,0
N24707,1,1,0,0,0
N24708,1,1,0,0,0
N24709,1,1,0,0,0
N24710,1,1,0,0,0
N24711,1,1,0,0,0
N24712,1,1,0,0,0
N24713,1,1,0,0,0
N24714,1,1,0,0,0
N24715,1,1,0,0,0
N24716,1,1,0,0,0
N24717,1,1,0,0,0
N24718,1,1,0,0,0
N24719,1,1,0,0,0
N24722,1,0,1,0,0
N24724,1,0,1,0,0
N24726,1,0,1,0,0
N24728,1,0,1,0,0
N24730,1,0,1,0,0
N24736,1,0,1,0,0
N24738,1,0,1,0,0
N24742,1,0,1,0,0
N24744,1,0,1,0,0
N24746,1,0,1,0,0
N24748,1,0,1,0,0
N24750,1,0,1,0,0
N24752,1,0,1,0,0
N24754,1,0,1,0,0
N24756,1,0,1,0,0
N24758,1,0,1,0,0
N24760,1,0,1,0,0
N24764,1,0,1,0,0
N24766,1,0,1,0,0
N24768,1,0,1,0,0
N24770,1,0,1,0,0
N24772,1,0,1,0,0
N24774,1,0,1,0,0
N24776,1,0,1,0,0
N24778,1,0,1,0,0
N24780,1,0,1,0,0
N24782,1,0,1,0,0
N24784,1,0,1,0,0
N24787,1,0,1,0,0
N24821,1,0,1,0,0
N24823,1,0,1,0,0
N24824,1,0,1,0,0
N24826,1,0,1,0,0
N24828,1,0,1,0,0
N24829,1,0,1,0,0
N24831,1,0,1,0,0
N24833,1,0,1,0,0
N24834,1,0,1,0,0
N24837,1,0,1,0,0
N24838,1,0,1,0,0
N24860,1,0,1,0,0
N24862,1,0,1,0,0
N24877,1,0,1,0,0
N24883,1,0,1,0,0
N24885,1,0,1,0,0
N24886,1,0,1,0,0
N24889,1,0,1,0,0
N24890,1,0,1,0,0
N24892,1,0,1,0,0
N24893,1,0,1,0,0
N24894,1,0,1,0,0
N24896,1,0,1,0,0
N24899,1,0,1,0,0
N24901,1,0,1,0,0
N24902,1,0,1,0,0
N24904,1,0,1,0,0
N24905,1,0,1,0,0
N24907,1,0,1,0,0
N24909,1,0,1,0,0
N24910,1,0,1,0,0
N24912,1,0,1,0,0
N24913,1,0,1,0,0
N24915,1,0,1,0,0
N24937,1,0,1,0,0
N24938,1,0,1,0,0
N24939,1,0,1,0,0
N24940,1,0,1,0,0
N24941,1,0,1,0,0
N24942,1,0,1,0,0
N24943,1,0,1,0,0
N24944,1,0,1,0,0
N24953,1,0,1,0,0
N24954,1,1,0,0,0
N24962,1,0,1,0,0
N24966,1,0,1,0,0
N24973,1,0,1,0,0
N24974,1,0,1,0,0
N24985,1,0,1,0,0
N24987,1,0,1,0,0
N24989,1,0,1,0,0
N24998,1,0,1,0,0
N25000,1,1,0,0,0
N25001,1,1,0,0,0
N25002,1,1,0,0,0
N25003,1,1,0,0,0
N25004,1,1,0,0,0
N25005,1,0,1,0,0
N25006,1,1,0,0,0
N25007,1,1,0,0,0
N25009,1,1,0,0,0
N25011,1,1,0,0,0
N25014,1,0,1,0,0
N25017,1,0,1,0,0
N25019,1,0,1,0,0
N25023,1,0,1,0,0
N25025,1,0,1,0,0
N25027,1,0,1,0,0
N25030,1,0,1,0,0
N25032,1,0,1,0,0
N25035,1,0,1,0,0
N25041,1,0,1,0,0
N25044,1,0,1,0,0
N25046,1,0,1,0,0
N25074,1,0,1,0,0
N25076,1,0,1,0,0
N25083,1,0,1,0,0
N25085,1,0,1,0,0
N25087,1,0,1,0,0
N25089,1,0,1,0,0
N25094,1,0,1,0,0
N25096,1,0,1,0,0
N25098,1,0,1,0,0
N25099,1,0,1,0,0
N25105,1,1,0,0,0
N25106,1,1,0,0,0
N25107,1,1,0,0,0
N25109,1,0,1,0,0
N25119,1,1,0,0,0
N25120,1,1,0,0,0
N25122,1,1,0,0,0
N25123,1,1,0,0,0
N25124,1,0,1,0,0
N25125,1,1,0,0,0
N25126,1,0,1,0,0
N25127,1,0,1,0,0
N25128,1,0,1,0,0
N25132,1,0,1,0,0
N25141,1,0,1,0,0
N25143,1,0,1,0,0
N25144,1,0,1,0,0
N25148,1,0,1,0,0
N25149,1,0,1,0,0
N25151,1,0,1,0,0
N25152,1,0,1,0,0
N25153,1,0,1,0,0
N25155,1,0,1,0,0
N25156,1,0,1,0,0
N25157,1,0,1,0,0
N25158,1,0,1,0,0
N25159,1,0,1,0,0
N25160,1,0,1,0,0
N25164,1,0,1,0,0
N25165,1,1,0,0,0
N25169,1,1,0,0,0
N25173,1,0,1,0,0
N25178,1,1,0,0,0
N25185,1,1,0,0,0
N25186,1,0,1,0,0
N25192,1,0,1,0,0
N25202,1,0,1,0,0
N25203,1,0,1,0,0
N25204,1,0,1,0,0
N25205,1,0,1,0,0
N25206,1,0,1,0,0
N25207,1,0,1,0,0
N25217,1,0,1,0,0
N25219,1,0,1,0,0
N25220,1,0,1,0,0
N25224,1,1,0,0,0
N25226,1,0,1,0,0
N25232,1,0,1,0,0
N25233,1,0,1,0,0
N25241,1,0,1,0,0
N25252,1,0,1,0,0
N25266,1,0,1,0,0
N25268,1,0,1,0,0
N25269,1,1,0,0,0
N25275,1,0,1,0,0
N25290,1,0,1,0,0
N25291,1,0,1,0,0
N25292,1,0,1,0,0
N25304,1,0,1,0,0
N25306,1,0,1,0,0
N25307,1,0,1,0,0
N25311,1,0,1,0,0
N25320,1,0,1,0,0
N25321,1,0,1,0,0
N25322,1,0,1,0,0
N25326,1,1,0,0,0
N25339,1,0,1,0,0
N25346,1,0,1,0,0
N25358,1,0,1,0,0
N25359,1,0,1,0,0
N25360,1,0,1,0,0
N25361,1,0,1,0,0
N25362,1,0,1,0,0
N25363,1,0,1,0,0
N25364,1,0,1,0,0
N25365,1,0,1,0,0
N25366,1,0,1,0,0
N25367,1,0,1,0,0
N25368,1,0,1,0,0
N25369,1,0,1,0,0
N25370,1,0,1,0,0
N25371,1,0,1,0,0
N25372,1,0,1,0,0
N25373,1,0,1,0,0
N25374,1,0,1,0,0
N25375,1,0,1,0,0
N25376,1,0,1,0,0
N25377,1,0,1,0,0
N25378,1,0,1,0,0
N25379,1,0,1,0,0
N25380,1,0,1,0,0
N25381,1,0,1,0,0
N25382,1,0,1,0,0
N25383,1,0,1,0,0
N25384,1,0,1,0,0
N25385,1,0,1,0,0
N25386,1,0,1,0,0
N25387,1,0,1,0,0
N25388,1,0,1,0,0
N25389,1,0,1,0,0
N25390,1,0,1,0,0
N25391,1,0,1,0,0
N25392,1,0,1,0,0
N25393,1,0,1,0,0
N25394,1,0,1,0,0
N25395,1,0,1,0,0
N25396,1,0,1,0,0
N25397,1,0,1,0,0
N25398,1,0,1,0,0
N25399,1,0,1,0,0
N25400,1,0,1,0,0
N25401,1,0,1,0,0
N25402,1,0,1,0,0
N25403,1,0,1,0,0
N25404,1,0,1,0,0
N25405,1,0,1,0,0
N25406,1,0,1,0,0
N25407,1,0,1,0,0
N25408,1,0,1,0,0
N25409,1,0,1,0,0
N25410,1,0,1,0,0
N25441,1,0,1,0,0
N25442,1,0,1,0,0
N25445,1,1,0,0,0
N25446,1,1,0,0,0
N25447,1,1,0,0,0
N25448,1,1,0,0,0
N25449,1,1,0,0,0
N25450,1,1,0,0,0
N25451,1,1,0,0,0
N25452,1,1,0,0,0
N25453,1,1,0,0,0
N25454,1,1,0,0,0
N25455,1,1,0,0,0
N25456,1,1,0,0,0
N25457,1,1,0,0,0
N25458,1,1,0,0,0
N25459,1,1,0,0,0
N25460,1,1,0,0,0
N25461,1,1,0,0,0
N25462,1,1,0,0,0
N25463,1,1,0,0,0
N25464,1,1,0,0,0
N25465,1,1,0,0,0
N25466,1,1,0,0,0
N25467,1,1,0,0,0
N25468,1,1,0,0,0
N25469,1,1,0,0,0
N25470,1,1,0,0,0
N25473,1,0,1,0,0
N25475,1,0,1,0,0
N25477,1,0,1,0,0
N25479,1,0,1,0,0
N25481,1,0,1,0,0
N25487,1,0,1,0,0
N25489,1,0,1,0,0
N25493,1,0,1,0,0
N25495,1,0,1,0,0
N25497,1,0,1,0,0
N25499,1,0,1,0,0
N25501,1,0,1,0,0
N25503,1,0,1,0,0
N25505,1,0,1,0,0
N25507,1,0,1,0,0
N25509,1,0,1,0,0
N25511,1,0,1,0,0
N25513,1,0,1,0,0
N25515,1,0,1,0,0
N25517,1,0,1,0,0
N25519,1,0,1,0,0
N25521,1,0,1,0,0
N25523,1,0,1,0,0
N25525,1,0,1,0,0
N25527,1,0,1,0,0
N25529,1,0,1,0,0
N25531,1,0,1,0,0
N25545,1,0,1,0,0
N25546,1,0,1,0,0
N25547,1,0,1,0,0
N25548,1,0,1,0,0
N25549,1,0,1,0,0
N25550,1,0,1,0,0
N25551,1,0,1,0,0
N25552,1,0,1,0,0
N25553,1,0,1,0,0
N25554,1,0,1,0,0
N25555,1,0,1,0,0
N25556,1,0,1,0,0
N25557,1,0,1,0,0
N25558,1,0,1,0,0
N25559,1,0,1,0,0
N25560,1,0,1,0,0
N25561,1,0,1,0,0
N25562,1,0,1,0,0
N25563,1,0,1,0,0
N25564,1,0,1,0,0
N25565,1,0,1,0,0
N25566,1,0,1,0,0
N25567,1,0,1,0,0
N25568,1,0,1,0,0
N25569,1,0,1,0,0
N25570,1,0,1,0,0
N25571,1,0,1,0,0
N25572,1,0,1,0,0
N25573,1,0,1,0,0
N25574,1,0,1,0,0
N25575,1,0,1,0,0
N25576,1,0,1,0,0
N25577,1,0,1,0,0
N25578,1,0,1,0,0
N25579,1,0,1,0,0
N25580,1,0,1,0,0
N25581,1,0,1,0,0
N25582,1,0,1,0,0
N25583,1,0,1,0,0
N25584,1,0,1,0,0
N25585,1,0,1,0,0
N25586,1,0,1,0,0
N25587,1,0,1,0,0
N25588,1,0,1,0,0
N25589,1,0,1,0,0
N25620,1,0,1,0,0
N25621,1,0,1,0,0
N25628,1,1,0,0,0
N25629,1,1,0,0,0
N25630,1,1,0,0,0
N25631,1,1,0,0,0
N25632,1,1,0,0,0
N25633,1,1,0,0,0
N25634,1,1,0,0,0
N25635,1,1,0,0,0
N25636,1,1,0,0,0
N25637,1,1,0,0,0
N25638,1,1,0,0,0
N25639,1,1,0,0,0
N25640,1,1,0,0,0
N25641,1,1,0,0,0
N25642,1,1,0,0,0
N25643,1,1,0,0,0
N25644,1,1,0,0,0
N25645,1,1,0,0,0
N25646,1,1,0,0,0
N25647,1,1,0,0,0
N25648,1,1,0,0,0
N25649,1,1,0,0,0
N25652,1,0,1,0,0
N25658,1,0,1,0,0
N25666,1,0,1,0,0
N25668,1,0,1,0,0
N25672,1,0,1,0,0
N25674,1,0,1,0,0
N25676,1,0,1,0,0
N25678,1,0,1,0,0
N25680,1,0,1,0,0
N25682,1,0,1,0,0
N25684,1,0,1,0,0
N25686,1,0,1,0,0
N25688,1,0,1,0,0
N25690,1,0,1,0,0
N25692,1,0,1,0,0
N25694,1,0,1,0,0
N25696,1,0,1,0,0
N25698,1,0,1,0,0
N25700,1,0,1,0,0
N25702,1,0,1,0,0
N25704,1,0,1,0,0
N25706,1,0,1,0,0
N25708,1,0,1,0,0
N25710,1,0,1,0,0
N25718,1,0,1,0,0
N25719,1,0,1,0,0
N25720,1,0,1,0,0
N25721,1,0,1,0,0
N25722,1,0,1,0,0
N25723,1,0,1,0,0
N25724,1,0,1,0,0
N25733,1,0,1,0,0
N25734,1,0,1,0,0
N25738,1,1,0,0,0
N25739,1,1,0,0,0
N25740,1,1,0,0,0
N25743,1,0,1,0,0
N25745,1,0,1,0,0
N25747,1,0,1,0,0
N25749,1,0,1,0,0
N25753,1,0,1,0,0
N25765,1,0,1,0,0
N25766,1,0,1,0,0
N25789,1,0,1,0,0
N25790,1,0,1,0,0
N25791,1,0,1,0,0
N25792,1,0,1,0,0
N25793,1,0,1,0,0
N25794,1,0,1,0,0
N25795,1,0,1,0,0
N25796,1,0,1,0,0
N25797,1,0,1,0,0
N25798,1,0,1,0,0
N25799,1,0,1,0,0
N25800,1,0,1,0,0
N25801,1,0,1,0,0
N25802,1,0,1,0,0
N25803,1,0,1,0,0
N25804,1,0,1,0,0
N25805,1,0,1,0,0
N25806,1,0,1,0,0
N25807,1,0,1,0,0
N25808,1,0,1,0,0
N25809,1,0,1,0,0
N25810,1,0,1,0,0
N25811,1,0,1,0,0
N25812,1,0,1,0,0
N25813,1,0,1,0,0
N25814,1,0,1,0,0
N25815,1,0,1,0,0
N25816,1,0,1,0,0
N25817,1,0,1,0,0
N25818,1,0,1,0,0
N25819,1,0,1,0,0
N25854,1,0,1,0,0
N25855,1,0,1,0,0
N25871,1,0,1,0,0
N25884,1,1,0,0,0
N25885,1,1,0,0,0
N25886,1,1,0,0,0
N25887,1,1,0,0,0
N25888,1,1,0,0,0
N25889,1,1,0,0,0
N25890,1,1,0,0,0
N25891,1,1,0,0,0
N25892,1,1,0,0,0
N25893,1,1,0,0,0
N25894,1,1,0,0,0
N25895,1,1,0,0,0
N25896,1,1,0,0,0
N25897,1,1,0,0,0
N25898,1,1,0,0,0
N25922,1,0,1,0,0
N25924,1,0,1,0,0
N25933,1,0,1,0,0
N25935,1,0,1,0,0
N25937,1,0,1,0,0
N25939,1,0,1,0,0
N25941,1,0,1,0,0
N25943,1,0,1,0,0
N25945,1,0,1,0,0
N25947,1,0,1,0,0
N25949,1,0,1,0,0
N25951,1,0,1,0,0
N25956,1,0,1,0,0
N25958,1,0,1,0,0
N25960,1,0,1,0,0
N25962,1,0,1,0,0
N25964,1,0,1,0,0
N25987,1,0,1,0,0
N25988,1,0,1,0,0
N25989,1,0,1,0,0
N25990,1,0,1,0,0
N25991,1,0,1,0,0
N25992,1,0,1,0,0
N25993,1,0,1,0,0
N25994,1,0,1,0,0
N25996,1,0,1,0,0
N26002,1,0,1,0,0
N26004,1,1,0,0,0
N26005,1,0,1,0,0
N26007,1,0,1,0,0
N26008,1,0,1,0,0
N26009,1,1,0,0,0
N26010,1,0,1,0,0
N26011,1,0,1,0,0
N26012,1,1,0,0,0
N26013,1,0,1,0,0
N26014,1,0,1,0,0
N26015,1,0,1,0,0
N26016,1,0,1,0,0
N26017,1,0,1,0,0
N26018,1,0,1,0,0
N26019,1,0,1,0,0
N26020,1,0,1,0,0
N26021,1,0,1,0,0
N26022,1,0,1,0,0
N26023,1,0,1,0,0
N26024,1,1,0,0,0
N26025,1,0,1,0,0
N26027,1,1,0,0,0
N26029,1,0,1,0,0
N26031,1,0,1,0,0
N26033,1,0,1,0,0
N26035,1,0,1,0,0
N26037,1,0,1,0,0
N26039,1,0,1,0,0
N26041,1,0,1,0,0
N26043,1,0,1,0,0
N26045,1,0,1,0,0
N26047,1,0,1,0,0
N26049,1,0,1,0,0
N26051,1,0,1,0,0
N26052,1,0,1,0,0
N26056,1,1,0,0,0
N26057,1,0,1,0,0
N26058,1,1,0,0,0
N26059,1,0,1,0,0
N26060,1,0,1,0,0
N26085,1,0,1,0,0
N26086,1,1,0,0,0
N26089,1,0,1,0,0
N26094,1,0,1,0,0
N26098,1,0,1,0,0
N26099,1,0,1,0,0
N26100,1,1,0,0,0
N26101,1,0,1,0,0
N26102,1,1,0,0,0
N26103,1,0,1,0,0
N26104,1,1,0,0,0
N26105,1,0,1,0,0
N26106,1,1,0,0,0
N26107,1,0,1,0,0
N26108,1,1,0,0,0
N26109,1,0,1,0,0
N26110,1,1,0,0,0
N26111,1,0,1,0,0
N26112,1,1,0,0,0
N26113,1,0,1,0,0
N26114,1,1,0,0,0
N26115,1,0,1,0,0
N26116,1,1,0,0,0
N26117,1,0,1,0,0
N26119,1,0,1,0,0
N26120,1,1,0,0,0
N26121,1,0,1,0,0
N26122,1,1,0,0,0
N26123,1,0,1,0,0
N26124,1,1,0,0,0
N26125,1,0,1,0,0
N26126,1,1,0,0,0
N26129,1,0,1,0,0
N26130,1,1,0,0,0
N26132,1,0,1,0,0
N26133,1,0,1,0,0
N26135,1,0,1,0,0
N26136,1,1,0,0,0
N26140,1,0,1,0,0
N26147,1,0,1,0,0
N26149,1,0,1,0,0
N26150,1,0,1,0,0
N26151,1,0,1,0,0
N26152,1,0,1,0,0
N26154,1,0,1,0,0
N26155,1,0,1,0,0
N26157,1,0,1,0,0
N26158,1,0,1,0,0
N26160,1,0,1,0,0
N26161,1,0,1,0,0
N26162,1,0,1,0,0
N26163,1,0,1,0,0
N26164,1,0,1,0,0
N26165,1,0,1,0,0
N26167,1,0,1,0,0
N26169,1,0,1,0,0
N26170,1,0,1,0,0
N26171,1,0,1,0,0
N26172,1,0,1,0,0
N26174,1,0,1,0,0
N26175,1,0,1,0,0
N26176,1,0,1,0,0
N26178,1,0,1,0,0
N26179,1,0,1,0,0
N26180,1,0,1,0,0
N26181,1,0,1,0,0
N26183,1,0,1,0,0
N26184,1,0,1,0,0
N26186,1,0,1,0,0
N26187,1,0,1,0,0
N26188,1,0,1,0,0
N26189,1,0,1,0,0
N26190,1,0,1,0,0
N26191,1,0,1,0,0
N26192,1,0,1,0,0
N26194,1,0,1,0,0
N26195,1,0,1,0,0
N26197,1,0,1,0,0
N26198,1,0,1,0,0
N26200,1,0,1,0,0
N26201,1,0,1,0,0
N26202,1,0,1,0,0
N26203,1,0,1,0,0
N26204,1,0,1,0,0
N26205,1,0,1,0,0
N26206,1,0,1,0,0
N26207,1,0,1,0,0
N26208,1,0,1,0,0
N26209,1,0,1,0,0
N26210,1,0,1,0,0
N26211,1,0,1,0,0
N26212,1,0,1,0,0
N26213,1,0,1,0,0
N26214,1,0,1,0,0
N26215,1,0,1,0,0
N26216,1,0,1,0,0
N26217,1,0,1,0,0
N26218,1,0,1,0,0
N26219,1,0,1,0,0
N26220,1,0,1,0,0
N26221,1,0,1,0,0
N26222,1,0,1,0,0
N26223,1,0,1,0,0
N26224,1,0,1,0,0
N26225,1,0,1,0,0
N26226,1,0,1,0,0
N26227,1,0,1,0,0
N26228,1,0,1,0,0
N26229,1,0,1,0,0
N26230,1,0,1,0,0
N26231,1,0,1,0,0
N26232,1,0,1,0,0
N26233,1,0,1,0,0
N26234,1,0,1,0,0
N26235,1,0,1,0,0
N26236,1,0,1,0,0
N26237,1,0,1,0,0
N26238,1,0,1,0,0
N26239,1,0,1,0,0
N26240,1,0,1,0,0
N26241,1,0,1,0,0
N26242,1,0,1,0,0
N26243,1,0,1,0,0
N26244,1,0,1,0,0
N26245,1,0,1,0,0
N26246,1,0,1,0,0
N26247,1,0,1,0,0
N26248,1,0,1,0,0
N26249,1,0,1,0,0
N26250,1,0,1,0,0
N26251,1,0,1,0,0
N26252,1,0,1,0,0
N26253,1,0,1,0,0
N26254,1,0,1,0,0
N26255,1,0,1,0,0
N26258,1,0,1,0,0
N26260,1,0,1,0,0
N26261,1,0,1,0,0
N26262,1,0,1,0,0
N26263,1,0,1,0,0
N26265,1,0,1,0,0
N26266,1,0,1,0,0
N26267,1,0,1,0,0
N26269,1,0,1,0,0
N26270,1,0,1,0,0
N26271,1,0,1,0,0
N26272,1,0,1,0,0
N26274,1,0,1,0,0
N26275,1,0,1,0,0
N26276,1,0,1,0,0
N26277,1,0,1,0,0
N26278,1,0,1,0,0
N26279,1,0,1,0,0
N26282,1,0,1,0,0
N26283,1,0,1,0,0
N26284,1,0,1,0,0
N26286,1,0,1,0,0
N26288,1,0,1,0,0
N26291,1,0,1,0,0
N26293,1,0,1,0,0
N26295,1,0,1,0,0
N26298,1,0,1,0,0
N26299,1,0,1,0,0
N26300,1,0,1,0,0
N26302,1,0,1,0,0
N26314,1,0,1,0,0
N26315,1,0,1,0,0
N26316,1,0,1,0,0
N26325,1,0,1,0,0
N26326,1,0,1,0,0
N26330,1,0,1,0,0
N26332,1,0,1,0,0
N26333,1,0,1,0,0
N26335,1,0,1,0,0
N26337,1,0,1,0,0
N26339,1,0,1,0,0
N26340,1,0,1,0,0
N26341,1,0,1,0,0
N26344,1,0,1,0,0
N26346,1,0,1,0,0
N26347,1,0,1,0,0
N26348,1,0,1,0,0
N26351,1,0,1,0,0
N26353,1,0,1,0,0
N26354,1,0,1,0,0
N26355,1,0,1,0,0
N26358,1,0,1,0,0
N26360,1,0,1,0,0
N26361,1,0,1,0,0
N26362,1,0,1,0,0
N26365,1,0,1,0,0
N26367,1,0,1,0,0
N26368,1,0,1,0,0
N26369,1,0,1,0,0
N26372,1,0,1,0,0
N26374,1,0,1,0,0
N26375,1,0,1,0,0
N26376,1,0,1,0,0
N26379,1,0,1,0,0
N26381,1,0,1,0,0
N26382,1,0,1,0,0
N26383,1,0,1,0,0
N26386,1,0,1,0,0
N26388,1,0,1,0,0
N26389,1,0,1,0,0
N26390,1,0,1,0,0
N26393,1,0,1,0,0
N26396,1,0,1,0,0
N26399,1,0,1,0,0
N26400,1,0,1,0,0
N26401,1,0,1,0,0
N26402,1,0,1,0,0
N26405,1,0,1,0,0
N26407,1,0,1,0,0
N26408,1,0,1,0,0
N26409,1,0,1,0,0
N26412,1,0,1,0,0
N26414,1,0,1,0,0
N26415,1,0,1,0,0
N26416,1,0,1,0,0
N26419,1,0,1,0,0
N26421,1,0,1,0,0
N26422,1,0,1,0,0
N26423,1,0,1,0,0
N26426,1,0,1,0,0
N26429,1,0,1,0,0
N26431,1,0,1,0,0
N26433,1,0,1,0,0
N26436,1,0,1,0,0
N26437,1,0,1,0,0
N26438,1,0,1,0,0
N26440,1,0,1,0,0
N26442,1,0,1,0,0
N26445,1,0,1,0,0
N26447,1,0,1,0,0
N26449,1,0,1,0,0
N26462,1,0,1,0,0
N26463,1,0,1,0,0
N26464,1,0,1,0,0
N26465,1,0,1,0,0
N26466,1,0,1,0,0
N26475,1,0,1,0,0
N26476,1,0,1,0,0
N26481,1,1,0,0,0
N26482,1,1,0,0,0
N26485,1,0,1,0,0
N26487,1,0,1,0,0
N26497,1,0,1,0,0
N26499,1,0,1,0,0
N26502,1,1,0,0,0
N26503,1,1,0,0,0
N26504,1,1,0,0,0
N26505,1,1,0,0,0
N26506,1,1,0,0,0
N26509,1,1,0,0,0
N26510,1,1,0,0,0
N26511,1,1,0,0,0
N26512,1,1,0,0,0
N26513,1,1,0,0,0
N26514,1,1,0,0,0
N26515,1,1,0,0,0
N26516,1,1,0,0,0
N26518,1,1,0,0,0
N26521,1,0,1,0,0
N26523,1,0,1,0,0
N26524,1,0,1,0,0
N26525,1,0,1,0,0
N26526,1,0,1,0,0
N26527,1,0,1,0,0
N26528,1,0,1,0,0
N26529,1,0,1,0,0
N26530,1,0,1,0,0
N26531,1,0,1,0,0
N26532,1,0,1,0,0
N26535,1,0,1,0,0
N26536,1,0,1,0,0
N26537,1,0,1,0,0
N26548,1,0,1,0,0
N26549,1,0,1,0,0
N26552,1,0,1,0,0
N26553,1,0,1,0,0
N26554,1,0,1,0,0
N26555,1,0,1,0,0
N26556,1,0,1,0,0
N26557,1,0,1,0,0
N26558,1,0,1,0,0
N26559,1,0,1,0,0
N26560,1,0,1,0,0
N26561,1,0,1,0,0
N26562,1,0,1,0,0
N26563,1,0,1,0,0
N26564,1,1,0,0,0
N26596,1,0,1,0,0
N26605,1,0,1,0,0
N26606,1,0,1,0,0
N26607,1,0,1,0,0
N26608,1,0,1,0,0
N26609,1,1,0,0,0
N26610,1,0,1,0,0
N26618,1,0,1,0,0
N26629,1,0,1,0,0
N26633,1,0,1,0,0
N26638,1,0,1,0,0
N26639,1,0,1,0,0
N26640,1,0,1,0,0
N26641,1,0,1,0,0
N26642,1,0,1,0,0
N26643,1,0,1,0,0
N26644,1,0,1,0,0
N26645,1,0,1,0,0
N26646,1,0,1,0,0
N26647,1,0,1,0,0
N26648,1,0,1,0,0
N26649,1,0,1,0,0
N26650,1,0,1,0,0
N26651,1,0,1,0,0
N26652,1,0,1,0,0
N26653,1,0,1,0,0
N26654,1,0,1,0,0
N26659,1,0,1,0,0
N26663,1,0,1,0,0
N26667,1,0,1,0,0
N26668,1,0,1,0,0
N26670,1,0,1,0,0
N26671,1,0,1,0,0
N26672,1,0,1,0,0
N26673,1,0,1,0,0
N26674,1,0,1,0,0
N26675,1,0,1,0,0
N26676,1,0,1,0,0
N26677,1,0,1,0,0
N26678,1,0,1,0,0
N26679,1,0,1,0,0
N26681,1,0,1,0,0
N26683,1,0,1,0,0
N26684,1,0,1,0,0
N26693,1,0,1,0,0
N26695,1,0,1,0,0
N26697,1,0,1,0,0
N26699,1,0,1,0,0
N26702,1,0,1,0,0
N26717,1,0,1,0,0
N26718,1,0,1,0,0
N26719,1,0,1,0,0
N26722,1,0,1,0,0
N26723,1,0,1,0,0
N26727,1,0,1,0,0
N26729,1,0,1,0,0
N26730,1,0,1,0,0
N26734,1,0,1,0,0
N26736,1,0,1,0,0
N26737,1,0,1,0,0
N26744,1,0,1,0,0
N26751,1,0,1,0,0
N26758,1,0,1,0,0
N26764,1,0,1,0,0
N26765,1,0,1,0,0
N26769,1,0,1,0,0
N26771,1,0,1,0,0
N26773,1,0,1,0,0
N26775,1,0,1,0,0
N26782,1,0,1,0,0
N26784,1,0,1,0,0
N26786,1,0,1,0,0
N26788,1,0,1,0,0
N26790,1,0,1,0,0
N26792,1,0,1,0,0
N26794,1,0,1,0,0
N26796,1,0,1,0,0
N26798,1,0,1,0,0
N26800,1,0,1,0,0
N26803,1,0,1,0,0
N26805,1,0,1,0,0
N26809,1,0,1,0,0
N26812,1,0,1,0,0
N26816,1,0,1,0,0
N26819,1,0,1,0,0
N26832,1,0,1,0,0
N26834,1,0,1,0,0
N26837,1,0,1,0,0
N26840,1,0,1,0,0
N26870,1,0,1,0,0
N26871,1,0,1,0,0
N26872,1,0,1,0,0
N26873,1,0,1,0,0
N26874,1,0,1,0,0
N26875,1,0,1,0,0
N26876,1,0,1,0,0
N26877,1,0,1,0,0
N26878,1,0,1,0,0
N26879,1,0,1,0,0
N26880,1,0,1,0,0
N26881,1,0,1,0,0
N26882,1,0,1,0,0
N26883,1,0,1,0,0
N26884,1,0,1,0,0
N26885,1,0,1,0,0
N26886,1,0,1,0,0
N26887,1,0,1,0,0
N26888,1,0,1,0,0
N26889,1,0,1,0,0
N26890,1,0,1,0,0
N26891,1,0,1,0,0
N26892,1,0,1,0,0
N26893,1,0,1,0,0
N26894,1,0,1,0,0
N26895,1,0,1,0,0
N26896,1,0,1,0,0
N26897,1,0,1,0,0
N26898,1,0,1,0,0
N26899,1,0,1,0,0
N26900,1,0,1,0,0
N26932,1,0,1,0,0
N26933,1,0,1,0,0
N26948,1,1,0,0,0
N26949,1,1,0,0,0
N26950,1,1,0,0,0
N26951,1,1,0,0,0
N26952,1,1,0,0,0
N26953,1,1,0,0,0
N26954,1,1,0,0,0
N26955,1,1,0,0,0
N26956,1,1,0,0,0
N26957,1,1,0,0,0
N26958,1,1,0,0,0
N26959,1,1,0,0,0
N26960,1,1,0,0,0
N26961,1,1,0,0,0
N26962,1,1,0,0,0
N26979,1,0,1,0,0
N26981,1,0,1,0,0
N26985,1,0,1,0,0
N26987,1,0,1,0,0
N26989,1,0,1,0,0
N26991,1,0,1,0,0
N26993,1,0,1,0,0
N26995,1,0,1,0,0
N26997,1,0,1,0,0
N26999,1,0,1,0,0
N27001,1,0,1,0,0
N27003,1,0,1,0,0
N27007,1,0,1,0,0
N27009,1,0,1,0,0
N27011,1,0,1,0,0
N27013,1,0,1,0,0
N27017,1,0,1,0,0
N27052,1,0,1,0,0
N27053,1,0,1,0,0
N27054,1,0,1,0,0
N27055,1,0,1,0,0
N27056,1,0,1,0,0
N27057,1,0,1,0,0
N27058,1,0,1,0,0
N27059,1,0,1,0,0
N27060,1,0,1,0,0
N27061,1,0,1,0,0
N27062,1,0,1,0,0
N27063,1,0,1,0,0
N27064,1,0,1,0,0
N27065,1,0,1,0,0
N27066,1,0,1,0,0
N27067,1,0,1,0,0
N27068,1,0,1,0,0
N27069,1,0,1,0,0
N27070,1,0,1,0,0
N27071,1,0,1,0,0
N27072,1,0,1,0,0
N27073,1,0,1,0,0
N27074,1,0,1,0,0
N27075,1,0,1,0,0
N27076,1,0,1,0,0
N27077,1,0,1,0,0
N27078,1,0,1,0,0
N27079,1,0,1,0,0
N27080,1,0,1,0,0
N27081,1,0,1,0,0
N27082,1,0,1,0,0
N27083,1,0,1,0,0
N27084,1,0,1,0,0
N2711,1,0,1,0,0
N27116,1,0,1,0,0
N27117,1,0,1,0,0
N27130,1,1,0,0,0
N27131,1,1,0,0,0
N27132,1,1,0,0,0
N27133,1,1,0,0,0
N27134,1,1,0,0,0
N27135,1,1,0,0,0
N27136,1,1,0,0,0
N27137,1,1,0,0,0
N27138,1,1,0,0,0
N27139,1,1,0,0,0
N27140,1,1,0,0,0
N27141,1,1,0,0,0
N27142,1,1,0,0,0
N27143,1,1,0,0,0
N27144,1,1,0,0,0
N27145,1,1,0,0,0
N27162,1,0,1,0,0
N27164,1,0,1,0,0
N27168,1,0,1,0,0
N27170,1,0,1,0,0
N27172,1,0,1,0,0
N27174,1,0,1,0,0
N27176,1,0,1,0,0
N27178,1,0,1,0,0
N27180,1,0,1,0,0
N27182,1,0,1,0,0
N27184,1,0,1,0,0
N27186,1,0,1,0,0
N27188,1,0,1,0,0
N27190,1,0,1,0,0
N27192,1,0,1,0,0
N27194,1,0,1,0,0
N27196,1,0,1,0,0
N27213,1,0,1,0,0
N27227,1,1,0,0,0
N27240,1,1,0,0,0
N27250,1,1,0,0,0
N27257,1,0,1,0,0
N27276,1,0,1,0,0
N27278,1,0,1,0,0
N27280,1,0,1,0,0
N27282,1,0,1,0,0
N27284,1,0,1,0,0
N27285,1,0,1,0,0
N27300,1,0,1,0,0
N27301,1,0,1,0,0
N27302,1,0,1,0,0
N27303,1,0,1,0,0
N27304,1,0,1,0,0
N27305,1,0,1,0,0
N27307,1,0,1,0,0
N27310,1,0,1,0,0
N27312,1,0,1,0,0
N27345,1,1,0,0,0
N27346,1,1,0,0,0
N27347,1,1,0,0,0
N27348,1,1,0,0,0
N27349,1,1,0,0,0
N27350,1,1,0,0,0
N27351,1,1,0,0,0
N27352,1,1,0,0,0
N27353,1,1,0,0,0
N27354,1,1,0,0,0
N27355,1,1,0,0,0
N27356,1,1,0,0,0
N27357,1,1,0,0,0
N27358,1,1,0,0,0
N27359,1,1,0,0,0
N27360,1,1,0,0,0
N27361,1,1,0,0,0
N27362,1,1,0,0,0
N27363,1,1,0,0,0
N27364,1,1,0,0,0
N27365,1,1,0,0,0
N27366,1,1,0,0,0
N27367,1,0,1,0,0
N27368,1,0,1,0,0
N27369,1,0,1,0,0
N27371,1,0,1,0,0
N27372,1,0,1,0,0
N27373,1,0,1,0,0
N27374,1,0,1,0,0
N27375,1,0,1,0,0
N27376,1,0,1,0,0
N27377,1,0,1,0,0
N27378,1,0,1,0,0
N27379,1,0,1,0,0
N27380,1,0,1,0,0
N27381,1,0,1,0,0
N27382,1,0,1,0,0
N27383,1,0,1,0,0
N27384,1,0,1,0,0
N27385,1,0,1,0,0
N27386,1,0,1,0,0
N27387,1,0,1,0,0
N27388,1,0,1,0,0
N27389,1,0,1,0,0
N27390,1,0,1,0,0
N27399,1,0,1,0,0
N27400,1,0,1,0,0
N27401,1,0,1,0,0
N27402,1,0,1,0,0
N27403,1,0,1,0,0
N27404,1,0,1,0,0
N27405,1,0,1,0,0
N27406,1,0,1,0,0
N27407,1,0,1,0,0
N27408,1,0,1,0,0
N27439,1,0,1,0,0
N27467,1,0,1,0,0
N27471,1,0,1,0,0
N27475,1,0,1,0,0
N27477,1,0,1,0,0
N27479,1,0,1,0,0
N27481,1,0,1,0,0
N27483,1,0,1,0,0
N27484,1,0,1,0,0
N27485,1,0,1,0,0
N27486,1,0,1,0,0
N27487,1,0,1,0,0
N27488,1,0,1,0,0
N27489,1,0,1,0,0
N27490,1,0,1,0,0
N27491,1,0,1,0,0
N27492,1,0,1,0,0
N27493,1,0,1,0,0
N27494,1,0,1,0,0
N27495,1,0,1,0,0
N27496,1,0,1,0,0
N27497,1,0,1,0,0
N27498,1,0,1,0,0
N27499,1,0,1,0,0
N27500,1,0,1,0,0
N27501,1,0,1,0,0
N27502,1,0,1,0,0
N27503,1,0,1,0,0
N27504,1,0,1,0,0
N27505,1,0,1,0,0
N27506,1,0,1,0,0
N27507,1,0,1,0,0
N27509,1,0,1,0,0
N27512,1,0,1,0,0
N27517,1,0,1,0,0
N27521,1,0,1,0,0
N27524,1,0,1,0,0
N27528,1,0,1,0,0
N27531,1,0,1,0,0
N27538,1,0,1,0,0
N27551,1,0,1,0,0
N27560,1,0,1,0,0
N27562,1,0,1,0,0
N27564,1,0,1,0,0
N27566,1,0,1,0,0
N27568,1,0,1,0,0
N27570,1,0,1,0,0
N27572,1,0,1,0,0
N27574,1,0,1,0,0
N27576,1,0,1,0,0
N27578,1,0,1,0,0
N27584,1,0,1,0,0
N27585,1,0,1,0,0
N27587,1,0,1,0,0
N27589,1,0,1,0,0
N27591,1,0,1,0,0
N27593,1,0,1,0,0
N27595,1,0,1,0,0
N27597,1,0,1,0,0
N27599,1,0,1,0,0
N27601,1,0,1,0,0
N27603,1,0,1,0,0
N27618,1,0,1,0,0
N27619,1,0,1,0,0
N27632,1,0,1,0,0
N27634,1,1,0,0,0
N27644,1,0,1,0,0
N27645,1,0,1,0,0
N27653,1,0,1,0,0
N27677,1,0,1,0,0
N27697,1,0,1,0,0
N27744,1,0,1,0,0
N27784,1,0,1,0,0
N27785,1,0,1,0,0
N27786,1,0,1,0,0
N27787,1,0,1,0,0
N27788,1,0,1,0,0
N27789,1,0,1,0,0
N27790,1,0,1,0,0
N27791,1,0,1,0,0
N27792,1,0,1,0,0
N27793,1,0,1,0,0
N27794,1,0,1,0,0
N27795,1,0,1,0,0
N27796,1,0,1,0,0
N27797,1,0,1,0,0
N27798,1,0,1,0,0
N27799,1,0,1,0,0
N27800,1,0,1,0,0
N27801,1,0,1,0,0
N27802,1,0,1,0,0
N27834,1,1,0,0,0
N27849,1,1,0,0,0
N27850,1,1,0,0,0
N27851,1,1,0,0,0
N27852,1,1,0,0,0
N27853,1,1,0,0,0
N27854,1,1,0,0,0
N27855,1,1,0,0,0
N27856,1,1,0,0,0
N27858,1,1,0,0,0
N27862,1,0,1,0,0
N27864,1,0,1,0,0
N27866,1,0,1,0,0
N27868,1,0,1,0,0
N27870,1,0,1,0,0
N27872,1,0,1,0,0
N27874,1,0,1,0,0
N27876,1,0,1,0,0
N27878,1,0,1,0,0
N27882,1,0,1,0,0
N27891,1,0,1,0,0
N27892,1,0,1,0,0
N27894,1,0,1,0,0
N27896,1,0,1,0,0
N27898,1,0,1,0,0
N27900,1,0,1,0,0
N27902,1,0,1,0,0
N27906,1,0,1,0,0
N27908,1,0,1,0,0
N27910,1,0,1,0,0
N27912,1,0,1,0,0
N27914,1,0,1,0,0
N27966,1,0,1,0,0
N27969,1,0,1,0,0
N27972,1,0,1,0,0
N27979,1,0,1,0,0
N27982,1,0,1,0,0
N27989,1,0,1,0,0
N27992,1,1,0,0,0
N28032,1,0,1,0,0
N28034,1,0,1,0,0
N28035,1,0,1,0,0
N28036,1,0,1,0,0
N28037,1,0,1,0,0
N28038,1,0,1,0,0
N28039,1,0,1,0,0
N28040,1,0,1,0,0
N28041,1,0,1,0,0
N28042,1,0,1,0,0
N28043,1,0,1,0,0
N28044,1,0,1,0,0
N28045,1,0,1,0,0
N28046,1,0,1,0,0
N28047,1,0,1,0,0
N28048,1,0,1,0,0
N28049,1,0,1,0,0
N28051,1,0,1,0,0
N28053,1,0,1,0,0
N28054,1,0,1,0,0
N28055,1,0,1,0,0
N28072,1,0,1,0,0
N28125,1,0,1,0,0
N28146,1,0,1,0,0
N28149,1,0,1,0,0
N28153,1,0,1,0,0
N28154,1,0,1,0,0
N28156,1,0,1,0,0
N28160,1,0,1,0,0
N28161,1,0,1,0,0
N28163,1,0,1,0,0
N28167,1,0,1,0,0
N28168,1,0,1,0,0
N28170,1,0,1,0,0
N28174,1,0,1,0,0
N28175,1,0,1,0,0
N28177,1,0,1,0,0
N28179,1,0,1,0,0
N28181,1,0,1,0,0
N28182,1,0,1,0,0
N28184,1,0,1,0,0
N28185,1,0,1,0,0
N28187,1,0,1,0,0
N28191,1,0,1,0,0
N28192,1,0,1,0,0
N28194,1,0,1,0,0
N28198,1,0,1,0,0
N28199,1,0,1,0,0
N28201,1,0,1,0,0
N28203,1,0,1,0,0
N28207,1,0,1,0,0
N28208,1,0,1,0,0
N28210,1,0,1,0,0
N28211,1,0,1,0,0
N28213,1,0,1,0,0
N28215,1,0,1,0,0
N28217,1,0,1,0,0
N28218,1,0,1,0,0
N28219,1,0,1,0,0
N28235,1,0,1,0,0
N28237,1,0,1,0,0
N28239,1,0,1,0,0
N28241,1,0,1,0,0
N28243,1,1,0,0,0
N28245,1,0,1,0,0
N28247,1,0,1,0,0
N28249,1,0,1,0,0
N28251,1,0,1,0,0
N28252,1,0,1,0,0
N28254,1,0,1,0,0
N28256,1,0,1,0,0
N28257,1,0,1,0,0
N28264,1,0,1,0,0
N28306,1,0,1,0,0
N28310,1,0,1,0,0
N28311,1,0,1,0,0
N28312,1,0,1,0,0
N28313,1,0,1,0,0
N28316,1,0,1,0,0
N28327,1,0,1,0,0
N28330,1,0,1,0,0
N28334,1,0,1,0,0
N28337,1,0,1,0,0
N28341,1,0,1,0,0
N28344,1,0,1,0,0
N28348,1,0,1,0,0
N28351,1,0,1,0,0
N28355,1,0,1,0,0
N28358,1,0,1,0,0
N28362,1,0,1,0,0
N28365,1,0,1,0,0
N28369,1,0,1,0,0
N28372,1,0,1,0,0
N28376,1,0,1,0,0
N28379,1,0,1,0,0
N28383,1,0,1,0,0
N28386,1,0,1,0,0
N28390,1,0,1,0,0
N28393,1,0,1,0,0
N28398,1,0,1,0,0
N28402,1,0,1,0,0
N28405,1,0,1,0,0
N28409,1,0,1,0,0
N28412,1,0,1,0,0
N28416,1,0,1,0,0
N28419,1,0,1,0,0
N28423,1,0,1,0,0
N28426,1,0,1,0,0
N28430,1,0,1,0,0
N28433,1,0,1,0,0
N28437,1,0,1,0,0
N28440,1,0,1,0,0
N28444,1,0,1,0,0
N28447,1,0,1,0,0
N28451,1,0,1,0,0
N28454,1,0,1,0,0
N28458,1,0,1,0,0
N28461,1,0,1,0,0
N28465,1,0,1,0,0
N28468,1,0,1,0,0
N28478,1,0,1,0,0
N28484,1,0,1,0,0
N2849,1,1,0,0,0
N28491,1,1,0,0,0
N28494,1,1,0,0,0
N28495,1,1,0,0,0
N28498,1,0,1,0,0
N28499,1,0,1,0,0
N28512,1,0,1,0,0
N28514,1,0,1,0,0
N28515,1,0,1,0,0
N28517,1,0,1,0,0
N28519,1,0,1,0,0
N28520,1,0,1,0,0
N28522,1,0,1,0,0
N28523,1,0,1,0,0
N28524,1,0,1,0,0
N28525,1,0,1,0,0
N28526,1,0,1,0,0
N28537,1,0,1,0,0
N28551,1,0,1,0,0
N28552,1,0,1,0,0
N28553,1,0,1,0,0
N28554,1,0,1,0,0
N28555,1,0,1,0,0
N28556,1,0,1,0,0
N28557,1,0,1,0,0
N28558,1,0,1,0,0
N28559,1,0,1,0,0
N28560,1,0,1,0,0
N28561,1,0,1,0,0
N28562,1,0,1,0,0
N28563,1,0,1,0,0
N28564,1,0,1,0,0
N28565,1,0,1,0,0
N28566,1,0,1,0,0
N28567,1,0,1,0,0
N28568,1,0,1,0,0
N28569,1,0,1,0,0
N28570,1,0,1,0,0
N28571,1,0,1,0,0
N28572,1,0,1,0,0
N28573,1,0,1,0,0
N28574,1,0,1,0,0
N28575,1,0,1,0,0
N28576,1,0,1,0,0
N28577,1,0,1,0,0
N28578,1,0,1,0,0
N28579,1,0,1,0,0
N28580,1,0,1,0,0
N28581,1,0,1,0,0
N28582,1,0,1,0,0
N28583,1,0,1,0,0
N28584,1,0,1,0,0
N28585,1,0,1,0,0
N28586,1,0,1,0,0
N28587,1,0,1,0,0
N28588,1,0,1,0,0
N28589,1,0,1,0,0
N2859,1,1,0,0,0
N28590,1,0,1,0,0
N28591,1,0,1,0,0
N28622,1,0,1,0,0
N28623,1,0,1,0,0
N28635,1,1,0,0,0
N28636,1,1,0,0,0
N28637,1,1,0,0,0
N28638,1,1,0,0,0
N28639,1,1,0,0,0
N28640,1,1,0,0,0
N28641,1,1,0,0,0
N28642,1,1,0,0,0
N28643,1,1,0,0,0
N28644,1,1,0,0,0
N28645,1,1,0,0,0
N28646,1,1,0,0,0
N28647,1,1,0,0,0
N28648,1,1,0,0,0
N28649,1,1,0,0,0
N28650,1,1,0,0,0
N28651,1,1,0,0,0
N28652,1,1,0,0,0
N28653,1,1,0,0,0
N28654,1,1,0,0,0
N28658,1,0,1,0,0
N28660,1,0,1,0,0
N28662,1,0,1,0,0
N28664,1,0,1,0,0
N28666,1,0,1,0,0
N28668,1,0,1,0,0
N28670,1,0,1,0,0
N28672,1,0,1,0,0
N28674,1,0,1,0,0
N28676,1,0,1,0,0
N28678,1,0,1,0,0
N28680,1,0,1,0,0
N28682,1,0,1,0,0
N28686,1,0,1,0,0
N28688,1,0,1,0,0
N28692,1,0,1,0,0
N28694,1,0,1,0,0
N28696,1,0,1,0,0
N2870,1,0,1,0,0
N28700,1,0,1,0,0
N28706,1,0,1,0,0
N28708,1,0,1,0,0
N28710,1,0,1,0,0
N28712,1,0,1,0,0
N28714,1,0,1,0,0
N28716,1,0,1,0,0
N28718,1,0,1,0,0
N28726,1,0,1,0,0
N28736,1,0,1,0,0
N28737,1,0,1,0,0
N28738,1,0,1,0,0
N28741,1,0,1,0,0
N28742,1,0,1,0,0
N28743,1,0,1,0,0
N28744,1,0,1,0,0
N28745,1,0,1,0,0
N28746,1,0,1,0,0
N28747,1,0,1,0,0
N28748,1,0,1,0,0
N28749,1,0,1,0,0
N28750,1,0,1,0,0
N28751,1,0,1,0,0
N28752,1,0,1,0,0
N28755,1,0,1,0,0
N28756,1,0,1,0,0
N28757,1,0,1,0,0
N28758,1,0,1,0,0
N28759,1,0,1,0,0
N28760,1,0,1,0,0
N28761,1,0,1,0,0
N28762,1,0,1,0,0
N28763,1,0,1,0,0
N28764,1,0,1,0,0
N28765,1,0,1,0,0
N28770,1,0,1,0,0
N28772,1,0,1,0,0
N28773,1,0,1,0,0
N28780,1,0,1,0,0
N28802,1,1,0,0,0
N28803,1,1,0,0,0
N28804,1,1,0,0,0
N28805,1,0,1,0,0
N28807,1,0,1,0,0
N28813,1,1,0,0,0
N28814,1,1,0,0,0
N28815,1,1,0,0,0
N28816,1,1,0,0,0
N28817,1,1,0,0,0
N28818,1,1,0,0,0
N28819,1,1,0,0,0
N28820,1,1,0,0,0
N28821,1,1,0,0,0
N28825,1,0,1,0,0
N28826,1,0,1,0,0
N28827,1,0,1,0,0
N28829,1,0,1,0,0
N28831,1,0,1,0,0
N28833,1,0,1,0,0
N28835,1,0,1,0,0
N28837,1,0,1,0,0
N28839,1,0,1,0,0
N28841,1,0,1,0,0
N28842,1,0,1,0,0
N28843,1,0,1,0,0
N28847,1,0,1,0,0
N28849,1,0,1,0,0
N28853,1,0,1,0,0
N28857,1,0,1,0,0
N28858,1,0,1,0,0
N28859,1,0,1,0,0
N28861,1,0,1,0,0
N28863,1,0,1,0,0
N28865,1,0,1,0,0
N28869,1,0,1,0,0
N28871,1,0,1,0,0
N28873,1,0,1,0,0
N28875,1,0,1,0,0
N28877,1,0,1,0,0
N28880,1,1,0,0,0
N28881,1,1,0,0,0
N28882,1,1,0,0,0
N28883,1,1,0,0,0
N28885,1,1,0,0,0
N28886,1,1,0,0,0
N28915,1,0,1,0,0
N28925,1,0,1,0,0
N28927,1,0,1,0,0
N28928,1,0,1,0,0
N28931,1,0,1,0,0
N28934,1,0,1,0,0
N28936,1,0,1,0,0
N28937,1,0,1,0,0
N28940,1,0,1,0,0
N28962,1,0,1,0,0
N28963,1,0,1,0,0
N28964,1,0,1,0,0
N28965,1,0,1,0,0
N28966,1,0,1,0,0
N28968,1,0,1,0,0
N28972,1,0,1,0,0
N28975,1,0,1,0,0
N28978,1,0,1,0,0
N28986,1,0,1,0,0
N28987,1,0,1,0,0
N28988,1,0,1,0,0
N28993,1,0,1,0,0
N28997,1,0,1,0,0
N29002,1,0,1,0,0
N29005,1,0,1,0,0
N29009,1,0,1,0,0
N29040,1,0,1,0,0
N29048,1,0,1,0,0
N29050,1,0,1,0,0
N29054,1,0,1,0,0
N29060,1,0,1,0,0
N29063,1,0,1,0,0
N29067,1,0,1,0,0
N29071,1,0,1,0,0
N29073,1,0,1,0,0
N29075,1,0,1,0,0
N29089,1,0,1,0,0
N29091,1,0,1,0,0
N29093,1,0,1,0,0
N29104,1,0,1,0,0
N29115,1,0,1,0,0
N29124,1,0,1,0,0
N29126,1,0,1,0,0
N29131,1,0,1,0,0
N29145,1,0,1,0,0
N29147,1,0,1,0,0
N29156,1,0,1,0,0
N29172,1,0,1,0,0
N29175,1,0,1,0,0
N29176,1,0,1,0,0
N29177,1,0,1,0,0
N29178,1,0,1,0,0
N29179,1,0,1,0,0
N29180,1,0,1,0,0
N29181,1,0,1,0,0
N29182,1,0,1,0,0
N29183,1,0,1,0,0
N29184,1,0,1,0,0
N29185,1,0,1,0,0
N29186,1,0,1,0,0
N29187,1,0,1,0,0
N29188,1,0,1,0,0
N29189,1,0,1,0,0
N29190,1,0,1,0,0
N29191,1,0,1,0,0
N29192,1,0,1,0,0
N29193,1,0,1,0,0
N29194,1,0,1,0,0
N29195,1,0,1,0,0
N29196,1,0,1,0,0
N29197,1,0,1,0,0
N29198,1,0,1,0,0
N29199,1,0,1,0,0
N29200,1,0,1,0,0
N29201,1,0,1,0,0
N29202,1,0,1,0,0
N2921,1,0,1,0,0
N29239,1,0,1,0,0
N29240,1,0,1,0,0
N29241,1,0,1,0,0
N29242,1,0,1,0,0
N29243,1,0,1,0,0
N29244,1,0,1,0,0
N29245,1,0,1,0,0
N29246,1,0,1,0,0
N29250,1,0,1,0,0
N29251,1,0,1,0,0
N29253,1,0,1,0,0
N29254,1,0,1,0,0
N29255,1,0,1,0,0
N29256,1,0,1,0,0
N29257,1,0,1,0,0
N29258,1,0,1,0,0
N29259,1,0,1,0,0
N29260,1,0,1,0,0
N29266,1,1,0,0,0
N29267,1,1,0,0,0
N29268,1,1,0,0,0
N29269,1,1,0,0,0
N29271,1,1,0,0,0
N29273,1,1,0,0,0
N29274,1,1,0,0,0
N29275,1,1,0,0,0
N29276,1,1,0,0,0
N29280,1,1,0,0,0
N29308,1,0,1,0,0
N29310,1,0,1,0,0
N29313,1,0,1,0,0
N29316,1,0,1,0,0
N29317,1,0,1,0,0
N29320,1,0,1,0,0
N29321,1,0,1,0,0
N29324,1,0,1,0,0
N29325,1,0,1,0,0
N29328,1,0,1,0,0
N29329,1,0,1,0,0
N29332,1,0,1,0,0
N29335,1,0,1,0,0
N29338,1,0,1,0,0
N29339,1,0,1,0,0
N29342,1,0,1,0,0
N29343,1,0,1,0,0
N29346,1,0,1,0,0
N29347,1,0,1,0,0
N29355,1,1,0,0,0
N29362,1,0,1,0,0
N29368,1,0,1,0,0
N29370,1,0,1,0,0
N29371,1,0,1,0,0
N29372,1,0,1,0,0
N29373,1,0,1,0,0
N29389,1,0,1,0,0
N29390,1,0,1,0,0
N29398,1,1,0,0,0
N29406,1,1,0,0,0
N29418,1,0,1,0,0
N29422,1,0,1,0,0
N29423,1,0,1,0,0
N29451,1,0,1,0,0
N29453,1,0,1,0,0
N29455,1,0,1,0,0
N29456,1,0,1,0,0
N29457,1,0,1,0,0
N29458,1,0,1,0,0
N29486,1,0,1,0,0
N29488,1,0,1,0,0
N29490,1,0,1,0,0
N29491,1,0,1,0,0
N29493,1,0,1,0,0
N29495,1,0,1,0,0
N29496,1,0,1,0,0
N29497,1,0,1,0,0
N29498,1,0,1,0,0
N29499,1,0,1,0,0
N29501,1,0,1,0,0
N29508,1,0,1,0,0
N29509,1,0,1,0,0
N29510,1,0,1,0,0
N29511,1,1,0,0,0
N29514,1,0,1,0,0
N29515,1,1,0,0,0
N29517,1,0,1,0,0
N29518,1,0,1,0,0
N29519,1,0,1,0,0
N29520,1,0,1,0,0
N29521,1,0,1,0,0
N29522,1,0,1,0,0
N29526,1,0,1,0,0
N29527,1,0,1,0,0
N29528,1,0,1,0,0
N29529,1,0,1,0,0
N29531,1,0,1,0,0
N29534,1,0,1,0,0
N29535,1,0,1,0,0
N29540,1,1,0,0,0
N29543,1,0,1,0,0
N29548,1,0,1,0,0
N29551,1,0,1,0,0
N29553,1,0,1,0,0
N29555,1,0,1,0,0
N29556,1,0,1,0,0
N29560,1,0,1,0,0
N29573,1,1,0,0,0
N29575,1,1,0,0,0
N29578,1,0,1,0,0
N29581,1,0,1,0,0
N29582,1,0,1,0,0
N29583,1,0,1,0,0
N29584,1,0,1,0,0
N29585,1,0,1,0,0
N29589,1,0,1,0,0
N29590,1,0,1,0,0
N29591,1,0,1,0,0
N29593,1,0,1,0,0
N29594,1,0,1,0,0
N29599,1,0,1,0,0
N29600,1,0,1,0,0
N29601,1,0,1,0,0
N29603,1,0,1,0,0
N29604,1,0,1,0,0
N29608,1,0,1,0,0
N29609,1,0,1,0,0
N29611,1,0,1,0,0
N29612,1,0,1,0,0
N29614,1,0,1,0,0
N29615,1,0,1,0,0
N29616,1,1,0,0,0
N29620,1,0,1,0,0
N29629,1,0,1,0,0
N29630,1,0,1,0,0
N29631,1,1,0,0,0
N29639,1,0,1,0,0
N29640,1,0,1,0,0
N29643,1,0,1,0,0
N29645,1,0,1,0,0
N29646,1,0,1,0,0
N29647,1,0,1,0,0
N29648,1,0,1,0,0
N29654,1,0,1,0,0
N29657,1,0,1,0,0
N29660,1,0,1,0,0
N29663,1,0,1,0,0
N29666,1,0,1,0,0
N29669,1,0,1,0,0
N29672,1,0,1,0,0
N29679,1,0,1,0,0
N29681,1,0,1,0,0
N29683,1,0,1,0,0
N29685,1,0,1,0,0
N29687,1,0,1,0,0
N29689,1,0,1,0,0
N29694,1,0,1,0,0
N29695,1,0,1,0,0
N29698,1,0,1,0,0
N29746,1,0,1,0,0
N29747,1,0,1,0,0
N29750,1,0,1,0,0
N29751,1,0,1,0,0
N29752,1,0,1,0,0
N29753,1,0,1,0,0
N29754,1,0,1,0,0
N29755,1,0,1,0,0
N29761,1,0,1,0,0
N29764,1,0,1,0,0
N29767,1,0,1,0,0
N29768,1,0,1,0,0
N29773,1,0,1,0,0
N29774,1,1,0,0,0
N29775,1,1,0,0,0
N29780,1,0,1,0,0
N29781,1,0,1,0,0
N29782,1,0,1,0,0
N29783,1,0,1,0,0
N29784,1,0,1,0,0
N29819,1,0,1,0,0
N29820,1,0,1,0,0
N29822,1,0,1,0,0
N29823,1,0,1,0,0
N29824,1,0,1,0,0
N29828,1,0,1,0,0
N29829,1,0,1,0,0
N29830,1,0,1,0,0
N29833,1,0,1,0,0
N29834,1,0,1,0,0
N29836,1,0,1,0,0
N29837,1,0,1,0,0
N29838,1,0,1,0,0
N29839,1,0,1,0,0
N29840,1,0,1,0,0
N29841,1,0,1,0,0
N29842,1,0,1,0,0
N29845,1,0,1,0,0
N29846,1,0,1,0,0
N29847,1,0,1,0,0
N29848,1,0,1,0,0
N29849,1,0,1,0,0
N29850,1,0,1,0,0
N29851,1,0,1,0,0
N29852,1,0,1,0,0
N29853,1,0,1,0,0
N29854,1,0,1,0,0
N29855,1,0,1,0,0
N29856,1,0,1,0,0
N29857,1,0,1,0,0
N29858,1,0,1,0,0
N29859,1,0,1,0,0
N29860,1,0,1,0,0
N29875,1,0,1,0,0
N29876,1,0,1,0,0
N29914,1,0,1,0,0
N29942,1,0,1,0,0
N29947,1,0,1,0,0
N29967,1,0,1,0,0
N29971,1,0,1,0,0
N29974,1,0,1,0,0
N29976,1,0,1,0,0
N29978,1,0,1,0,0
N29980,1,0,1,0,0
N29981,1,0,1,0,0
N29983,1,0,1,0,0
N29986,1,0,1,0,0
N29988,1,0,1,0,0
N29990,1,0,1,0,0
N29991,1,0,1,0,0
N29993,1,0,1,0,0
N29994,1,0,1,0,0
N29996,1,0,1,0,0
N29999,1,0,1,0,0
N30000,1,0,1,0,0
N30001,1,0,1,0,0
N30002,1,0,1,0,0
N30003,1,0,1,0,0
N30004,1,0,1,0,0
N30005,1,0,1,0,0
N30006,1,0,1,0,0
N30007,1,0,1,0,0
N30009,1,0,1,0,0
N30010,1,0,1,0,0
N30012,1,0,1,0,0
N30015,1,0,1,0,0
N30021,1,0,1,0,0
N30028,1,0,1,0,0
N30044,1,0,1,0,0
N30045,1,0,1,0,0
N30047,1,1,0,0,0
N30048,1,0,1,0,0
N30050,1,0,1,0,0
N30052,1,0,1,0,0
N30053,1,0,1,0,0
N30055,1,0,1,0,0
N30056,1,1,0,0,0
N30057,1,0,1,0,0
N30058,1,0,1,0,0
N30059,1,0,1,0,0
N30060,1,1,0,0,0
N30061,1,0,1,0,0
N30062,1,0,1,0,0
N30064,1,0,1,0,0
N30066,1,1,0,0,0
N30067,1,0,1,0,0
N30070,1,0,1,0,0
N30073,1,0,1,0,0
N30078,1,0,1,0,0
N30079,1,0,1,0,0
N30080,1,0,1,0,0
N30081,1,0,1,0,0
N30082,1,0,1,0,0
N30083,1,0,1,0,0
N30084,1,0,1,0,0
N30085,1,0,1,0,0
N30086,1,0,1,0,0
N30087,1,0,1,0,0
N30088,1,0,1,0,0
N30089,1,0,1,0,0
N30090,1,0,1,0,0
N30091,1,0,1,0,0
N30092,1,0,1,0,0
N30093,1,0,1,0,0
N30094,1,0,1,0,0
N30095,1,0,1,0,0
N30097,1,0,1,0,0
N30098,1,0,1,0,0
N30100,1,0,1,0,0
N30101,1,0,1,0,0
N30103,1,0,1,0,0
N30105,1,0,1,0,0
N30106,1,0,1,0,0
N30107,1,0,1,0,0
N30113,1,0,1,0,0
N30151,1,0,1,0,0
N30152,1,0,1,0,0
N30156,1,0,1,0,0
N30157,1,0,1,0,0
N30158,1,0,1,0,0
N30159,1,0,1,0,0
N30162,1,0,1,0,0
N30173,1,0,1,0,0
N30176,1,0,1,0,0
N30180,1,0,1,0,0
N30183,1,0,1,0,0
N30188,1,0,1,0,0
N30189,1,0,1,0,0
N30195,1,0,1,0,0
N30196,1,0,1,0,0
N30202,1,0,1,0,0
N30203,1,0,1,0,0
N30209,1,0,1,0,0
N30210,1,0,1,0,0
N30216,1,0,1,0,0
N30217,1,0,1,0,0
N30223,1,0,1,0,0
N30224,1,0,1,0,0
N30230,1,0,1,0,0
N30231,1,0,1,0,0
N30237,1,0,1,0,0
N30238,1,0,1,0,0
N30249,1,0,1,0,0
N30250,1,0,1,0,0
N30256,1,0,1,0,0
N30257,1,0,1,0,0
N30263,1,0,1,0,0
N30264,1,0,1,0,0
N30270,1,0,1,0,0
N30271,1,0,1,0,0
N30276,1,0,1,0,0
N30278,1,0,1,0,0
N30283,1,0,1,0,0
N30290,1,0,1,0,0
N30292,1,0,1,0,0
N30322,1,0,1,0,0
N30331,1,0,1,0,0
N30332,1,0,1,0,0
N30333,1,0,1,0,0
N30334,1,0,1,0,0
N30335,1,0,1,0,0
N30336,1,0,1,0,0
N30337,1,0,1,0,0
N30338,1,0,1,0,0
N30339,1,0,1,0,0
N30340,1,0,1,0,0
N30341,1,0,1,0,0
N30342,1,0,1,0,0
N30343,1,0,1,0,0
N30344,1,0,1,0,0
N30345,1,0,1,0,0
N30351,1,0,1,0,0
N30353,1,0,1,0,0
N30355,1,0,1,0,0
N30356,1,0,1,0,0
N30357,1,0,1,0,0
N30358,1,0,1,0,0
N30361,1,1,0,0,0
N30362,1,1,0,0,0
N30363,1,1,0,0,0
N30364,1,1,0,0,0
N30421,1,0,1,0,0
N30422,1,0,1,0,0
N30423,1,0,1,0,0
N30424,1,0,1,0,0
N30425,1,0,1,0,0
N30426,1,0,1,0,0
N30427,1,0,1,0,0
N30428,1,0,1,0,0
N30430,1,0,1,0,0
N30431,1,0,1,0,0
N30432,1,0,1,0,0
N30471,1,1,0,0,0
N30473,1,0,1,0,0
N30474,1,0,1,0,0
N30475,1,0,1,0,0
N30476,1,1,0,0,0
N30477,1,1,0,0,0
N30478,1,1,0,0,0
N30479,1,1,0,0,0
N30480,1,1,0,0,0
N30481,1,1,0,0,0
N30482,1,1,0,0,0
N30483,1,1,0,0,0
N30484,1,1,0,0,0
N30485,1,1,0,0,0
N30486,1,1,0,0,0
N30488,1,1,0,0,0
N30489,1,1,0,0,0
N30490,1,1,0,0,0
N30491,1,1,0,0,0
N30495,1,0,1,0,0
N30497,1,0,1,0,0
N30500,1,0,1,0,0
N30509,1,0,1,0,0
N30510,1,0,1,0,0
N30514,1,0,1,0,0
N30516,1,0,1,0,0
N30518,1,0,1,0,0
N30522,1,0,1,0,0
N30526,1,0,1,0,0
N30527,1,0,1,0,0
N30550,1,0,1,0,0
N30557,1,0,1,0,0
N30558,1,0,1,0,0
N30561,1,0,1,0,0
N30565,1,0,1,0,0
N30569,1,0,1,0,0
N30571,1,0,1,0,0
N30575,1,0,1,0,0
N30577,1,0,1,0,0
N30579,1,0,1,0,0
N30583,1,0,1,0,0
N30585,1,0,1,0,0
N30587,1,0,1,0,0
N30589,1,0,1,0,0
N30591,1,0,1,0,0
N30592,1,0,1,0,0
N30593,1,0,1,0,0
N30596,1,0,1,0,0
N30597,1,0,1,0,0
N30598,1,0,1,0,0
N30606,1,0,1,0,0
N30609,1,0,1,0,0
N30630,1,0,1,0,0
N30631,1,0,1,0,0
N30632,1,0,1,0,0
N30633,1,0,1,0,0
N30634,1,0,1,0,0
N30635,1,0,1,0,0
N30636,1,0,1,0,0
N30637,1,0,1,0,0
N30638,1,0,1,0,0
N30639,1,0,1,0,0
N30641,1,0,1,0,0
N30642,1,0,1,0,0
N30643,1,0,1,0,0
N30644,1,0,1,0,0
N30647,1,0,1,0,0
N30648,1,0,1,0,0
N30649,1,0,1,0,0
N30651,1,0,1,0,0
N30652,1,0,1,0,0
N30653,1,0,1,0,0
N30654,1,0,1,0,0
N30655,1,0,1,0,0
N30656,1,0,1,0,0
N30658,1,0,1,0,0
N30659,1,0,1,0,0
N30660,1,0,1,0,0
N30661,1,0,1,0,0
N30663,1,0,1,0,0
N30664,1,0,1,0,0
N30665,1,0,1,0,0
N30666,1,0,1,0,0
N30667,1,0,1,0,0
N30668,1,0,1,0,0
N30669,1,0,1,0,0
N30670,1,0,1,0,0
N30671,1,0,1,0,0
N30672,1,0,1,0,0
N30673,1,0,1,0,0
N30674,1,0,1,0,0
N30675,1,0,1,0,0
N30676,1,0,1,0,0
N30677,1,0,1,0,0
N30678,1,0,1,0,0
N30679,1,0,1,0,0
N30680,1,0,1,0,0
N30681,1,0,1,0,0
N30682,1,0,1,0,0
N30683,1,0,1,0,0
N30684,1,0,1,0,0
N30685,1,0,1,0,0
N30686,1,0,1,0,0
N30687,1,0,1,0,0
N30688,1,0,1,0,0
N30689,1,0,1,0,0
N30690,1,0,1,0,0
N30691,1,0,1,0,0
N30692,1,0,1,0,0
N30695,1,0,1,0,0
N30696,1,0,1,0,0
N30700,1,0,1,0,0
N30701,1,0,1,0,0
N30705,1,0,1,0,0
N30706,1,0,1,0,0
N30708,1,0,1,0,0
N30709,1,0,1,0,0
N30713,1,0,1,0,0
N30714,1,0,1,0,0
N30716,1,0,1,0,0
N30719,1,0,1,0,0
N30720,1,0,1,0,0
N30722,1,0,1,0,0
N30733,1,0,1,0,0
N30734,1,0,1,0,0
N30740,1,0,1,0,0
N30741,1,0,1,0,0
N30755,1,0,1,0,0
N30756,1,0,1,0,0
N30758,1,0,1,0,0
N30759,1,0,1,0,0
N30763,1,0,1,0,0
N30764,1,0,1,0,0
N30766,1,0,1,0,0
N30767,1,0,1,0,0
N30771,1,0,1,0,0
N30772,1,0,1,0,0
N30776,1,0,1,0,0
N30777,1,0,1,0,0
N30787,1,0,1,0,0
N30788,1,0,1,0,0
N30789,1,0,1,0,0
N30790,1,0,1,0,0
N30791,1,0,1,0,0
N30792,1,0,1,0,0
N30793,1,0,1,0,0
N30794,1,0,1,0,0
N30795,1,0,1,0,0
N30804,1,0,1,0,0
N30805,1,0,1,0,0
N30806,1,0,1,0,0
N30807,1,0,1,0,0
N30808,1,0,1,0,0
N30809,1,0,1,0,0
N30810,1,0,1,0,0
N30811,1,0,1,0,0
N30812,1,0,1,0,0
N30813,1,0,1,0,0
N30814,1,0,1,0,0
N30815,1,0,1,0,0
N30826,1,0,1,0,0
N30827,1,0,1,0,0
N30828,1,0,1,0,0
N30829,1,0,1,0,0
N30830,1,0,1,0,0
N30831,1,0,1,0,0
N30832,1,0,1,0,0
N30833,1,0,1,0,0
N30834,1,0,1,0,0
N30835,1,0,1,0,0
N30836,1,0,1,0,0
N30837,1,0,1,0,0
N30838,1,0,1,0,0
N30839,1,0,1,0,0
N30840,1,0,1,0,0
N30843,1,0,1,0,0
N30844,1,0,1,0,0
N30845,1,0,1,0,0
N30848,1,0,1,0,0
N30853,1,0,1,0,0
N30854,1,0,1,0,0
N30856,1,0,1,0,0
N30857,1,0,1,0,0
N30858,1,0,1,0,0
N30860,1,0,1,0,0
N30861,1,0,1,0,0
N30862,1,0,1,0,0
N30863,1,0,1,0,0
N30864,1,0,1,0,0
N30865,1,0,1,0,0
N30868,1,0,1,0,0
N30870,1,0,1,0,0
N30872,1,0,1,0,0
N30874,1,0,1,0,0
N30876,1,0,1,0,0
N30878,1,0,1,0,0
N30880,1,0,1,0,0
N30882,1,0,1,0,0
N30884,1,0,1,0,0
N30886,1,0,1,0,0
N30888,1,0,1,0,0
N30892,1,0,1,0,0
N30894,1,0,1,0,0
N30896,1,0,1,0,0
N30898,1,0,1,0,0
N30900,1,0,1,0,0
N30914,1,0,1,0,0
N30918,1,0,1,0,0
N30919,1,0,1,0,0
N30920,1,0,1,0,0
N30921,1,0,1,0,0
N30922,1,0,1,0,0
N30923,1,0,1,0,0
N30924,1,0,1,0,0
N30925,1,0,1,0,0
N30926,1,0,1,0,0
N30927,1,0,1,0,0
N30928,1,0,1,0,0
N30929,1,0,1,0,0
N30930,1,0,1,0,0
N30931,1,0,1,0,0
N30932,1,0,1,0,0
N30933,1,0,1,0,0
N30934,1,0,1,0,0
N31000,1,0,1,0,0
N31001,1,0,1,0,0
N31002,1,0,1,0,0
N31003,1,0,1,0,0
N31004,1,0,1,0,0
N31005,1,0,1,0,0
N31018,1,0,1,0,0
N31019,1,0,1,0,0
N31033,1,0,1,0,0
N31034,1,0,1,0,0
N31044,1,0,1,0,0
N31045,1,0,1,0,0
N31050,1,0,1,0,0
N31051,1,0,1,0,0
N31052,1,0,1,0,0
N31053,1,0,1,0,0
N31057,1,0,1,0,0
N31068,1,1,0,0,0
N31070,1,1,0,0,0
N31072,1,1,0,0,0
N31074,1,1,0,0,0
N31076,1,1,0,0,0
N31078,1,1,0,0,0
N31079,1,1,0,0,0
N31080,1,1,0,0,0
N31081,1,1,0,0,0
N31082,1,1,0,0,0
N31083,1,1,0,0,0
N31084,1,1,0,0,0
N31085,1,1,0,0,0
N31086,1,1,0,0,0
N31087,1,1,0,0,0
N31088,1,1,0,0,0
N31089,1,1,0,0,0
N31093,1,0,1,0,0
N31114,1,0,1,0,0
N31117,1,0,1,0,0
N31118,1,0,1,0,0
N31120,1,0,1,0,0
N31121,1,0,1,0,0
N31123,1,0,1,0,0
N31125,1,0,1,0,0
N31137,1,0,1,0,0
N31140,1,0,1,0,0
N31143,1,0,1,0,0
N31146,1,0,1,0,0
N31149,1,0,1,0,0
N31152,1,0,1,0,0
N31155,1,0,1,0,0
N31158,1,0,1,0,0
N31159,1,0,1,0,0
N31161,1,0,1,0,0
N31164,1,0,1,0,0
N31167,1,0,1,0,0
N31170,1,0,1,0,0
N31173,1,0,1,0,0
N31176,1,0,1,0,0
N31179,1,0,1,0,0
N31182,1,0,1,0,0
N31185,1,0,1,0,0
N31188,1,0,1,0,0
N31189,1,0,1,0,0
N31191,1,0,1,0,0
N31194,1,0,1,0,0
N31197,1,0,1,0,0
N31198,1,0,1,0,0
N31200,1,0,1,0,0
N31201,1,0,1,0,0
N31203,1,0,1,0,0
N31207,1,0,1,0,0
N31209,1,0,1,0,0
N31211,1,0,1,0,0
N31213,1,0,1,0,0
N31215,1,0,1,0,0
N31217,1,0,1,0,0
N31219,1,0,1,0,0
N31221,1,0,1,0,0
N31223,1,0,1,0,0
N31225,1,0,1,0,0
N31227,1,0,1,0,0
N31234,1,0,1,0,0
N31236,1,0,1,0,0
N31238,1,0,1,0,0
N31240,1,0,1,0,0
N31242,1,0,1,0,0
N31244,1,0,1,0,0
N31246,1,0,1,0,0
N31248,1,0,1,0,0
N31250,1,0,1,0,0
N31252,1,0,1,0,0
N31279,1,0,1,0,0
N31292,1,0,1,0,0
N31294,1,0,1,0,0
N31296,1,0,1,0,0
N31325,1,0,1,0,0
N31327,1,0,1,0,0
N31329,1,0,1,0,0
N31330,1,0,1,0,0
N31331,1,0,1,0,0
N31332,1,0,1,0,0
N31333,1,0,1,0,0
N31334,1,0,1,0,0
N31335,1,0,1,0,0
N31336,1,0,1,0,0
N31337,1,0,1,0,0
N31338,1,0,1,0,0
N31339,1,0,1,0,0
N31340,1,0,1,0,0
N31341,1,0,1,0,0
N31342,1,0,1,0,0
N31343,1,0,1,0,0
N31344,1,0,1,0,0
N31345,1,0,1,0,0
N31346,1,0,1,0,0
N31347,1,0,1,0,0
N31348,1,0,1,0,0
N31349,1,0,1,0,0
N31350,1,0,1,0,0
N31351,1,0,1,0,0
N31352,1,0,1,0,0
N31353,1,0,1,0,0
N31354,1,0,1,0,0
N31355,1,0,1,0,0
N31356,1,0,1,0,0
N31357,1,0,1,0,0
N31358,1,0,1,0,0
N31359,1,0,1,0,0
N31360,1,0,1,0,0
N31361,1,0,1,0,0
N31392,1,0,1,0,0
N31393,1,0,1,0,0
N31406,1,1,0,0,0
N31407,1,1,0,0,0
N31408,1,1,0,0,0
N31409,1,1,0,0,0
N31410,1,1,0,0,0
N31411,1,1,0,0,0
N31412,1,1,0,0,0
N31413,1,1,0,0,0
N31414,1,1,0,0,0
N31415,1,1,0,0,0
N31416,1,1,0,0,0
N31417,1,1,0,0,0
N31418,1,1,0,0,0
N31419,1,1,0,0,0
N31420,1,1,0,0,0
N31421,1,1,0,0,0
N31438,1,0,1,0,0
N31440,1,0,1,0,0
N31444,1,0,1,0,0
N31446,1,0,1,0,0
N31448,1,0,1,0,0
N31450,1,0,1,0,0
N31452,1,0,1,0,0
N31454,1,0,1,0,0
N31456,1,0,1,0,0
N31458,1,0,1,0,0
N31460,1,0,1,0,0
N31462,1,0,1,0,0
N31464,1,0,1,0,0
N31466,1,0,1,0,0
N31468,1,0,1,0,0
N31470,1,0,1,0,0
N31472,1,0,1,0,0
N31476,1,0,1,0,0
N31498,1,0,1,0,0
N31503,1,0,1,0,0
N31504,1,0,1,0,0
N31505,1,0,1,0,0
N31506,1,0,1,0,0
N31507,1,0,1,0,0
N31508,1,0,1,0,0
N31509,1,0,1,0,0
N31510,1,0,1,0,0
N31511,1,0,1,0,0
N31512,1,0,1,0,0
N31513,1,0,1,0,0
N31514,1,0,1,0,0
N31515,1,0,1,0,0
N31516,1,0,1,0,0
N31517,1,0,1,0,0
N31518,1,0,1,0,0
N31519,1,0,1,0,0
N31520,1,0,1,0,0
N31521,1,0,1,0,0
N31522,1,0,1,0,0
N31523,1,0,1,0,0
N31524,1,0,1,0,0
N31525,1,0,1,0,0
N31526,1,0,1,0,0
N31527,1,0,1,0,0
N31528,1,0,1,0,0
N31529,1,0,1,0,0
N31530,1,0,1,0,0
N31531,1,0,1,0,0
N31532,1,0,1,0,0
N31533,1,0,1,0,0
N31534,1,0,1,0,0
N31535,1,0,1,0,0
N31536,1,0,1,0,0
N31537,1,0,1,0,0
N31538,1,0,1,0,0
N31539,1,0,1,0,0
N31540,1,0,1,0,0
N31541,1,0,1,0,0
N31542,1,0,1,0,0
N31543,1,0,1,0,0
N31544,1,0,1,0,0
N31545,1,0,1,0,0
N31546,1,0,1,0,0
N31547,1,0,1,0,0
N31548,1,0,1,0,0
N31549,1,0,1,0,0
N31550,1,0,1,0,0
N31551,1,0,1,0,0
N31552,1,0,1,0,0
N31553,1,0,1,0,0
N31554,1,0,1,0,0
N31555,1,0,1,0,0
N31556,1,0,1,0,0
N31557,1,0,1,0,0
N31588,1,0,1,0,0
N31589,1,0,1,0,0
N31591,1,1,0,0,0
N31592,1,1,0,0,0
N31593,1,1,0,0,0
N31594,1,1,0,0,0
N31595,1,1,0,0,0
N31596,1,1,0,0,0
N31597,1,1,0,0,0
N31598,1,1,0,0,0
N31599,1,1,0,0,0
N31600,1,1,0,0,0
N31601,1,1,0,0,0
N31602,1,1,0,0,0
N31603,1,1,0,0,0
N31604,1,1,0,0,0
N31605,1,1,0,0,0
N31606,1,1,0,0,0
N31607,1,1,0,0,0
N31608,1,1,0,0,0
N31609,1,1,0,0,0
N31610,1,1,0,0,0
N31611,1,1,0,0,0
N31612,1,1,0,0,0
N31613,1,1,0,0,0
N31614,1,1,0,0,0
N31615,1,1,0,0,0
N31616,1,1,0,0,0
N31617,1,1,0,0,0
N31620,1,0,1,0,0
N31621,1,0,1,0,0
N31622,1,0,1,0,0
N31624,1,0,1,0,0
N31626,1,0,1,0,0
N31628,1,0,1,0,0
N31630,1,0,1,0,0
N31634,1,0,1,0,0
N31636,1,0,1,0,0
N31640,1,0,1,0,0
N31642,1,0,1,0,0
N31644,1,0,1,0,0
N31646,1,0,1,0,0
N31648,1,0,1,0,0
N31650,1,0,1,0,0
N31652,1,0,1,0,0
N31654,1,0,1,0,0
N31656,1,0,1,0,0
N31658,1,0,1,0,0
N31660,1,0,1,0,0
N31662,1,0,1,0,0
N31664,1,0,1,0,0
N31666,1,0,1,0,0
N31668,1,0,1,0,0
N31670,1,0,1,0,0
N31672,1,0,1,0,0
N31674,1,0,1,0,0
N31676,1,0,1,0,0
N31678,1,0,1,0,0
N31684,1,0,1,0,0
N31685,1,0,1,0,0
N31700,1,0,1,0,0
N31803,1,0,1,0,0
N31842,1,0,1,0,0
N31854,1,0,1,0,0
N31864,1,0,1,0,0
N31876,1,0,1,0,0
N31877,1,0,1,0,0
N31878,1,0,1,0,0
N31879,1,0,1,0,0
N31880,1,0,1,0,0
N31881,1,0,1,0,0
N31882,1,0,1,0,0
N31883,1,0,1,0,0
N31884,1,0,1,0,0
N31885,1,0,1,0,0
N31886,1,0,1,0,0
N31887,1,0,1,0,0
N31888,1,0,1,0,0
N31889,1,0,1,0,0
N31890,1,0,1,0,0
N31891,1,0,1,0,0
N31892,1,0,1,0,0
N31893,1,0,1,0,0
N31894,1,0,1,0,0
N31895,1,0,1,0,0
N31896,1,0,1,0,0
N31897,1,0,1,0,0
N31898,1,0,1,0,0
N31899,1,0,1,0,0
N31900,1,0,1,0,0
N31901,1,0,1,0,0
N31902,1,0,1,0,0
N31903,1,0,1,0,0
N31904,1,0,1,0,0
N31905,1,0,1,0,0
N31906,1,0,1,0,0
N31907,1,0,1,0,0
N31908,1,0,1,0,0
N31909,1,0,1,0,0
N31910,1,0,1,0,0
N31911,1,0,1,0,0
N31912,1,0,1,0,0
N31913,1,0,1,0,0
N31914,1,0,1,0,0
N31915,1,0,1,0,0
N31916,1,0,1,0,0
N31917,1,0,1,0,0
N31918,1,0,1,0,0
N31919,1,0,1,0,0
N31920,1,0,1,0,0
N31921,1,0,1,0,0
N31922,1,0,1,0,0
N31953,1,0,1,0,0
N31954,1,0,1,0,0
N31963,1,1,0,0,0
N31964,1,1,0,0,0
N31965,1,1,0,0,0
N31966,1,1,0,0,0
N31967,1,1,0,0,0
N31968,1,1,0,0,0
N31969,1,1,0,0,0
N31970,1,1,0,0,0
N31971,1,1,0,0,0
N31972,1,1,0,0,0
N31973,1,1,0,0,0
N31974,1,1,0,0,0
N31975,1,1,0,0,0
N31976,1,1,0,0,0
N31977,1,1,0,0,0
N31978,1,1,0,0,0
N31979,1,1,0,0,0
N31980,1,1,0,0,0
N31981,1,1,0,0,0
N31982,1,1,0,0,0
N31983,1,1,0,0,0
N31984,1,1,0,0,0
N31985,1,1,0,0,0
N31989,1,0,1,0,0
N31991,1,0,1,0,0
N31993,1,0,1,0,0
N31995,1,0,1,0,0
N31997,1,0,1,0,0
N31999,1,0,1,0,0
N32001,1,0,1,0,0
N32003,1,0,1,0,0
N32005,1,0,1,0,0
N32007,1,0,1,0,0
N32009,1,0,1,0,0
N32011,1,0,1,0,0
N32013,1,0,1,0,0
N32017,1,0,1,0,0
N32019,1,0,1,0,0
N32023,1,0,1,0,0
N32025,1,0,1,0,0
N32027,1,0,1,0,0
N32029,1,0,1,0,0
N32031,1,0,1,0,0
N32037,1,0,1,0,0
N32039,1,0,1,0,0
N32041,1,0,1,0,0
N32045,1,0,1,0,0
N32047,1,0,1,0,0
N32050,1,0,1,0,0
N32051,1,0,1,0,0
N32052,1,0,1,0,0
N32053,1,0,1,0,0
N32054,1,0,1,0,0
N32055,1,0,1,0,0
N32056,1,0,1,0,0
N32057,1,0,1,0,0
N32058,1,0,1,0,0
N32059,1,0,1,0,0
N32060,1,0,1,0,0
N32061,1,0,1,0,0
N32062,1,0,1,0,0
N32063,1,0,1,0,0
N32064,1,0,1,0,0
N32065,1,0,1,0,0
N32066,1,0,1,0,0
N32067,1,0,1,0,0
N32068,1,0,1,0,0
N32069,1,0,1,0,0
N32070,1,0,1,0,0
N32071,1,0,1,0,0
N32072,1,0,1,0,0
N32073,1,0,1,0,0
N32074,1,0,1,0,0
N32075,1,0,1,0,0
N32076,1,0,1,0,0
N32077,1,0,1,0,0
N32078,1,0,1,0,0
N32079,1,0,1,0,0
N32080,1,0,1,0,0
N32081,1,0,1,0,0
N32082,1,0,1,0,0
N32083,1,0,1,0,0
N32084,1,0,1,0,0
N32085,1,0,1,0,0
N32086,1,0,1,0,0
N32087,1,0,1,0,0
N32088,1,0,1,0,0
N32089,1,0,1,0,0
N32090,1,0,1,0,0
N32091,1,0,1,0,0
N32092,1,0,1,0,0
N32093,1,0,1,0,0
N32094,1,0,1,0,0
N32095,1,0,1,0,0
N32096,1,0,1,0,0
N32097,1,0,1,0,0
N32098,1,0,1,0,0
N32099,1,0,1,0,0
N32100,1,0,1,0,0
N32101,1,0,1,0,0
N32102,1,0,1,0,0
N32103,1,0,1,0,0
N32104,1,0,1,0,0
N32105,1,0,1,0,0
N32106,1,0,1,0,0
N32107,1,0,1,0,0
N32112,1,0,1,0,0
N32113,1,0,1,0,0
N32114,1,0,1,0,0
N32115,1,0,1,0,0
N32116,1,0,1,0,0
N32119,1,0,1,0,0
N32121,1,0,1,0,0
N32123,1,0,1,0,0
N32125,1,0,1,0,0
N32127,1,0,1,0,0
N32128,1,0,1,0,0
N32136,1,0,1,0,0
N32138,1,0,1,0,0
N32139,1,0,1,0,0
N32140,1,1,0,0,0
N32141,1,1,0,0,0
N32142,1,1,0,0,0
N32143,1,1,0,0,0
N32144,1,1,0,0,0
N32145,1,1,0,0,0
N32146,1,1,0,0,0
N32147,1,1,0,0,0
N32148,1,1,0,0,0
N32149,1,1,0,0,0
N32150,1,1,0,0,0
N32151,1,1,0,0,0
N32152,1,1,0,0,0
N32153,1,1,0,0,0
N32154,1,1,0,0,0
N32155,1,1,0,0,0
N32156,1,1,0,0,0
N32157,1,1,0,0,0
N32158,1,1,0,0,0
N32159,1,1,0,0,0
N32160,1,1,0,0,0
N32161,1,1,0,0,0
N32162,1,1,0,0,0
N32163,1,1,0,0,0
N32164,1,1,0,0,0
N32165,1,1,0,0,0
N32166,1,1,0,0,0
N32167,1,1,0,0,0
N32169,1,0,1,0,0
N32170,1,0,1,0,0
N32171,1,0,1,0,0
N32172,1,0,1,0,0
N32173,1,0,1,0,0
N32174,1,0,1,0,0
N32175,1,0,1,0,0
N32176,1,0,1,0,0
N32178,1,0,1,0,0
N32180,1,0,1,0,0
N32182,1,0,1,0,0
N32184,1,0,1,0,0
N32186,1,0,1,0,0
N32187,1,0,1,0,0
N32188,1,0,1,0,0
N32189,1,0,1,0,0
N32190,1,0,1,0,0
N32192,1,0,1,0,0
N32193,1,0,1,0,0
N32194,1,0,1,0,0
N32196,1,0,1,0,0
N32197,1,0,1,0,0
N32198,1,0,1,0,0
N32200,1,0,1,0,0
N32201,1,0,1,0,0
N32202,1,0,1,0,0
N32204,1,0,1,0,0
N32205,1,0,1,0,0
N32206,1,0,1,0,0
N32208,1,0,1,0,0
N32210,1,0,1,0,0
N32211,1,0,1,0,0
N32212,1,0,1,0,0
N32213,1,0,1,0,0
N32214,1,0,1,0,0
N32215,1,0,1,0,0
N32216,1,0,1,0,0
N32217,1,0,1,0,0
N32218,1,0,1,0,0
N32219,1,0,1,0,0
N32220,1,0,1,0,0
N32221,1,0,1,0,0
N32222,1,0,1,0,0
N32223,1,0,1,0,0
N32224,1,0,1,0,0
N32226,1,0,1,0,0
N32227,1,0,1,0,0
N32228,1,0,1,0,0
N3292,1,0,1,0,0
N3293,1,0,1,0,0
N3318,1,0,1,0,0
N3319,1,0,1,0,0
N33246,1,0,1,0,0
N33254,1,0,1,0,0
N33733,1,0,1,0,0
N33734,1,0,1,0,0
N33737,1,0,1,0,0
N33738,1,0,1,0,0
N33805,1,0,1,0,0
N33821,1,0,1,0,0
N33853,1,0,1,0,0
N33933,1,0,1,0,0
N33941,1,0,1,0,0
N33942,1,0,1,0,0
N33949,1,0,1,0,0
N33957,1,0,1,0,0
N33958,1,0,1,0,0
N33963,1,0,1,0,0
N33965,1,0,1,0,0
N33973,1,0,1,0,0
N33974,1,0,1,0,0
N33979,1,0,1,0,0
N33980,1,0,1,0,0
N33981,1,0,1,0,0
N33982,1,0,1,0,0
N33989,1,0,1,0,0
N33990,1,0,1,0,0
N34027,1,0,1,0,0
N34177,1,0,1,0,0
N34179,1,0,1,0,0
N34372,1,0,1,0,0
N35562,1,0,1,0,0
N35563,1,0,1,0,0
N35577,1,0,1,0,0
N35578,1,0,1,0,0
N35581,1,0,1,0,0
N35582,1,0,1,0,0
N35585,1,0,1,0,0
N35586,1,0,1,0,0
N35589,1,0,1,0,0
N35593,1,0,1,0,0
N35594,1,0,1,0,0
N35597,1,0,1,0,0
N35598,1,0,1,0,0
N35605,1,0,1,0,0
N35609,1,0,1,0,0
N35610,1,0,1,0,0
N35613,1,0,1,0,0
N35621,1,0,1,0,0
N35625,1,0,1,0,0
N35626,1,0,1,0,0
N35629,1,0,1,0,0
N35630,1,0,1,0,0
N35637,1,0,1,0,0
N35699,1,0,1,0,0
N35700,1,0,1,0,0
N35736,1,0,1,0,0
N35737,1,0,1,0,0
N35738,1,0,1,0,0
N35739,1,0,1,0,0
N35740,1,0,1,0,0
N35741,1,0,1,0,0
N35742,1,0,1,0,0
N35743,1,0,1,0,0
N35748,1,0,1,0,0
N35750,1,0,1,0,0
N35752,1,0,1,0,0
N35758,1,0,1,0,0
N35764,1,0,1,0,0
N35770,1,0,1,0,0
N35780,1,0,1,0,0
N35792,1,0,1,0,0
N35793,1,0,1,0,0
N35796,1,0,1,0,0
N35798,1,0,1,0,0
N35799,1,0,1,0,0
N35804,1,0,1,0,0
N35812,1,0,1,0,0
N35814,1,0,1,0,0
N35828,1,0,1,0,0
N35830,1,0,1,0,0
N35842,1,0,1,0,0
N35843,1,0,1,0,0
N35844,1,0,1,0,0
N35845,1,0,1,0,0
N35939,1,0,1,0,0
N35940,1,0,1,0,0
N36058,1,0,1,0,0
N36062,1,0,1,0,0
N36066,1,0,1,0,0
N36132,1,0,1,0,0
N36182,1,0,1,0,0
N36228,1,0,1,0,0
N36297,1,0,1,0,0
N36299,1,0,1,0,0
N36352,1,0,1,0,0
N3683,1,0,1,0,0
N37285,1,0,1,0,0
N37286,1,0,1,0,0
N37605,1,0,1,0,0
N37606,1,0,1,0,0
N37628,1,0,1,0,0
N3764,1,0,1,0,0
N3765,1,0,1,0,0
N3766,1,0,1,0,0
N3767,1,0,1,0,0
N3768,1,0,1,0,0
N3769,1,0,1,0,0
N3770,1,0,1,0,0
N37706,1,0,1,0,0
N3771,1,0,1,0,0
N3772,1,0,1,0,0
N3773,1,0,1,0,0
N3774,1,0,1,0,0
N3775,1,0,1,0,0
N3776,1,0,1,0,0
N3777,1,0,1,0,0
N37770,1,0,1,0,0
N37778,1,0,1,0,0
N3778,1,0,1,0,0
N3779,1,0,1,0,0
N3782,1,0,1,0,0
N37864,1,0,1,0,0
N37865,1,0,1,0,0
N38110,1,0,1,0,0
N38239,1,0,1,0,0
N38262,1,0,1,0,0
N38286,1,0,1,0,0
N38308,1,0,1,0,0
N38310,1,0,1,0,0
N38312,1,0,1,0,0
N38314,1,0,1,0,0
N38316,1,0,1,0,0
N38318,1,0,1,0,0
N38320,1,0,1,0,0
N38322,1,0,1,0,0
N38324,1,0,1,0,0
N38337,1,0,1,0,0
N38356,1,0,1,0,0
N38357,1,0,1,0,0
N38363,1,0,1,0,0
N38364,1,0,1,0,0
N38365,1,0,1,0,0
N38366,1,0,1,0,0
N38402,1,0,1,0,0
N38404,1,0,1,0,0
N38406,1,0,1,0,0
N38408,1,0,1,0,0
N38410,1,0,1,0,0
N38412,1,0,1,0,0
N38414,1,0,1,0,0
N38416,1,0,1,0,0
N38418,1,0,1,0,0
N38420,1,0,1,0,0
N38422,1,0,1,0,0
N38424,1,0,1,0,0
N38435,1,0,1,0,0
N38462,1,0,1,0,0
N38468,1,0,1,0,0
N38470,1,0,1,0,0
N38560,1,0,1,0,0
N38567,1,0,1,0,0
N38594,1,0,1,0,0
N38595,1,0,1,0,0
N38596,1,0,1,0,0
N38597,1,0,1,0,0
N38608,1,0,1,0,0
N38609,1,0,1,0,0
N38611,1,0,1,0,0
N38612,1,0,1,0,0
N38613,1,0,1,0,0
N38614,1,0,1,0,0
N38615,1,0,1,0,0
N38616,1,0,1,0,0
N38645,1,0,1,0,0
N38646,1,0,1,0,0
N38651,1,0,1,0,0
N38654,1,0,1,0,0
N38656,1,0,1,0,0
N38658,1,0,1,0,0
N38660,1,0,1,0,0
N38661,1,0,1,0,0
N38662,1,0,1,0,0
N38663,1,0,1,0,0
N38664,1,0,1,0,0
N38665,1,0,1,0,0
N38666,1,0,1,0,0
N38667,1,0,1,0,0
N38668,1,0,1,0,0
N38670,1,0,1,0,0
N38673,1,0,1,0,0
N38674,1,0,1,0,0
N38676,1,0,1,0,0
N38678,1,0,1,0,0
N38682,1,0,1,0,0
N38688,1,0,1,0,0
N38690,1,0,1,0,0
N38692,1,0,1,0,0
N38694,1,0,1,0,0
N38696,1,0,1,0,0
N38698,1,0,1,0,0
N38700,1,0,1,0,0
N38702,1,0,1,0,0
N38714,1,0,1,0,0
N38715,1,0,1,0,0
N38716,1,0,1,0,0
N38717,1,0,1,0,0
N38738,1,0,1,0,0
N38762,1,0,1,0,0
N38764,1,0,1,0,0
N38806,1,0,1,0,0
N38810,1,0,1,0,0
N3903,1,0,1,0,0
N3955,1,0,1,0,0
N39572,1,0,1,0,0
N39573,1,0,1,0,0
N39598,1,0,1,0,0
N39599,1,0,1,0,0
N39600,1,0,1,0,0
N39601,1,0,1,0,0
N39602,1,0,1,0,0
N39603,1,0,1,0,0
N39604,1,0,1,0,0
N39605,1,0,1,0,0
N3971,1,0,1,0,0
N42472,1,0,1,0,0
N42473,1,0,1,0,0
N4298,1,0,1,0,0
N43092,1,0,1,0,0
N43093,1,0,1,0,0
N43140,1,0,1,0,0
N43492,1,0,1,0,0
N43493,1,0,1,0,0
N4350,1,0,1,0,0
N43579,1,0,1,0,0
N43580,1,0,1,0,0
N43581,1,0,1,0,0
N43582,1,0,1,0,0
N43583,1,0,1,0,0
N43584,1,0,1,0,0
N43585,1,0,1,0,0
N43586,1,0,1,0,0
N4402,1,0,1,0,0
N4453,1,0,1,0,0
N4505,1,0,1,0,0
N45564,1,0,1,0,0
N4557,1,0,1,0,0
N4609,1,0,1,0,0
N4660,1,0,1,0,0
N4709,1,0,1,0,0
N47377,1,0,1,0,0
N4761,1,0,1,0,0
N47722,1,0,1,0,0
N47723,1,0,1,0,0
N47766,1,0,1,0,0
N47768,1,0,1,0,0
N47769,1,0,1,0,0
N47770,1,0,1,0,0
N47771,1,0,1,0,0
N47772,1,0,1,0,0
N47773,1,0,1,0,0
N4813,1,0,1,0,0
N49740,1,0,1,0,0
N49974,1,0,1,0,0
N49975,1,0,1,0,0
N51039,1,0,1,0,0
N51040,1,0,1,0,0
N51088,1,0,1,0,0
N51089,1,0,1,0,0
N51091,1,0,1,0,0
N51092,1,0,1,0,0
N51094,1,0,1,0,0
N51095,1,0,1,0,0
N51097,1,0,1,0,0
N51098,1,0,1,0,0
N51100,1,0,1,0,0
N51101,1,0,1,0,0
N51103,1,0,1,0,0
N51104,1,0,1,0,0
N51106,1,0,1,0,0
N51107,1,0,1,0,0
N51109,1,0,1,0,0
N51110,1,0,1,0,0
N5157,1,0,1,0,0
N52172,1,0,1,0,0
N52187,1,0,1,0,0
N5271,1,0,1,0,0
N5295,1,0,1,0,0
N53223,1,0,1,0,0
N53227,1,0,1,0,0
N53236,1,0,1,0,0
N53240,1,0,1,0,0
N53246,1,0,1,0,0
N53251,1,0,1,0,0
N53257,1,0,1,0,0
N53264,1,0,1,0,0
N53265,1,0,1,0,0
N53268,1,0,1,0,0
N53269,1,0,1,0,0
N53272,1,0,1,0,0
N53273,1,0,1,0,0
N53283,1,0,1,0,0
N53291,1,0,1,0,0
N53301,1,0,1,0,0
N53306,1,0,1,0,0
N53314,1,0,1,0,0
N53827,1,0,1,0,0
N53838,1,0,1,0,0
N53839,1,0,1,0,0
N5439,1,0,1,0,0
N54634,1,0,1,0,0
N54635,1,0,1,0,0
N54641,1,0,1,0,0
N54854,1,0,1,0,0
N54865,1,0,1,0,0
N54877,1,0,1,0,0
N54882,1,0,1,0,0
N54893,1,0,1,0,0
N54901,1,0,1,0,0
N55496,1,0,1,0,0
N55647,1,0,1,0,0
N55648,1,0,1,0,0
N55652,1,0,1,0,0
N55653,1,0,1,0,0
N55657,1,0,1,0,0
N55658,1,0,1,0,0
N55660,1,0,1,0,0
N55661,1,0,1,0,0
N55664,1,0,1,0,0
N55665,1,0,1,0,0
N55670,1,0,1,0,0
N55671,1,0,1,0,0
N55675,1,0,1,0,0
N55676,1,0,1,0,0
N55681,1,0,1,0,0
N55682,1,0,1,0,0
N55689,1,0,1,0,0
N55690,1,0,1,0,0
N55692,1,0,1,0,0
N55693,1,0,1,0,0
N55696,1,0,1,0,0
N55697,1,0,1,0,0
N55701,1,0,1,0,0
N55702,1,0,1,0,0
N55706,1,0,1,0,0
N55707,1,0,1,0,0
N55709,1,0,1,0,0
N55710,1,0,1,0,0
N55713,1,0,1,0,0
N55714,1,0,1,0,0
N55718,1,0,1,0,0
N55719,1,0,1,0,0
N55723,1,0,1,0,0
N55724,1,0,1,0,0
N55728,1,0,1,0,0
N55729,1,0,1,0,0
N55733,1,0,1,0,0
N55734,1,0,1,0,0
N55738,1,0,1,0,0
N55739,1,0,1,0,0
N55743,1,0,1,0,0
N55744,1,0,1,0,0
N55748,1,0,1,0,0
N55749,1,0,1,0,0
N55753,1,0,1,0,0
N55754,1,0,1,0,0
N55758,1,0,1,0,0
N55759,1,0,1,0,0
N55763,1,0,1,0,0
N55764,1,0,1,0,0
N55768,1,0,1,0,0
N55769,1,0,1,0,0
N55773,1,0,1,0,0
N55774,1,0,1,0,0
N55778,1,0,1,0,0
N55779,1,0,1,0,0
N55785,1,0,1,0,0
N55786,1,0,1,0,0
N55788,1,0,1,0,0
N55789,1,0,1,0,0
N55794,1,0,1,0,0
N55795,1,0,1,0,0
N55800,1,0,1,0,0
N55801,1,0,1,0,0
N55806,1,0,1,0,0
N55807,1,0,1,0,0
N56067,1,0,1,0,0
N56072,1,0,1,0,0
N56073,1,0,1,0,0
N56077,1,0,1,0,0
N56082,1,0,1,0,0
N56087,1,0,1,0,0
N56092,1,0,1,0,0
N56093,1,0,1,0,0
N56097,1,0,1,0,0
N56098,1,0,1,0,0
N56102,1,0,1,0,0
N56103,1,0,1,0,0
N56110,1,0,1,0,0
N56111,1,0,1,0,0
N56639,1,0,1,0,0
N56644,1,0,1,0,0
N56649,1,0,1,0,0
N56654,1,0,1,0,0
N56760,1,0,1,0,0
N57029,1,0,1,0,0
N57033,1,0,1,0,0
N57037,1,0,1,0,0
N57041,1,0,1,0,0
N57045,1,0,1,0,0
N57049,1,0,1,0,0
N57053,1,0,1,0,0
N57057,1,0,1,0,0
N57061,1,0,1,0,0
N57065,1,0,1,0,0
N57069,1,0,1,0,0
N57074,1,0,1,0,0
N57078,1,0,1,0,0
N57082,1,0,1,0,0
N57086,1,0,1,0,0
N57090,1,0,1,0,0
N57094,1,0,1,0,0
N57099,1,0,1,0,0
N57103,1,0,1,0,0
N57107,1,0,1,0,0
N57111,1,0,1,0,0
N57117,1,0,1,0,0
N57144,1,0,1,0,0
N57145,1,0,1,0,0
N57548,1,0,1,0,0
N57549,1,0,1,0,0
N57550,1,0,1,0,0
N57551,1,0,1,0,0
N57552,1,0,1,0,0
N57553,1,0,1,0,0
N57554,1,0,1,0,0
N57555,1,0,1,0,0
N57556,1,0,1,0,0
N57557,1,0,1,0,0
N57558,1,0,1,0,0
N57559,1,0,1,0,0
N57560,1,0,1,0,0
N57561,1,0,1,0,0
N57562,1,0,1,0,0
N57563,1,0,1,0,0
N57564,1,0,1,0,0
N57565,1,0,1,0,0
N57566,1,0,1,0,0
N57567,1,0,1,0,0
N57568,1,0,1,0,0
N57569,1,0,1,0,0
N57703,1,0,1,0,0
N5775,1,0,1,0,0
N58279,1,0,1,0,0
N58282,1,0,1,0,0
N58287,1,0,1,0,0
N58292,1,0,1,0,0
N58296,1,0,1,0,0
N58299,1,0,1,0,0
N58304,1,0,1,0,0
N58308,1,0,1,0,0
N58312,1,0,1,0,0
N58315,1,0,1,0,0
N58319,1,0,1,0,0
N58323,1,0,1,0,0
N58327,1,0,1,0,0
N58331,1,0,1,0,0
N58334,1,0,1,0,0
N58338,1,0,1,0,0
N58341,1,0,1,0,0
N58349,1,0,1,0,0
N58356,1,0,1,0,0
N59902,1,0,1,0,0
N59903,1,0,1,0,0
N59905,1,0,1,0,0
N59906,1,0,1,0,0
N59908,1,0,1,0,0
N59909,1,0,1,0,0
N59911,1,0,1,0,0
N59912,1,0,1,0,0
N59914,1,0,1,0,0
N59915,1,0,1,0,0
N59917,1,0,1,0,0
N59918,1,0,1,0,0
N59920,1,0,1,0,0
N59921,1,0,1,0,0
N59923,1,0,1,0,0
N59924,1,0,1,0,0
N59926,1,0,1,0,0
N59927,1,0,1,0,0
N59929,1,0,1,0,0
N59930,1,0,1,0,0
N59932,1,0,1,0,0
N59933,1,0,1,0,0
N59935,1,0,1,0,0
N59936,1,0,1,0,0
N59938,1,0,1,0,0
N59939,1,0,1,0,0
N59941,1,0,1,0,0
N59942,1,0,1,0,0
N59944,1,0,1,0,0
N59945,1,0,1,0,0
N59947,1,0,1,0,0
N59948,1,0,1,0,0
N59950,1,0,1,0,0
N59951,1,0,1,0,0
N59953,1,0,1,0,0
N59954,1,0,1,0,0
N59956,1,0,1,0,0
N59957,1,0,1,0,0
N59959,1,0,1,0,0
N59960,1,0,1,0,0
N59965,1,0,1,0,0
N59966,1,0,1,0,0
N59968,1,0,1,0,0
N59969,1,0,1,0,0
N59971,1,0,1,0,0
N59972,1,0,1,0,0
N59974,1,0,1,0,0
N59975,1,0,1,0,0
N59977,1,0,1,0,0
N59978,1,0,1,0,0
N59980,1,0,1,0,0
N59981,1,0,1,0,0
N59983,1,0,1,0,0
N59984,1,0,1,0,0
N59986,1,0,1,0,0
N59987,1,0,1,0,0
N59989,1,0,1,0,0
N59990,1,0,1,0,0
N59992,1,0,1,0,0
N59993,1,0,1,0,0
N59995,1,0,1,0,0
N59996,1,0,1,0,0
N59998,1,0,1,0,0
N59999,1,0,1,0,0
N60001,1,0,1,0,0
N60002,1,0,1,0,0
N60004,1,0,1,0,0
N60005,1,0,1,0,0
N60007,1,0,1,0,0
N60008,1,0,1,0,0
N60010,1,0,1,0,0
N60011,1,0,1,0,0
N60013,1,0,1,0,0
N60014,1,0,1,0,0
N60016,1,0,1,0,0
N60017,1,0,1,0,0
N60019,1,0,1,0,0
N60020,1,0,1,0,0
N60022,1,0,1,0,0
N60023,1,0,1,0,0
N60028,1,0,1,0,0
N60029,1,0,1,0,0
N60031,1,0,1,0,0
N60032,1,0,1,0,0
N60034,1,0,1,0,0
N60035,1,0,1,0,0
N60037,1,0,1,0,0
N60038,1,0,1,0,0
N60040,1,0,1,0,0
N60041,1,0,1,0,0
N60043,1,0,1,0,0
N60044,1,0,1,0,0
N60046,1,0,1,0,0
N60047,1,0,1,0,0
N60049,1,0,1,0,0
N60050,1,0,1,0,0
N60052,1,0,1,0,0
N60053,1,0,1,0,0
N60055,1,0,1,0,0
N60056,1,0,1,0,0
N60058,1,0,1,0,0
N60059,1,0,1,0,0
N60061,1,0,1,0,0
N60062,1,0,1,0,0
N60064,1,0,1,0,0
N60065,1,0,1,0,0
N60067,1,0,1,0,0
N60068,1,0,1,0,0
N60070,1,0,1,0,0
N60071,1,0,1,0,0
N60073,1,0,1,0,0
N60074,1,0,1,0,0
N60076,1,0,1,0,0
N60077,1,0,1,0,0
N60079,1,0,1,0,0
N60080,1,0,1,0,0
N60082,1,0,1,0,0
N60083,1,0,1,0,0
N60085,1,0,1,0,0
N60086,1,0,1,0,0
N60088,1,0,1,0,0
N60089,1,0,1,0,0
N60091,1,0,1,0,0
N60092,1,0,1,0,0
N60094,1,0,1,0,0
N60095,1,0,1,0,0
N60097,1,0,1,0,0
N60098,1,0,1,0,0
N60100,1,0,1,0,0
N60101,1,0,1,0,0
N60103,1,0,1,0,0
N60104,1,0,1,0,0
N60106,1,0,1,0,0
N60107,1,0,1,0,0
N60109,1,0,1,0,0
N60110,1,0,1,0,0
N60112,1,0,1,0,0
N60113,1,0,1,0,0
N60115,1,0,1,0,0
N60116,1,0,1,0,0
N60118,1,0,1,0,0
N60119,1,0,1,0,0
N60121,1,0,1,0,0
N60122,1,0,1,0,0
N60124,1,0,1,0,0
N60125,1,0,1,0,0
N60127,1,0,1,0,0
N60128,1,0,1,0,0
N60130,1,0,1,0,0
N60131,1,0,1,0,0
N60133,1,0,1,0,0
N60134,1,0,1,0,0
N60136,1,0,1,0,0
N60137,1,0,1,0,0
N60139,1,0,1,0,0
N60140,1,0,1,0,0
N60142,1,0,1,0,0
N60143,1,0,1,0,0
N60145,1,0,1,0,0
N60146,1,0,1,0,0
N60148,1,0,1,0,0
N60149,1,0,1,0,0
N6015,1,0,1,0,0
N60151,1,0,1,0,0
N60152,1,0,1,0,0
N60154,1,0,1,0,0
N60155,1,0,1,0,0
N60157,1,0,1,0,0
N60158,1,0,1,0,0
N60160,1,0,1,0,0
N60161,1,0,1,0,0
N60163,1,0,1,0,0
N60164,1,0,1,0,0
N60166,1,0,1,0,0
N60167,1,0,1,0,0
N60169,1,0,1,0,0
N60170,1,0,1,0,0
N60172,1,0,1,0,0
N60173,1,0,1,0,0
N60175,1,0,1,0,0
N60176,1,0,1,0,0
N60178,1,0,1,0,0
N60179,1,0,1,0,0
N60181,1,0,1,0,0
N60182,1,0,1,0,0
N60184,1,0,1,0,0
N60185,1,0,1,0,0
N60187,1,0,1,0,0
N60188,1,0,1,0,0
N60190,1,0,1,0,0
N60191,1,0,1,0,0
N60193,1,0,1,0,0
N60194,1,0,1,0,0
N60196,1,0,1,0,0
N60197,1,0,1,0,0
N60199,1,0,1,0,0
N60200,1,0,1,0,0
N60202,1,0,1,0,0
N60203,1,0,1,0,0
N60205,1,0,1,0,0
N60206,1,0,1,0,0
N60208,1,0,1,0,0
N60209,1,0,1,0,0
N60211,1,0,1,0,0
N60212,1,0,1,0,0
N60214,1,0,1,0,0
N60229,1,0,1,0,0
N60268,1,0,1,0,0
N60269,1,0,1,0,0
N60272,1,0,1,0,0
N60287,1,0,1,0,0
N60296,1,0,1,0,0
N60305,1,0,1,0,0
N60313,1,0,1,0,0
N60325,1,0,1,0,0
N60439,1,0,1,0,0
N60447,1,0,1,0,0
N60455,1,0,1,0,0
N60463,1,0,1,0,0
N60471,1,0,1,0,0
N60479,1,0,1,0,0
N60487,1,0,1,0,0
N60495,1,0,1,0,0
N60503,1,0,1,0,0
N60511,1,0,1,0,0
N60519,1,0,1,0,0
N60527,1,0,1,0,0
N60535,1,0,1,0,0
N60543,1,0,1,0,0
N60551,1,0,1,0,0
N60559,1,0,1,0,0
N60567,1,0,1,0,0
N60575,1,0,1,0,0
N60583,1,0,1,0,0
N60591,1,0,1,0,0
N60599,1,0,1,0,0
N60607,1,0,1,0,0
N60615,1,0,1,0,0
N60623,1,0,1,0,0
N60631,1,0,1,0,0
N60639,1,0,1,0,0
N60647,1,0,1,0,0
N60672,1,0,1,0,0
N60673,1,0,1,0,0
N60683,1,0,1,0,0
N61046,1,0,1,0,0
N61052,1,0,1,0,0
N61058,1,0,1,0,0
N61064,1,0,1,0,0
N61070,1,0,1,0,0
N61076,1,0,1,0,0
N61082,1,0,1,0,0
N61088,1,0,1,0,0
N61094,1,0,1,0,0
N61100,1,0,1,0,0
N61106,1,0,1,0,0
N61112,1,0,1,0,0
N61118,1,0,1,0,0
N61124,1,0,1,0,0
N61130,1,0,1,0,0
N61136,1,0,1,0,0
N61148,1,0,1,0,0
N61232,1,0,1,0,0
N61237,1,0,1,0,0
N61245,1,0,1,0,0
N61249,1,0,1,0,0
N61250,1,0,1,0,0
N61253,1,0,1,0,0
N61256,1,0,1,0,0
N61258,1,0,1,0,0
N61262,1,0,1,0,0
N61265,1,0,1,0,0
N61267,1,0,1,0,0
N61270,1,0,1,0,0
N61273,1,0,1,0,0
N61278,1,0,1,0,0
N61282,1,0,1,0,0
N61283,1,0,1,0,0
N61286,1,0,1,0,0
N61289,1,0,1,0,0
N61294,1,0,1,0,0
N61295,1,0,1,0,0
N61298,1,0,1,0,0
N61300,1,0,1,0,0
N61303,1,0,1,0,0
N61306,1,0,1,0,0
N61307,1,0,1,0,0
N61311,1,0,1,0,0
N61315,1,0,1,0,0
N61316,1,0,1,0,0
N61319,1,0,1,0,0
N61322,1,0,1,0,0
N61327,1,0,1,0,0
N61328,1,0,1,0,0
N61332,1,0,1,0,0
N61333,1,0,1,0,0
N61336,1,0,1,0,0
N61339,1,0,1,0,0
N61340,1,0,1,0,0
N61344,1,0,1,0,0
N61348,1,0,1,0,0
N61349,1,0,1,0,0
N61352,1,0,1,0,0
N61355,1,0,1,0,0
N61360,1,0,1,0,0
N61361,1,0,1,0,0
N61364,1,0,1,0,0
N61366,1,0,1,0,0
N61367,1,0,1,0,0
N61370,1,0,1,0,0
N61373,1,0,1,0,0
N61374,1,0,1,0,0
N61378,1,0,1,0,0
N61381,1,0,1,0,0
N61383,1,0,1,0,0
N61386,1,0,1,0,0
N61389,1,0,1,0,0
N61394,1,0,1,0,0
N61395,1,0,1,0,0
N61399,1,0,1,0,0
N61400,1,0,1,0,0
N61403,1,0,1,0,0
N61406,1,0,1,0,0
N61411,1,0,1,0,0
N61415,1,0,1,0,0
N61416,1,0,1,0,0
N61419,1,0,1,0,0
N61422,1,0,1,0,0
N61423,1,0,1,0,0
N61427,1,0,1,0,0
N61428,1,0,1,0,0
N61431,1,0,1,0,0
N61433,1,0,1,0,0
N61434,1,0,1,0,0
N61437,1,0,1,0,0
N61440,1,0,1,0,0
N61441,1,0,1,0,0
N61445,1,0,1,0,0
N61448,1,0,1,0,0
N61450,1,0,1,0,0
N61453,1,0,1,0,0
N61456,1,0,1,0,0
N61461,1,0,1,0,0
N61462,1,0,1,0,0
N61466,1,0,1,0,0
N61467,1,0,1,0,0
N61470,1,0,1,0,0
N61473,1,0,1,0,0
N61474,1,0,1,0,0
N61478,1,0,1,0,0
N61482,1,0,1,0,0
N61483,1,0,1,0,0
N61486,1,0,1,0,0
N61489,1,0,1,0,0
N61494,1,0,1,0,0
N61495,1,0,1,0,0
N61498,1,0,1,0,0
N61500,1,0,1,0,0
N61503,1,0,1,0,0
N61506,1,0,1,0,0
N61507,1,0,1,0,0
N61511,1,0,1,0,0
N61520,1,0,1,0,0
N61523,1,0,1,0,0
N61528,1,0,1,0,0
N61529,1,0,1,0,0
N61538,1,0,1,0,0
N61541,1,0,1,0,0
N61542,1,0,1,0,0
N61551,1,0,1,0,0
N61554,1,0,1,0,0
N61564,1,0,1,0,0
N61568,1,0,1,0,0
N61571,1,0,1,0,0
N61572,1,0,1,0,0
N61585,1,0,1,0,0
N61588,1,0,1,0,0
N61601,1,0,1,0,0
N61604,1,0,1,0,0
N61605,1,0,1,0,0
N61617,1,0,1,0,0
N61620,1,0,1,0,0
N61638,1,0,1,0,0
N61652,1,0,1,0,0
N61655,1,0,1,0,0
N61672,1,0,1,0,0
N61673,1,0,1,0,0
N61688,1,0,1,0,0
N61705,1,0,1,0,0
N61718,1,0,1,0,0
N61719,1,0,1,0,0
N61733,1,0,1,0,0
N61739,1,0,1,0,0
N61754,1,0,1,0,0
N61847,1,0,1,0,0
N61849,1,0,1,0,0
N61851,1,0,1,0,0
N61897,1,0,1,0,0
N61901,1,0,1,0,0
N61957,1,0,1,0,0
N62011,1,0,1,0,0
N62054,1,0,1,0,0
N62057,1,0,1,0,0
N62075,1,0,1,0,0
N62076,1,0,1,0,0
N62078,1,0,1,0,0
N62081,1,0,1,0,0
N62084,1,0,1,0,0
N62085,1,0,1,0,0
N62125,1,0,1,0,0
N62130,1,0,1,0,0
N62137,1,0,1,0,0
N62141,1,0,1,0,0
N62159,1,0,1,0,0
N62171,1,0,1,0,0
N62177,1,0,1,0,0
N62187,1,0,1,0,0
N62188,1,0,1,0,0
N62194,1,0,1,0,0
N62200,1,0,1,0,0
N62215,1,0,1,0,0
N62245,1,0,1,0,0
N62250,1,0,1,0,0
N62251,1,0,1,0,0
N62254,1,0,1,0,0
N62257,1,0,1,0,0
N62616,1,0,1,0,0
N62619,1,0,1,0,0
N62622,1,0,1,0,0
N62764,1,0,1,0,0
N62766,1,0,1,0,0
N62776,1,0,1,0,0
N62781,1,0,1,0,0
N62782,1,0,1,0,0
N62784,1,0,1,0,0
N62793,1,0,1,0,0
N62796,1,0,1,0,0
N62800,1,0,1,0,0
N62805,1,0,1,0,0
N62806,1,0,1,0,0
N62808,1,0,1,0,0
N62813,1,0,1,0,0
N62814,1,0,1,0,0
N62817,1,0,1,0,0
N62819,1,0,1,0,0
N62820,1,0,1,0,0
N62825,1,0,1,0,0
N62826,1,0,1,0,0
N62831,1,0,1,0,0
N62835,1,0,1,0,0
N62837,1,0,1,0,0
N62844,1,0,1,0,0
N62847,1,0,1,0,0
N62849,1,0,1,0,0
N62855,1,0,1,0,0
N62861,1,0,1,0,0
N62866,1,0,1,0,0
N62868,1,0,1,0,0
N62871,1,0,1,0,0
N62878,1,0,1,0,0
N62884,1,0,1,0,0
N62886,1,0,1,0,0
N62889,1,0,1,0,0
N62896,1,0,1,0,0
N62907,1,0,1,0,0
N62910,1,0,1,0,0
N62913,1,0,1,0,0
N62914,1,0,1,0,0
N62916,1,0,1,0,0
N62919,1,0,1,0,0
N62920,1,0,1,0,0
N62922,1,0,1,0,0
N62925,1,0,1,0,0
N62928,1,0,1,0,0
N62931,1,0,1,0,0
N62932,1,0,1,0,0
N62934,1,0,1,0,0
N62937,1,0,1,0,0
N62938,1,0,1,0,0
N62940,1,0,1,0,0
N62943,1,0,1,0,0
N62944,1,0,1,0,0
N62946,1,0,1,0,0
N62949,1,0,1,0,0
N62950,1,0,1,0,0
N62952,1,0,1,0,0
N62957,1,0,1,0,0
N62963,1,0,1,0,0
N62969,1,0,1,0,0
N62974,1,0,1,0,0
N62975,1,0,1,0,0
N62981,1,0,1,0,0
N62986,1,0,1,0,0
N62987,1,0,1,0,0
N62993,1,0,1,0,0
N62999,1,0,1,0,0
N63004,1,0,1,0,0
N63006,1,0,1,0,0
N63010,1,0,1,0,0
N63016,1,0,1,0,0
N63018,1,0,1,0,0
N63022,1,0,1,0,0
N63028,1,0,1,0,0
N63030,1,0,1,0,0
N63033,1,0,1,0,0
N63034,1,0,1,0,0
N63036,1,0,1,0,0
N63040,1,0,1,0,0
N63046,1,0,1,0,0
N63053,1,0,1,0,0
N63059,1,0,1,0,0
N63072,1,0,1,0,0
N63077,1,0,1,0,0
N63089,1,0,1,0,0
N63095,1,0,1,0,0
N63099,1,0,1,0,0
N63100,1,0,1,0,0
N63101,1,0,1,0,0
N63112,1,0,1,0,0
N63118,1,0,1,0,0
N63154,1,0,1,0,0
N63168,1,0,1,0,0
N63178,1,0,1,0,0
N63189,1,0,1,0,0
N63203,1,0,1,0,0
N63226,1,0,1,0,0
N63238,1,0,1,0,0
N63280,1,0,1,0,0
N63341,1,0,1,0,0
N63342,1,0,1,0,0
N63348,1,0,1,0,0
N63354,1,0,1,0,0
N63359,1,0,1,0,0
N63360,1,0,1,0,0
N63366,1,0,1,0,0
N63372,1,0,1,0,0
N63378,1,0,1,0,0
N63384,1,0,1,0,0
N63389,1,0,1,0,0
N63390,1,0,1,0,0
N63395,1,0,1,0,0
N63396,1,0,1,0,0
N63401,1,0,1,0,0
N63402,1,0,1,0,0
N63407,1,0,1,0,0
N63408,1,0,1,0,0
N63413,1,0,1,0,0
N63414,1,0,1,0,0
N63419,1,0,1,0,0
N63420,1,0,1,0,0
N63425,1,0,1,0,0
N63426,1,0,1,0,0
N63431,1,0,1,0,0
N63432,1,0,1,0,0
N63436,1,0,1,0,0
N63437,1,0,1,0,0
N63438,1,0,1,0,0
N63442,1,0,1,0,0
N63443,1,0,1,0,0
N63448,1,0,1,0,0
N63449,1,0,1,0,0
N63450,1,0,1,0,0
N63454,1,0,1,0,0
N63455,1,0,1,0,0
N63460,1,0,1,0,0
N63461,1,0,1,0,0
N63462,1,0,1,0,0
N63466,1,0,1,0,0
N63467,1,0,1,0,0
N63472,1,0,1,0,0
N63473,1,0,1,0,0
N63478,1,0,1,0,0
N63479,1,0,1,0,0
N63484,1,0,1,0,0
N63485,1,0,1,0,0
N63492,1,0,1,0,0
N63499,1,0,1,0,0
N63506,1,0,1,0,0
N63513,1,0,1,0,0
N63520,1,0,1,0,0
N63527,1,0,1,0,0
N63528,1,0,1,0,0
N63533,1,0,1,0,0
N63534,1,0,1,0,0
N63561,1,0,1,0,0
N63602,1,0,1,0,0
N63612,1,0,1,0,0
N63614,1,0,1,0,0
N63640,1,0,1,0,0
N63644,1,0,1,0,0
N63649,1,0,1,0,0
N63655,1,0,1,0,0
N63659,1,0,1,0,0
N63680,1,0,1,0,0
N63685,1,0,1,0,0
N63696,1,0,1,0,0
N63702,1,0,1,0,0
N63718,1,0,1,0,0
N63723,1,0,1,0,0
N63725,1,0,1,0,0
N63730,1,0,1,0,0
N63732,1,0,1,0,0
N63734,1,0,1,0,0
N63736,1,0,1,0,0
N63754,1,0,1,0,0
N63796,1,0,1,0,0
N63822,1,0,1,0,0
N63827,1,0,1,0,0
N63833,1,0,1,0,0
N63834,1,0,1,0,0
N63851,1,0,1,0,0
N63852,1,0,1,0,0
N63866,1,0,1,0,0
N63875,1,0,1,0,0
N63889,1,0,1,0,0
N63892,1,0,1,0,0
N63900,1,0,1,0,0
N63926,1,0,1,0,0
N63964,1,0,1,0,0
N63970,1,0,1,0,0
N63979,1,0,1,0,0
N63989,1,0,1,0,0
N63990,1,0,1,0,0
N63996,1,0,1,0,0
N64017,1,0,1,0,0
N64033,1,0,1,0,0
N64040,1,0,1,0,0
N64057,1,0,1,0,0
N64061,1,0,1,0,0
N64099,1,0,1,0,0
N64105,1,0,1,0,0
N64108,1,0,1,0,0
N64126,1,0,1,0,0
N64167,1,0,1,0,0
N64175,1,0,1,0,0
N64177,1,0,1,0,0
N64180,1,0,1,0,0
N64190,1,0,1,0,0
N64191,1,0,1,0,0
N64230,1,0,1,0,0
N64231,1,0,1,0,0
N64234,1,0,1,0,0
N64237,1,0,1,0,0
N64241,1,0,1,0,0
N64245,1,0,1,0,0
N64248,1,0,1,0,0
N64256,1,0,1,0,0
N64259,1,0,1,0,0
N64283,1,0,1,0,0
N64289,1,0,1,0,0
N64291,1,0,1,0,0
N64298,1,0,1,0,0
N64301,1,0,1,0,0
N64308,1,0,1,0,0
N64312,1,0,1,0,0
N64315,1,0,1,0,0
N64318,1,0,1,0,0
N64326,1,0,1,0,0
N64329,1,0,1,0,0
N64332,1,0,1,0,0
N64335,1,0,1,0,0
N64338,1,0,1,0,0
N64341,1,0,1,0,0
N64350,1,0,1,0,0
N64358,1,0,1,0,0
N64361,1,0,1,0,0
N64369,1,0,1,0,0
N64372,1,0,1,0,0
N64376,1,0,1,0,0
N64380,1,0,1,0,0
N64383,1,0,1,0,0
N64391,1,0,1,0,0
N64392,1,0,1,0,0
N64394,1,0,1,0,0
N64397,1,0,1,0,0
N64400,1,0,1,0,0
N64403,1,0,1,0,0
N64406,1,0,1,0,0
N64409,1,0,1,0,0
N64415,1,0,1,0,0
N64418,1,0,1,0,0
N64426,1,0,1,0,0
N64433,1,0,1,0,0
N64436,1,0,1,0,0
N64439,1,0,1,0,0
N64443,1,0,1,0,0
N64447,1,0,1,0,0
N64450,1,0,1,0,0
N64453,1,0,1,0,0
N64456,1,0,1,0,0
N64458,1,0,1,0,0
N64459,1,0,1,0,0
N64461,1,0,1,0,0
N64467,1,0,1,0,0
N64470,1,0,1,0,0
N64476,1,0,1,0,0
N64482,1,0,1,0,0
N64485,1,0,1,0,0
N64489,1,0,1,0,0
N64493,1,0,1,0,0
N64500,1,0,1,0,0
N64501,1,0,1,0,0
N64504,1,0,1,0,0
N64507,1,0,1,0,0
N64511,1,0,1,0,0
N64514,1,0,1,0,0
N64517,1,0,1,0,0
N64520,1,0,1,0,0
N64525,1,0,1,0,0
N64526,1,0,1,0,0
N64528,1,0,1,0,0
N64531,1,0,1,0,0
N64534,1,0,1,0,0
N64537,1,0,1,0,0
N64540,1,0,1,0,0
N64549,1,0,1,0,0
N64552,1,0,1,0,0
N64559,1,0,1,0,0
N64562,1,0,1,0,0
N64566,1,0,1,0,0
N64569,1,0,1,0,0
N64572,1,0,1,0,0
N64575,1,0,1,0,0
N64577,1,0,1,0,0
N64580,1,0,1,0,0
N64583,1,0,1,0,0
N64587,1,0,1,0,0
N64589,1,0,1,0,0
N64591,1,0,1,0,0
N64594,1,0,1,0,0
N64597,1,0,1,0,0
N64600,1,0,1,0,0
N64603,1,0,1,0,0
N64606,1,0,1,0,0
N64612,1,0,1,0,0
N64615,1,0,1,0,0
N64618,1,0,1,0,0
N64620,1,0,1,0,0
N64623,1,0,1,0,0
N64627,1,0,1,0,0
N64628,1,0,1,0,0
N64631,1,0,1,0,0
N64634,1,0,1,0,0
N64637,1,0,1,0,0
N64638,1,0,1,0,0
N64641,1,0,1,0,0
N64644,1,0,1,0,0
N64647,1,0,1,0,0
N64651,1,0,1,0,0
N64652,1,0,1,0,0
N64653,1,0,1,0,0
N64655,1,0,1,0,0
N64658,1,0,1,0,0
N64661,1,0,1,0,0
N64664,1,0,1,0,0
N64667,1,0,1,0,0
N64670,1,0,1,0,0
N64673,1,0,1,0,0
N64676,1,0,1,0,0
N64679,1,0,1,0,0
N64682,1,0,1,0,0
N64683,1,0,1,0,0
N64686,1,0,1,0,0
N64689,1,0,1,0,0
N64693,1,0,1,0,0
N64696,1,0,1,0,0
N64699,1,0,1,0,0
N64702,1,0,1,0,0
N64704,1,0,1,0,0
N64707,1,0,1,0,0
N64710,1,0,1,0,0
N64714,1,0,1,0,0
N64717,1,0,1,0,0
N64719,1,0,1,0,0
N64722,1,0,1,0,0
N64725,1,0,1,0,0
N64728,1,0,1,0,0
N64731,1,0,1,0,0
N64734,1,0,1,0,0
N64740,1,0,1,0,0
N64743,1,0,1,0,0
N64746,1,0,1,0,0
N64748,1,0,1,0,0
N64751,1,0,1,0,0
N64755,1,0,1,0,0
N64756,1,0,1,0,0
N64759,1,0,1,0,0
N64762,1,0,1,0,0
N64765,1,0,1,0,0
N64767,1,0,1,0,0
N64770,1,0,1,0,0
N64773,1,0,1,0,0
N64776,1,0,1,0,0
N64777,1,0,1,0,0
N64779,1,0,1,0,0
N64781,1,0,1,0,0
N64784,1,0,1,0,0
N64787,1,0,1,0,0
N64790,1,0,1,0,0
N64793,1,0,1,0,0
N64796,1,0,1,0,0
N64802,1,0,1,0,0
N64805,1,0,1,0,0
N64808,1,0,1,0,0
N64810,1,0,1,0,0
N64813,1,0,1,0,0
N64815,1,0,1,0,0
N64816,1,0,1,0,0
N64819,1,0,1,0,0
N64822,1,0,1,0,0
N64825,1,0,1,0,0
N64828,1,0,1,0,0
N64831,1,0,1,0,0
N64834,1,0,1,0,0
N64837,1,0,1,0,0
N64841,1,0,1,0,0
N64842,1,0,1,0,0
N64843,1,0,1,0,0
N64845,1,0,1,0,0
N64848,1,0,1,0,0
N64851,1,0,1,0,0
N64854,1,0,1,0,0
N64857,1,0,1,0,0
N64860,1,0,1,0,0
N64863,1,0,1,0,0
N64866,1,0,1,0,0
N64869,1,0,1,0,0
N64872,1,0,1,0,0
N64875,1,0,1,0,0
N64878,1,0,1,0,0
N64880,1,0,1,0,0
N64881,1,0,1,0,0
N64884,1,0,1,0,0
N64885,1,0,1,0,0
N64888,1,0,1,0,0
N64891,1,0,1,0,0
N64895,1,0,1,0,0
N64898,1,0,1,0,0
N64901,1,0,1,0,0
N64905,1,0,1,0,0
N64906,1,0,1,0,0
N64907,1,0,1,0,0
N64909,1,0,1,0,0
N64912,1,0,1,0,0
N64915,1,0,1,0,0
N64918,1,0,1,0,0
N64921,1,0,1,0,0
N64924,1,0,1,0,0
N64927,1,0,1,0,0
N64930,1,0,1,0,0
N64933,1,0,1,0,0
N64937,1,0,1,0,0
N64940,1,0,1,0,0
N64942,1,0,1,0,0
N64943,1,0,1,0,0
N64946,1,0,1,0,0
N64949,1,0,1,0,0
N64952,1,0,1,0,0
N64955,1,0,1,0,0
N64956,1,0,1,0,0
N64959,1,0,1,0,0
N64962,1,0,1,0,0
N64965,1,0,1,0,0
N64968,1,0,1,0,0
N64969,1,0,1,0,0
N64970,1,0,1,0,0
N64971,1,0,1,0,0
N64973,1,0,1,0,0
N64976,1,0,1,0,0
N64979,1,0,1,0,0
N64982,1,0,1,0,0
N64985,1,0,1,0,0
N64988,1,0,1,0,0
N64991,1,0,1,0,0
N64994,1,0,1,0,0
N64997,1,0,1,0,0
N65000,1,0,1,0,0
N65001,1,0,1,0,0
N65004,1,0,1,0,0
N65007,1,0,1,0,0
N65011,1,0,1,0,0
N65012,1,0,1,0,0
N65015,1,0,1,0,0
N65018,1,0,1,0,0
N65021,1,0,1,0,0
N65023,1,0,1,0,0
N65026,1,0,1,0,0
N65029,1,0,1,0,0
N65031,1,0,1,0,0
N65032,1,0,1,0,0
N65033,1,0,1,0,0
N65034,1,0,1,0,0
N65037,1,0,1,0,0
N65038,1,0,1,0,0
N65040,1,0,1,0,0
N65043,1,0,1,0,0
N65046,1,0,1,0,0
N65049,1,0,1,0,0
N65052,1,0,1,0,0
N65055,1,0,1,0,0
N65058,1,0,1,0,0
N65061,1,0,1,0,0
N65064,1,0,1,0,0
N65066,1,0,1,0,0
N65069,1,0,1,0,0
N65073,1,0,1,0,0
N65076,1,0,1,0,0
N65079,1,0,1,0,0
N65082,1,0,1,0,0
N65083,1,0,1,0,0
N65086,1,0,1,0,0
N65089,1,0,1,0,0
N65092,1,0,1,0,0
N65096,1,0,1,0,0
N65097,1,0,1,0,0
N65098,1,0,1,0,0
N65100,1,0,1,0,0
N65103,1,0,1,0,0
N65106,1,0,1,0,0
N65109,1,0,1,0,0
N65112,1,0,1,0,0
N65115,1,0,1,0,0
N65118,1,0,1,0,0
N65121,1,0,1,0,0
N65124,1,0,1,0,0
N65127,1,0,1,0,0
N65128,1,0,1,0,0
N65131,1,0,1,0,0
N65134,1,0,1,0,0
N65138,1,0,1,0,0
N65139,1,0,1,0,0
N65142,1,0,1,0,0
N65145,1,0,1,0,0
N65148,1,0,1,0,0
N65150,1,0,1,0,0
N65153,1,0,1,0,0
N65156,1,0,1,0,0
N65159,1,0,1,0,0
N65161,1,0,1,0,0
N65163,1,0,1,0,0
N65165,1,0,1,0,0
N65168,1,0,1,0,0
N65171,1,0,1,0,0
N65174,1,0,1,0,0
N65177,1,0,1,0,0
N65180,1,0,1,0,0
N65183,1,0,1,0,0
N65186,1,0,1,0,0
N65189,1,0,1,0,0
N65192,1,0,1,0,0
N65194,1,0,1,0,0
N65197,1,0,1,0,0
N65201,1,0,1,0,0
N65204,1,0,1,0,0
N65207,1,0,1,0,0
N65210,1,0,1,0,0
N65212,1,0,1,0,0
N65215,1,0,1,0,0
N65218,1,0,1,0,0
N65220,1,0,1,0,0
N65222,1,0,1,0,0
N65223,1,0,1,0,0
N65225,1,0,1,0,0
N65228,1,0,1,0,0
N65231,1,0,1,0,0
N65234,1,0,1,0,0
N65237,1,0,1,0,0
N65240,1,0,1,0,0
N65243,1,0,1,0,0
N65246,1,0,1,0,0
N65249,1,0,1,0,0
N65252,1,0,1,0,0
N65253,1,0,1,0,0
N65255,1,0,1,0,0
N65258,1,0,1,0,0
N65262,1,0,1,0,0
N65263,1,0,1,0,0
N65266,1,0,1,0,0
N65269,1,0,1,0,0
N65272,1,0,1,0,0
N65274,1,0,1,0,0
N65277,1,0,1,0,0
N65280,1,0,1,0,0
N65283,1,0,1,0,0
N65284,1,0,1,0,0
N65285,1,0,1,0,0
N65286,1,0,1,0,0
N65288,1,0,1,0,0
N65291,1,0,1,0,0
N65294,1,0,1,0,0
N65297,1,0,1,0,0
N65300,1,0,1,0,0
N65303,1,0,1,0,0
N65306,1,0,1,0,0
N65309,1,0,1,0,0
N65312,1,0,1,0,0
N65315,1,0,1,0,0
N65317,1,0,1,0,0
N65320,1,0,1,0,0
N65324,1,0,1,0,0
N65327,1,0,1,0,0
N65330,1,0,1,0,0
N65333,1,0,1,0,0
N65334,1,0,1,0,0
N65337,1,0,1,0,0
N65340,1,0,1,0,0
N65343,1,0,1,0,0
N65347,1,0,1,0,0
N65348,1,0,1,0,0
N65349,1,0,1,0,0
N65351,1,0,1,0,0
N65354,1,0,1,0,0
N65357,1,0,1,0,0
N65360,1,0,1,0,0
N65363,1,0,1,0,0
N65366,1,0,1,0,0
N65369,1,0,1,0,0
N65372,1,0,1,0,0
N65375,1,0,1,0,0
N65378,1,0,1,0,0
N65379,1,0,1,0,0
N65382,1,0,1,0,0
N65385,1,0,1,0,0
N65389,1,0,1,0,0
N65390,1,0,1,0,0
N65393,1,0,1,0,0
N65396,1,0,1,0,0
N65399,1,0,1,0,0
N65401,1,0,1,0,0
N65404,1,0,1,0,0
N65407,1,0,1,0,0
N65411,1,0,1,0,0
N65412,1,0,1,0,0
N65413,1,0,1,0,0
N65415,1,0,1,0,0
N65416,1,0,1,0,0
N65418,1,0,1,0,0
N65421,1,0,1,0,0
N65424,1,0,1,0,0
N65427,1,0,1,0,0
N65430,1,0,1,0,0
N65433,1,0,1,0,0
N65436,1,0,1,0,0
N65439,1,0,1,0,0
N65442,1,0,1,0,0
N65444,1,0,1,0,0
N65447,1,0,1,0,0
N65451,1,0,1,0,0
N65454,1,0,1,0,0
N65457,1,0,1,0,0
N65460,1,0,1,0,0
N65461,1,0,1,0,0
N65464,1,0,1,0,0
N65467,1,0,1,0,0
N65470,1,0,1,0,0
N65474,1,0,1,0,0
N65475,1,0,1,0,0
N65476,1,0,1,0,0
N65478,1,0,1,0,0
N65481,1,0,1,0,0
N65484,1,0,1,0,0
N65487,1,0,1,0,0
N65490,1,0,1,0,0
N65493,1,0,1,0,0
N65496,1,0,1,0,0
N65499,1,0,1,0,0
N65502,1,0,1,0,0
N65505,1,0,1,0,0
N65506,1,0,1,0,0
N65509,1,0,1,0,0
N65512,1,0,1,0,0
N65516,1,0,1,0,0
N65517,1,0,1,0,0
N65520,1,0,1,0,0
N65523,1,0,1,0,0
N65526,1,0,1,0,0
N65528,1,0,1,0,0
N65531,1,0,1,0,0
N65534,1,0,1,0,0
N65538,1,0,1,0,0
N65541,1,0,1,0,0
N65543,1,0,1,0,0
N65546,1,0,1,0,0
N65549,1,0,1,0,0
N65552,1,0,1,0,0
N65555,1,0,1,0,0
N65558,1,0,1,0,0
N65561,1,0,1,0,0
N65564,1,0,1,0,0
N65567,1,0,1,0,0
N65570,1,0,1,0,0
N65572,1,0,1,0,0
N65575,1,0,1,0,0
N65579,1,0,1,0,0
N65582,1,0,1,0,0
N65585,1,0,1,0,0
N65588,1,0,1,0,0
N65590,1,0,1,0,0
N65593,1,0,1,0,0
N65596,1,0,1,0,0
N65599,1,0,1,0,0
N65600,1,0,1,0,0
N65602,1,0,1,0,0
N65604,1,0,1,0,0
N65607,1,0,1,0,0
N65610,1,0,1,0,0
N65613,1,0,1,0,0
N65616,1,0,1,0,0
N65619,1,0,1,0,0
N65622,1,0,1,0,0
N65625,1,0,1,0,0
N65628,1,0,1,0,0
N65631,1,0,1,0,0
N65633,1,0,1,0,0
N65636,1,0,1,0,0
N65640,1,0,1,0,0
N65641,1,0,1,0,0
N65644,1,0,1,0,0
N65647,1,0,1,0,0
N65650,1,0,1,0,0
N65651,1,0,1,0,0
N65654,1,0,1,0,0
N65657,1,0,1,0,0
N65660,1,0,1,0,0
N65662,1,0,1,0,0
N65664,1,0,1,0,0
N65665,1,0,1,0,0
N65666,1,0,1,0,0
N65668,1,0,1,0,0
N65669,1,0,1,0,0
N65671,1,0,1,0,0
N65674,1,0,1,0,0
N65677,1,0,1,0,0
N65680,1,0,1,0,0
N65683,1,0,1,0,0
N65686,1,0,1,0,0
N65689,1,0,1,0,0
N65692,1,0,1,0,0
N65695,1,0,1,0,0
N65696,1,0,1,0,0
N65699,1,0,1,0,0
N65702,1,0,1,0,0
N65706,1,0,1,0,0
N65709,1,0,1,0,0
N65712,1,0,1,0,0
N65715,1,0,1,0,0
N65717,1,0,1,0,0
N65720,1,0,1,0,0
N65723,1,0,1,0,0
N65725,1,0,1,0,0
N65726,1,0,1,0,0
N65727,1,0,1,0,0
N65728,1,0,1,0,0
N65731,1,0,1,0,0
N65734,1,0,1,0,0
N65737,1,0,1,0,0
N65740,1,0,1,0,0
N65743,1,0,1,0,0
N65746,1,0,1,0,0
N65749,1,0,1,0,0
N65752,1,0,1,0,0
N65755,1,0,1,0,0
N65758,1,0,1,0,0
N65760,1,0,1,0,0
N65763,1,0,1,0,0
N65767,1,0,1,0,0
N65770,1,0,1,0,0
N65773,1,0,1,0,0
N65776,1,0,1,0,0
N65778,1,0,1,0,0
N65781,1,0,1,0,0
N65784,1,0,1,0,0
N65787,1,0,1,0,0
N65788,1,0,1,0,0
N65789,1,0,1,0,0
N65790,1,0,1,0,0
N65792,1,0,1,0,0
N65795,1,0,1,0,0
N65798,1,0,1,0,0
N65801,1,0,1,0,0
N65804,1,0,1,0,0
N65807,1,0,1,0,0
N65810,1,0,1,0,0
N65813,1,0,1,0,0
N65816,1,0,1,0,0
N65819,1,0,1,0,0
N65821,1,0,1,0,0
N65824,1,0,1,0,0
N65828,1,0,1,0,0
N65831,1,0,1,0,0
N65834,1,0,1,0,0
N65837,1,0,1,0,0
N65840,1,0,1,0,0
N65843,1,0,1,0,0
N65846,1,0,1,0,0
N65849,1,0,1,0,0
N65850,1,0,1,0,0
N65851,1,0,1,0,0
N65852,1,0,1,0,0
N65854,1,0,1,0,0
N65857,1,0,1,0,0
N65860,1,0,1,0,0
N65863,1,0,1,0,0
N65866,1,0,1,0,0
N65869,1,0,1,0,0
N65872,1,0,1,0,0
N65875,1,0,1,0,0
N65878,1,0,1,0,0
N65881,1,0,1,0,0
N65884,1,0,1,0,0
N65887,1,0,1,0,0
N65889,1,0,1,0,0
N65890,1,0,1,0,0
N65894,1,0,1,0,0
N65898,1,0,1,0,0
N65909,1,0,1,0,0
N65910,1,0,1,0,0
N65936,1,0,1,0,0
N66081,1,0,1,0,0
N66087,1,0,1,0,0
N66092,1,0,1,0,0
N66098,1,0,1,0,0
N66114,1,0,1,0,0
N66117,1,0,1,0,0
N66120,1,0,1,0,0
N66125,1,0,1,0,0
N66128,1,0,1,0,0
N66131,1,0,1,0,0
N66136,1,0,1,0,0
N66139,1,0,1,0,0
N66142,1,0,1,0,0
N66147,1,0,1,0,0
N66150,1,0,1,0,0
N66153,1,0,1,0,0
N66158,1,0,1,0,0
N66161,1,0,1,0,0
N66164,1,0,1,0,0
N66169,1,0,1,0,0
N66172,1,0,1,0,0
N66175,1,0,1,0,0
N66180,1,0,1,0,0
N66183,1,0,1,0,0
N66186,1,0,1,0,0
N66191,1,0,1,0,0
N66194,1,0,1,0,0
N66197,1,0,1,0,0
N66202,1,0,1,0,0
N66205,1,0,1,0,0
N66208,1,0,1,0,0
N66213,1,0,1,0,0
N66216,1,0,1,0,0
N66219,1,0,1,0,0
N66224,1,0,1,0,0
N66227,1,0,1,0,0
N66230,1,0,1,0,0
N66235,1,0,1,0,0
N66238,1,0,1,0,0
N66241,1,0,1,0,0
N66246,1,0,1,0,0
N66249,1,0,1,0,0
N66252,1,0,1,0,0
N66257,1,0,1,0,0
N66260,1,0,1,0,0
N66263,1,0,1,0,0
N66268,1,0,1,0,0
N66271,1,0,1,0,0
N66274,1,0,1,0,0
N66387,1,0,1,0,0
N66394,1,0,1,0,0
N66400,1,0,1,0,0
N66401,1,0,1,0,0
N66413,1,0,1,0,0
N66414,1,0,1,0,0
N66420,1,0,1,0,0
N66426,1,0,1,0,0
N66427,1,0,1,0,0
N66433,1,0,1,0,0
N66439,1,0,1,0,0
N66440,1,0,1,0,0
N66446,1,0,1,0,0
N66452,1,0,1,0,0
N66453,1,0,1,0,0
N66459,1,0,1,0,0
N66465,1,0,1,0,0
N66466,1,0,1,0,0
N66472,1,0,1,0,0
N66478,1,0,1,0,0
N66479,1,0,1,0,0
N66485,1,0,1,0,0
N66491,1,0,1,0,0
N66492,1,0,1,0,0
N66498,1,0,1,0,0
N66504,1,0,1,0,0
N66505,1,0,1,0,0
N66511,1,0,1,0,0
N66517,1,0,1,0,0
N66518,1,0,1,0,0
N66524,1,0,1,0,0
N66530,1,0,1,0,0
N66531,1,0,1,0,0
N66537,1,0,1,0,0
N66543,1,0,1,0,0
N66549,1,0,1,0,0
N66579,1,0,1,0,0
N66593,1,0,1,0,0
N66600,1,0,1,0,0
N66604,1,0,1,0,0
N66608,1,0,1,0,0
N66615,1,0,1,0,0
N66616,1,0,1,0,0
N66623,1,0,1,0,0
N66630,1,0,1,0,0
N66631,1,0,1,0,0
N66638,1,0,1,0,0
N66645,1,0,1,0,0
N66646,1,0,1,0,0
N66653,1,0,1,0,0
N66660,1,0,1,0,0
N66661,1,0,1,0,0
N66668,1,0,1,0,0
N66675,1,0,1,0,0
N66676,1,0,1,0,0
N66683,1,0,1,0,0
N66690,1,0,1,0,0
N66691,1,0,1,0,0
N66698,1,0,1,0,0
N66705,1,0,1,0,0
N66706,1,0,1,0,0
N66713,1,0,1,0,0
N66720,1,0,1,0,0
N66721,1,0,1,0,0
N66728,1,0,1,0,0
N66735,1,0,1,0,0
N66736,1,0,1,0,0
N66743,1,0,1,0,0
N66750,1,0,1,0,0
N66751,1,0,1,0,0
N66758,1,0,1,0,0
N66765,1,0,1,0,0
N66766,1,0,1,0,0
N66773,1,0,1,0,0
N66780,1,0,1,0,0
N66787,1,0,1,0,0
N66798,1,0,1,0,0
N66806,1,0,1,0,0
N66815,1,0,1,0,0
N66816,1,0,1,0,0
N66829,1,0,1,0,0
N66841,1,0,1,0,0
N66851,1,0,1,0,0
N66854,1,0,1,0,0
N66862,1,0,1,0,0
N66865,1,0,1,0,0
N66873,1,0,1,0,0
N66876,1,0,1,0,0
N66884,1,0,1,0,0
N66887,1,0,1,0,0
N66895,1,0,1,0,0
N66898,1,0,1,0,0
N66906,1,0,1,0,0
N66909,1,0,1,0,0
N66917,1,0,1,0,0
N66918,1,0,1,0,0
N66920,1,0,1,0,0
N66928,1,0,1,0,0
N66931,1,0,1,0,0
N66939,1,0,1,0,0
N66940,1,0,1,0,0
N66942,1,0,1,0,0
N66950,1,0,1,0,0
N66953,1,0,1,0,0
N66961,1,0,1,0,0
N66964,1,0,1,0,0
N66972,1,0,1,0,0
N66973,1,0,1,0,0
N66975,1,0,1,0,0
N66983,1,0,1,0,0
N66984,1,0,1,0,0
N66986,1,0,1,0,0
N66994,1,0,1,0,0
N66997,1,0,1,0,0
N67005,1,0,1,0,0
N67008,1,0,1,0,0
N67016,1,0,1,0,0
N67019,1,0,1,0,0
N67027,1,0,1,0,0
N67030,1,0,1,0,0
N67038,1,0,1,0,0
N67041,1,0,1,0,0
N67049,1,0,1,0,0
N67052,1,0,1,0,0
N67060,1,0,1,0,0
N67063,1,0,1,0,0
N67071,1,0,1,0,0
N67074,1,0,1,0,0
N67082,1,0,1,0,0
N67085,1,0,1,0,0
N67093,1,0,1,0,0
N67096,1,0,1,0,0
N67104,1,0,1,0,0
N67107,1,0,1,0,0
N67115,1,0,1,0,0
N67116,1,0,1,0,0
N67118,1,0,1,0,0
N67126,1,0,1,0,0
N67127,1,0,1,0,0
N67129,1,0,1,0,0
N67137,1,0,1,0,0
N67140,1,0,1,0,0
N67147,1,0,1,0,0
N67324,1,0,1,0,0
N67325,1,0,1,0,0
N67330,1,0,1,0,0
N6737,1,0,1,0,0
N6747,1,0,1,0,0
N67470,1,0,1,0,0
N67521,1,0,1,0,0
N67525,1,0,1,0,0
N67589,1,0,1,0,0
N67592,1,0,1,0,0
N67594,1,0,1,0,0
N67595,1,0,1,0,0
N67600,1,0,1,0,0
N67601,1,0,1,0,0
N67604,1,0,1,0,0
N67606,1,0,1,0,0
N67612,1,0,1,0,0
N67616,1,0,1,0,0
N67617,1,0,1,0,0
N67618,1,0,1,0,0
N67623,1,0,1,0,0
N67624,1,0,1,0,0
N67630,1,0,1,0,0
N67636,1,0,1,0,0
N67641,1,0,1,0,0
N67646,1,0,1,0,0
N67653,1,0,1,0,0
N67654,1,0,1,0,0
N67658,1,0,1,0,0
N67660,1,0,1,0,0
N67676,1,0,1,0,0
N67682,1,0,1,0,0
N67684,1,0,1,0,0
N67694,1,0,1,0,0
N67696,1,0,1,0,0
N67697,1,0,1,0,0
N67701,1,0,1,0,0
N67702,1,0,1,0,0
N67708,1,0,1,0,0
N67720,1,0,1,0,0
N67726,1,0,1,0,0
N67730,1,0,1,0,0
N67731,1,0,1,0,0
N67736,1,0,1,0,0
N67739,1,0,1,0,0
N67743,1,0,1,0,0
N67744,1,0,1,0,0
N67745,1,0,1,0,0
N67750,1,0,1,0,0
N67751,1,0,1,0,0
N67756,1,0,1,0,0
N67757,1,0,1,0,0
N67761,1,0,1,0,0
N67762,1,0,1,0,0
N67768,1,0,1,0,0
N6777,1,0,1,0,0
N67773,1,0,1,0,0
N67774,1,0,1,0,0
N67775,1,0,1,0,0
N67779,1,0,1,0,0
N67780,1,0,1,0,0
N67784,1,0,1,0,0
N67785,1,0,1,0,0
N67787,1,0,1,0,0
N67790,1,0,1,0,0
N67791,1,0,1,0,0
N67792,1,0,1,0,0
N67796,1,0,1,0,0
N67797,1,0,1,0,0
N67798,1,0,1,0,0
N67799,1,0,1,0,0
N6780,1,0,1,0,0
N67802,1,0,1,0,0
N67804,1,0,1,0,0
N67808,1,0,1,0,0
N6781,1,0,1,0,0
N67810,1,0,1,0,0
N67814,1,0,1,0,0
N67815,1,0,1,0,0
N67816,1,0,1,0,0
N67820,1,0,1,0,0
N67821,1,0,1,0,0
N67822,1,0,1,0,0
N67823,1,0,1,0,0
N67826,1,0,1,0,0
N67828,1,0,1,0,0
N67829,1,0,1,0,0
N67832,1,0,1,0,0
N67833,1,0,1,0,0
N67834,1,0,1,0,0
N67835,1,0,1,0,0
N67838,1,0,1,0,0
N67840,1,0,1,0,0
N67844,1,0,1,0,0
N67846,1,0,1,0,0
N67850,1,0,1,0,0
N67852,1,0,1,0,0
N67856,1,0,1,0,0
N67857,1,0,1,0,0
N67858,1,0,1,0,0
N67862,1,0,1,0,0
N67863,1,0,1,0,0
N67864,1,0,1,0,0
N67868,1,0,1,0,0
N67870,1,0,1,0,0
N67874,1,0,1,0,0
N67876,1,0,1,0,0
N67877,1,0,1,0,0
N67882,1,0,1,0,0
N67887,1,0,1,0,0
N67889,1,0,1,0,0
N67893,1,0,1,0,0
N67898,1,0,1,0,0
N67899,1,0,1,0,0
N67901,1,0,1,0,0
N67905,1,0,1,0,0
N67910,1,0,1,0,0
N67911,1,0,1,0,0
N67912,1,0,1,0,0
N67917,1,0,1,0,0
N67922,1,0,1,0,0
N67923,1,0,1,0,0
N67929,1,0,1,0,0
N67930,1,0,1,0,0
N67934,1,0,1,0,0
N67935,1,0,1,0,0
N67937,1,0,1,0,0
N67940,1,0,1,0,0
N67941,1,0,1,0,0
N67943,1,0,1,0,0
N67946,1,0,1,0,0
N67947,1,0,1,0,0
N67949,1,0,1,0,0
N67952,1,0,1,0,0
N67953,1,0,1,0,0
N67955,1,0,1,0,0
N67958,1,0,1,0,0
N67959,1,0,1,0,0
N67961,1,0,1,0,0
N67964,1,0,1,0,0
N67965,1,0,1,0,0
N67967,1,0,1,0,0
N67970,1,0,1,0,0
N67971,1,0,1,0,0
N67973,1,0,1,0,0
N67977,1,0,1,0,0
N67979,1,0,1,0,0
N67983,1,0,1,0,0
N67985,1,0,1,0,0
N67986,1,0,1,0,0
N67990,1,0,1,0,0
N67991,1,0,1,0,0
N67992,1,0,1,0,0
N67997,1,0,1,0,0
N67999,1,0,1,0,0
N68004,1,0,1,0,0
N68006,1,0,1,0,0
N68011,1,0,1,0,0
N68013,1,0,1,0,0
N68018,1,0,1,0,0
N68020,1,0,1,0,0
N68025,1,0,1,0,0
N68026,1,0,1,0,0
N68027,1,0,1,0,0
N6804,1,0,1,0,0
N68049,1,0,1,0,0
N68060,1,0,1,0,0
N68070,1,0,1,0,0
N68074,1,0,1,0,0
N68076,1,0,1,0,0
N68090,1,0,1,0,0
N68096,1,0,1,0,0
N68098,1,0,1,0,0
N68102,1,0,1,0,0
N68110,1,0,1,0,0
N6812,1,0,1,0,0
N68123,1,0,1,0,0
N68125,1,0,1,0,0
N68132,1,0,1,0,0
N68138,1,0,1,0,0
N68140,1,0,1,0,0
N68158,1,0,1,0,0
N68160,1,0,1,0,0
N68167,1,0,1,0,0
N68186,1,0,1,0,0
N68195,1,0,1,0,0
N68209,1,0,1,0,0
N68244,1,0,1,0,0
N68258,1,0,1,0,0
N68264,1,0,1,0,0
N68265,1,0,1,0,0
N68271,1,0,1,0,0
N68278,1,0,1,0,0
N68284,1,0,1,0,0
N68285,1,0,1,0,0
N68292,1,0,1,0,0
N68299,1,0,1,0,0
N68306,1,0,1,0,0
N68313,1,0,1,0,0
N68319,1,0,1,0,0
N68326,1,0,1,0,0
N68333,1,0,1,0,0
N68340,1,0,1,0,0
N68347,1,0,1,0,0
N68354,1,0,1,0,0
N68355,1,0,1,0,0
N68361,1,0,1,0,0
N68363,1,0,1,0,0
N68370,1,0,1,0,0
N68377,1,0,1,0,0
N68385,1,0,1,0,0
N68388,1,0,1,0,0
N68393,1,0,1,0,0
N68394,1,0,1,0,0
N68401,1,0,1,0,0
N68404,1,0,1,0,0
N68409,1,0,1,0,0
N68411,1,0,1,0,0
N68417,1,0,1,0,0
N68419,1,0,1,0,0
N68424,1,0,1,0,0
N68425,1,0,1,0,0
N68428,1,0,1,0,0
N68448,1,0,1,0,0
N6854,1,0,1,0,0
N68589,1,0,1,0,0
N68598,1,0,1,0,0
N68617,1,0,1,0,0
N68624,1,0,1,0,0
N68628,1,0,1,0,0
N68641,1,0,1,0,0
N68656,1,0,1,0,0
N68660,1,0,1,0,0
N68768,1,0,1,0,0
N68783,1,0,1,0,0
N68802,1,0,1,0,0
N68823,1,0,1,0,0
N68843,1,0,1,0,0
N68863,1,0,1,0,0
N68873,1,0,1,0,0
N68883,1,0,1,0,0
N68893,1,0,1,0,0
N68904,1,0,1,0,0
N68914,1,0,1,0,0
N68918,1,0,1,0,0
N68924,1,0,1,0,0
N68931,1,0,1,0,0
N68934,1,0,1,0,0
N68940,1,0,1,0,0
N68944,1,0,1,0,0
N68949,1,0,1,0,0
N68951,1,0,1,0,0
N68958,1,0,1,0,0
N68962,1,0,1,0,0
N68968,1,0,1,0,0
N68969,1,0,1,0,0
N68972,1,0,1,0,0
N68980,1,0,1,0,0
N68985,1,0,1,0,0
N68987,1,0,1,0,0
N68990,1,0,1,0,0
N68994,1,0,1,0,0
N68998,1,0,1,0,0
N69004,1,0,1,0,0
N69005,1,0,1,0,0
N69008,1,0,1,0,0
N69016,1,0,1,0,0
N69018,1,0,1,0,0
N69021,1,0,1,0,0
N69023,1,0,1,0,0
N69026,1,0,1,0,0
N69030,1,0,1,0,0
N69034,1,0,1,0,0
N69040,1,0,1,0,0
N69041,1,0,1,0,0
N69044,1,0,1,0,0
N69052,1,0,1,0,0
N69054,1,0,1,0,0
N69057,1,0,1,0,0
N69059,1,0,1,0,0
N69062,1,0,1,0,0
N69065,1,0,1,0,0
N69066,1,0,1,0,0
N69067,1,0,1,0,0
N69071,1,0,1,0,0
N69073,1,0,1,0,0
N69077,1,0,1,0,0
N69078,1,0,1,0,0
N69081,1,0,1,0,0
N69084,1,0,1,0,0
N69086,1,0,1,0,0
N69090,1,0,1,0,0
N69092,1,0,1,0,0
N69096,1,0,1,0,0
N69097,1,0,1,0,0
N69100,1,0,1,0,0
N69104,1,0,1,0,0
N69108,1,0,1,0,0
N69110,1,0,1,0,0
N69114,1,0,1,0,0
N69116,1,0,1,0,0
N69119,1,0,1,0,0
N69122,1,0,1,0,0
N69123,1,0,1,0,0
N69127,1,0,1,0,0
N69129,1,0,1,0,0
N69133,1,0,1,0,0
N69134,1,0,1,0,0
N69137,1,0,1,0,0
N69140,1,0,1,0,0
N69144,1,0,1,0,0
N69146,1,0,1,0,0
N69149,1,0,1,0,0
N69151,1,0,1,0,0
N69154,1,0,1,0,0
N69157,1,0,1,0,0
N69158,1,0,1,0,0
N69160,1,0,1,0,0
N69164,1,0,1,0,0
N69166,1,0,1,0,0
N69170,1,0,1,0,0
N69171,1,0,1,0,0
N69174,1,0,1,0,0
N69177,1,0,1,0,0
N69178,1,0,1,0,0
N69182,1,0,1,0,0
N69184,1,0,1,0,0
N69187,1,0,1,0,0
N69189,1,0,1,0,0
N69192,1,0,1,0,0
N69195,1,0,1,0,0
N69199,1,0,1,0,0
N69201,1,0,1,0,0
N69205,1,0,1,0,0
N69206,1,0,1,0,0
N69209,1,0,1,0,0
N69212,1,0,1,0,0
N69213,1,0,1,0,0
N69215,1,0,1,0,0
N69219,1,0,1,0,0
N69221,1,0,1,0,0
N69224,1,0,1,0,0
N69225,1,0,1,0,0
N69226,1,0,1,0,0
N69229,1,0,1,0,0
N69232,1,0,1,0,0
N69234,1,0,1,0,0
N69238,1,0,1,0,0
N69240,1,0,1,0,0
N69243,1,0,1,0,0
N69245,1,0,1,0,0
N69248,1,0,1,0,0
N69251,1,0,1,0,0
N69255,1,0,1,0,0
N69257,1,0,1,0,0
N69261,1,0,1,0,0
N69262,1,0,1,0,0
N69265,1,0,1,0,0
N69268,1,0,1,0,0
N69269,1,0,1,0,0
N69271,1,0,1,0,0
N69275,1,0,1,0,0
N69277,1,0,1,0,0
N69281,1,0,1,0,0
N69282,1,0,1,0,0
N69285,1,0,1,0,0
N69288,1,0,1,0,0
N69289,1,0,1,0,0
N69293,1,0,1,0,0
N69295,1,0,1,0,0
N69299,1,0,1,0,0
N69300,1,0,1,0,0
N69303,1,0,1,0,0
N69306,1,0,1,0,0
N69310,1,0,1,0,0
N69312,1,0,1,0,0
N69315,1,0,1,0,0
N69317,1,0,1,0,0
N69320,1,0,1,0,0
N69323,1,0,1,0,0
N69324,1,0,1,0,0
N69326,1,0,1,0,0
N69334,1,0,1,0,0
N6940,1,0,1,0,0
N69436,1,0,1,0,0
N69442,1,0,1,0,0
N69448,1,0,1,0,0
N69454,1,0,1,0,0
N69460,1,0,1,0,0
N69466,1,0,1,0,0
N69472,1,0,1,0,0
N69478,1,0,1,0,0
N69484,1,0,1,0,0
N69490,1,0,1,0,0
N69496,1,0,1,0,0
N6950,1,0,1,0,0
N69502,1,0,1,0,0
N69508,1,0,1,0,0
N69514,1,0,1,0,0
N69520,1,0,1,0,0
N69526,1,0,1,0,0
N6988,1,0,1,0,0
N69885,1,0,1,0,0
N69897,1,0,1,0,0
N69917,1,0,1,0,0
N6992,1,0,1,0,0
N69947,1,0,1,0,0
N69952,1,0,1,0,0
N69953,1,0,1,0,0
N69955,1,0,1,0,0
N6996,1,0,1,0,0
N69965,1,0,1,0,0
N69972,1,0,1,0,0
N69979,1,0,1,0,0
N69986,1,0,1,0,0
N69993,1,0,1,0,0
N70000,1,0,1,0,0
N70007,1,0,1,0,0
N70014,1,0,1,0,0
N70021,1,0,1,0,0
N70028,1,0,1,0,0
N70035,1,0,1,0,0
N70042,1,0,1,0,0
N70049,1,0,1,0,0
N70056,1,0,1,0,0
N70063,1,0,1,0,0
N70070,1,0,1,0,0
N70077,1,0,1,0,0
N70084,1,0,1,0,0
N70091,1,0,1,0,0
N70098,1,0,1,0,0
N70105,1,0,1,0,0
N70112,1,0,1,0,0
N70119,1,0,1,0,0
N70126,1,0,1,0,0
N70133,1,0,1,0,0
N70140,1,0,1,0,0
N70147,1,0,1,0,0
N70154,1,0,1,0,0
N70161,1,0,1,0,0
N70168,1,0,1,0,0
N7017,1,0,1,0,0
N70174,1,0,1,0,0
N7018,1,0,1,0,0
N7019,1,0,1,0,0
N7020,1,0,1,0,0
N70202,1,0,1,0,0
N7025,1,0,1,0,0
N70319,1,0,1,0,0
N70322,1,0,1,0,0
N70325,1,0,1,0,0
N7033,1,0,1,0,0
N7036,1,0,1,0,0
N7041,1,0,1,0,0
N70485,1,0,1,0,0
N7049,1,0,1,0,0
N7050,1,0,1,0,0
N70512,1,0,1,0,0
N7052,1,0,1,0,0
N70526,1,0,1,0,0
N7054,1,0,1,0,0
N70552,1,0,1,0,0
N7057,1,0,1,0,0
N70584,1,0,1,0,0
N70641,1,0,1,0,0
N70650,1,0,1,0,0
N70654,1,0,1,0,0
N70657,1,0,1,0,0
N7066,1,0,1,0,0
N70661,1,0,1,0,0
N70667,1,0,1,0,0
N70669,1,0,1,0,0
N7068,1,0,1,0,0
N70681,1,0,1,0,0
N70693,1,0,1,0,0
N70703,1,0,1,0,0
N70710,1,0,1,0,0
N70715,1,0,1,0,0
N70721,1,0,1,0,0
N70728,1,0,1,0,0
N7073,1,0,1,0,0
N70737,1,0,1,0,0
N70743,1,0,1,0,0
N70750,1,0,1,0,0
N70751,1,0,1,0,0
N70756,1,0,1,0,0
N70763,1,0,1,0,0
N70768,1,0,1,0,0
N70770,1,0,1,0,0
N70776,1,0,1,0,0
N70777,1,0,1,0,0
N70780,1,0,1,0,0
N70782,1,0,1,0,0
N70786,1,0,1,0,0
N70800,1,0,1,0,0
N70806,1,0,1,0,0
N70807,1,0,1,0,0
N7081,1,0,1,0,0
N70810,1,0,1,0,0
N70812,1,0,1,0,0
N70813,1,0,1,0,0
N70827,1,0,1,0,0
N70828,1,0,1,0,0
N70835,1,0,1,0,0
N70837,1,0,1,0,0
N7084,1,0,1,0,0
N70841,1,0,1,0,0
N70846,1,0,1,0,0
N70852,1,0,1,0,0
N70853,1,0,1,0,0
N70859,1,0,1,0,0
N70861,1,0,1,0,0
N70895,1,0,1,0,0
N70901,1,0,1,0,0
N7091,1,0,1,0,0
N70913,1,0,1,0,0
N70918,1,0,1,0,0
N70951,1,0,1,0,0
N70955,1,0,1,0,0
N7096,1,0,1,0,0
N70974,1,0,1,0,0
N7098,1,0,1,0,0
N70985,1,0,1,0,0
N7100,1,0,1,0,0
N71021,1,0,1,0,0
N71027,1,0,1,0,0
N71032,1,0,1,0,0
N71033,1,0,1,0,0
N71040,1,0,1,0,0
N71046,1,0,1,0,0
N71052,1,0,1,0,0
N71057,1,0,1,0,0
N71058,1,0,1,0,0
N71062,1,0,1,0,0
N71064,1,0,1,0,0
N71070,1,0,1,0,0
N71073,1,0,1,0,0
N71075,1,0,1,0,0
N71076,1,0,1,0,0
N71082,1,0,1,0,0
N71088,1,0,1,0,0
N71100,1,0,1,0,0
N71101,1,0,1,0,0
N7113,1,0,1,0,0
N7116,1,0,1,0,0
N71170,1,0,1,0,0
N7121,1,0,1,0,0
N7130,1,0,1,0,0
N7132,1,0,1,0,0
N7147,1,0,1,0,0
N7148,1,0,1,0,0
N7157,1,0,1,0,0
N7158,1,0,1,0,0
N7159,1,0,1,0,0
N7160,1,0,1,0,0
N7163,1,0,1,0,0
N7164,1,0,1,0,0
N71647,1,0,1,0,0
N71648,1,0,1,0,0
N71649,1,0,1,0,0
N71650,1,0,1,0,0
N71651,1,0,1,0,0
N71652,1,0,1,0,0
N71653,1,0,1,0,0
N71654,1,0,1,0,0
N71655,1,0,1,0,0
N71656,1,0,1,0,0
N71657,1,0,1,0,0
N71658,1,0,1,0,0
N71659,1,0,1,0,0
N71660,1,0,1,0,0
N71661,1,0,1,0,0
N71662,1,0,1,0,0
N71663,1,0,1,0,0
N71664,1,0,1,0,0
N71665,1,0,1,0,0
N71666,1,0,1,0,0
N71667,1,0,1,0,0
N71668,1,0,1,0,0
N71679,1,0,1,0,0
N71680,1,0,1,0,0
N71681,1,0,1,0,0
N71682,1,0,1,0,0
N71683,1,0,1,0,0
N71684,1,0,1,0,0
N71685,1,0,1,0,0
N71686,1,0,1,0,0
N71687,1,0,1,0,0
N71688,1,0,1,0,0
N71689,1,0,1,0,0
N71690,1,0,1,0,0
N71691,1,0,1,0,0
N71692,1,0,1,0,0
N71693,1,0,1,0,0
N71694,1,0,1,0,0
N71695,1,0,1,0,0
N71696,1,0,1,0,0
N71697,1,0,1,0,0
N71698,1,0,1,0,0
N71699,1,0,1,0,0
N71700,1,0,1,0,0
N7171,1,0,1,0,0
N71721,1,0,1,0,0
N71723,1,0,1,0,0
N71724,1,0,1,0,0
N71725,1,0,1,0,0
N71726,1,0,1,0,0
N71727,1,0,1,0,0
N71728,1,0,1,0,0
N71729,1,0,1,0,0
N7173,1,0,1,0,0
N71730,1,0,1,0,0
N71731,1,0,1,0,0
N71732,1,0,1,0,0
N71733,1,0,1,0,0
N71734,1,0,1,0,0
N71735,1,0,1,0,0
N71736,1,0,1,0,0
N71737,1,0,1,0,0
N71738,1,0,1,0,0
N71739,1,0,1,0,0
N71740,1,0,1,0,0
N71757,1,0,1,0,0
N71758,1,0,1,0,0
N71759,1,0,1,0,0
N71760,1,0,1,0,0
N71761,1,0,1,0,0
N71762,1,0,1,0,0
N71763,1,0,1,0,0
N71764,1,0,1,0,0
N71765,1,0,1,0,0
N71766,1,0,1,0,0
N71767,1,0,1,0,0
N71768,1,0,1,0,0
N71769,1,0,1,0,0
N71770,1,0,1,0,0
N71771,1,0,1,0,0
N71772,1,0,1,0,0
N71773,1,0,1,0,0
N71774,1,0,1,0,0
N7178,1,0,1,0,0
N71785,1,0,1,0,0
N71786,1,0,1,0,0
N71787,1,0,1,0,0
N71788,1,0,1,0,0
N71789,1,0,1,0,0
N7179,1,0,1,0,0
N71790,1,0,1,0,0
N71791,1,0,1,0,0
N71792,1,0,1,0,0
N71793,1,0,1,0,0
N71794,1,0,1,0,0
N71795,1,0,1,0,0
N71796,1,0,1,0,0
N71797,1,0,1,0,0
N71798,1,0,1,0,0
N71799,1,0,1,0,0
N7180,1,0,1,0,0
N71800,1,0,1,0,0
N71801,1,0,1,0,0
N71802,1,0,1,0,0
N71803,1,0,1,0,0
N71804,1,0,1,0,0
N71805,1,0,1,0,0
N71806,1,0,1,0,0
N71817,1,0,1,0,0
N71818,1,0,1,0,0
N71819,1,0,1,0,0
N71820,1,0,1,0,0
N71821,1,0,1,0,0
N71822,1,0,1,0,0
N71823,1,0,1,0,0
N71824,1,0,1,0,0
N71825,1,0,1,0,0
N71826,1,0,1,0,0
N71827,1,0,1,0,0
N71828,1,0,1,0,0
N71829,1,0,1,0,0
N71830,1,0,1,0,0
N71831,1,0,1,0,0
N71832,1,0,1,0,0
N71833,1,0,1,0,0
N71834,1,0,1,0,0
N71835,1,0,1,0,0
N71836,1,0,1,0,0
N71837,1,0,1,0,0
N71838,1,0,1,0,0
N71861,1,0,1,0,0
N71862,1,0,1,0,0
N71864,1,0,1,0,0
N71865,1,0,1,0,0
N71866,1,0,1,0,0
N71867,1,0,1,0,0
N71868,1,0,1,0,0
N71869,1,0,1,0,0
N71870,1,0,1,0,0
N71871,1,0,1,0,0
N71887,1,0,1,0,0
N71888,1,0,1,0,0
N71889,1,0,1,0,0
N7189,1,0,1,0,0
N71890,1,0,1,0,0
N71891,1,0,1,0,0
N71892,1,0,1,0,0
N71893,1,0,1,0,0
N71894,1,0,1,0,0
N71895,1,0,1,0,0
N71896,1,0,1,0,0
N71897,1,0,1,0,0
N71898,1,0,1,0,0
N71899,1,0,1,0,0
N7190,1,0,1,0,0
N71900,1,0,1,0,0
N71901,1,0,1,0,0
N71902,1,0,1,0,0
N71903,1,0,1,0,0
N71904,1,0,1,0,0
N71905,1,0,1,0,0
N71906,1,0,1,0,0
N71907,1,0,1,0,0
N71908,1,0,1,0,0
N7192,1,0,1,0,0
N7195,1,0,1,0,0
N7196,1,0,1,0,0
N7202,1,0,1,0,0
N7205,1,0,1,0,0
N7207,1,0,1,0,0
N7211,1,0,1,0,0
N7212,1,0,1,0,0
N7219,1,0,1,0,0
N72208,1,0,1,0,0
N72209,1,0,1,0,0
N7221,1,0,1,0,0
N72210,1,0,1,0,0
N72211,1,0,1,0,0
N72212,1,0,1,0,0
N72213,1,0,1,0,0
N72214,1,0,1,0,0
N72215,1,0,1,0,0
N72216,1,0,1,0,0
N72217,1,0,1,0,0
N72218,1,0,1,0,0
N72219,1,0,1,0,0
N72220,1,0,1,0,0
N7226,1,0,1,0,0
N7227,1,0,1,0,0
N72274,1,0,1,0,0
N72275,1,0,1,0,0
N72277,1,0,1,0,0
N72278,1,0,1,0,0
N72279,1,0,1,0,0
N7228,1,0,1,0,0
N72280,1,0,1,0,0
N72281,1,0,1,0,0
N72282,1,0,1,0,0
N72283,1,0,1,0,0
N72284,1,0,1,0,0
N7235,1,0,1,0,0
N7237,1,0,1,0,0
N7240,1,0,1,0,0
N7242,1,0,1,0,0
N7243,1,0,1,0,0
N7244,1,0,1,0,0
N7247,1,0,1,0,0
N7251,1,0,1,0,0
N7253,1,0,1,0,0
N7254,1,0,1,0,0
N7259,1,0,1,0,0
N7260,1,0,1,0,0
N7264,1,0,1,0,0
N7267,1,0,1,0,0
N7269,1,0,1,0,0
N7272,1,0,1,0,0
N7279,1,0,1,0,0
N7284,1,0,1,0,0
N7285,1,0,1,0,0
N7286,1,0,1,0,0
N7295,1,0,1,0,0
N7297,1,0,1,0,0
N7300,1,0,1,0,0
N7301,1,0,1,0,0
N7302,1,0,1,0,0
N7308,1,0,1,0,0
N7309,1,0,1,0,0
N7311,1,0,1,0,0
N7312,1,0,1,0,0
N7313,1,0,1,0,0
N7316,1,0,1,0,0
N7317,1,0,1,0,0
N7318,1,0,1,0,0
N7325,1,0,1,0,0
N7327,1,0,1,0,0
N7329,1,0,1,0,0
N7332,1,0,1,0,0
N73326,1,0,1,0,0
N73329,1,0,1,0,0
N7333,1,0,1,0,0
N7334,1,0,1,0,0
N73356,1,0,1,0,0
N73357,1,0,1,0,0
N73376,1,0,1,0,0
N7343,1,0,1,0,0
N7345,1,0,1,0,0
N7348,1,0,1,0,0
N7349,1,0,1,0,0
N7350,1,0,1,0,0
N7357,1,0,1,0,0
N7359,1,0,1,0,0
N7360,1,0,1,0,0
N7361,1,0,1,0,0
N7362,1,0,1,0,0
N7364,1,0,1,0,0
N7365,1,0,1,0,0
N7366,1,0,1,0,0
N7375,1,0,1,0,0
N7377,1,0,1,0,0
N7381,1,0,1,0,0
N7382,1,0,1,0,0
N7386,1,0,1,0,0
N7391,1,0,1,0,0
N7393,1,0,1,0,0
N7396,1,0,1,0,0
N7397,1,0,1,0,0
N7398,1,0,1,0,0
N7410,1,0,1,0,0
N7416,1,0,1,0,0
N7417,1,0,1,0,0
N7424,1,0,1,0,0
N7426,1,0,1,0,0
N7429,1,0,1,0,0
N7431,1,0,1,0,0
N7432,1,0,1,0,0
N7433,1,0,1,0,0
N7438,1,0,1,0,0
N7442,1,0,1,0,0
N7445,1,0,1,0,0
N74472,1,0,1,0,0
N7448,1,0,1,0,0
N74481,1,0,1,0,0
N74484,1,0,1,0,0
N74487,1,0,1,0,0
N7449,1,0,1,0,0
N74490,1,0,1,0,0
N74496,1,0,1,0,0
N74507,1,0,1,0,0
N74537,1,0,1,0,0
N74545,1,0,1,0,0
N74553,1,0,1,0,0
N74554,1,0,1,0,0
N74557,1,0,1,0,0
N7456,1,0,1,0,0
N74566,1,0,1,0,0
N74569,1,0,1,0,0
N7458,1,0,1,0,0
N7460,1,0,1,0,0
N7463,1,0,1,0,0
N7464,1,0,1,0,0
N7465,1,0,1,0,0
N74715,1,0,1,0,0
N74738,1,0,1,0,0
N74739,1,0,1,0,0
N7474,1,0,1,0,0
N74748,1,0,1,0,0
N7476,1,0,1,0,0
N74760,1,0,1,0,0
N74763,1,0,1,0,0
N74764,1,0,1,0,0
N74765,1,0,1,0,0
N74766,1,0,1,0,0
N74768,1,0,1,0,0
N7477,1,0,1,0,0
N74770,1,0,1,0,0
N74792,1,0,1,0,0
N74799,1,0,1,0,0
N7480,1,0,1,0,0
N74805,1,0,1,0,0
N7481,1,0,1,0,0
N7490,1,0,1,0,0
N7495,1,0,1,0,0
N7496,1,0,1,0,0
N7497,1,0,1,0,0
N7504,1,0,1,0,0
N7506,1,0,1,0,0
N75062,1,0,1,0,0
N75063,1,0,1,0,0
N75064,1,0,1,0,0
N75065,1,0,1,0,0
N7507,1,0,1,0,0
N7508,1,0,1,0,0
N7509,1,0,1,0,0
N75090,1,0,1,0,0
N75093,1,0,1,0,0
N7511,1,0,1,0,0
N75111,1,0,1,0,0
N75112,1,0,1,0,0
N75113,1,0,1,0,0
N75114,1,0,1,0,0
N75115,1,0,1,0,0
N75116,1,0,1,0,0
N75117,1,0,1,0,0
N75118,1,0,1,0,0
N75119,1,0,1,0,0
N7512,1,0,1,0,0
N75120,1,0,1,0,0
N75121,1,0,1,0,0
N75122,1,0,1,0,0
N75123,1,0,1,0,0
N75124,1,0,1,0,0
N75125,1,0,1,0,0
N75126,1,0,1,0,0
N75127,1,0,1,0,0
N75128,1,0,1,0,0
N75129,1,0,1,0,0
N7513,1,0,1,0,0
N75130,1,0,1,0,0
N75131,1,0,1,0,0
N75132,1,0,1,0,0
N7520,1,0,1,0,0
N7522,1,0,1,0,0
N7524,1,0,1,0,0
N7527,1,0,1,0,0
N7528,1,0,1,0,0
N75288,1,0,1,0,0
N7529,1,0,1,0,0
N75313,1,0,1,0,0
N7532,1,0,1,0,0
N75321,1,0,1,0,0
N75322,1,0,1,0,0
N75323,1,0,1,0,0
N75324,1,0,1,0,0
N75371,1,0,1,0,0
N75372,1,0,1,0,0
N75375,1,0,1,0,0
N75387,1,0,1,0,0
N75395,1,0,1,0,0
N75411,1,0,1,0,0
N75412,1,0,1,0,0
N75414,1,0,1,0,0
N75415,1,0,1,0,0
N75420,1,0,1,0,0
N75431,1,0,1,0,0
N75450,1,0,1,0,0
N75451,1,0,1,0,0
N75452,1,0,1,0,0
N75453,1,0,1,0,0
N75454,1,0,1,0,0
N75455,1,0,1,0,0
N75456,1,0,1,0,0
N75457,1,0,1,0,0
N75458,1,0,1,0,0
N75459,1,0,1,0,0
N75460,1,0,1,0,0
N75461,1,0,1,0,0
N75462,1,0,1,0,0
N75463,1,0,1,0,0
N75464,1,0,1,0,0
N75465,1,0,1,0,0
N75466,1,0,1,0,0
N75467,1,0,1,0,0
N75468,1,0,1,0,0
N75469,1,0,1,0,0
N75470,1,0,1,0,0
N75471,1,0,1,0,0
N7548,1,0,1,0,0
N75482,1,0,1,0,0
N75483,1,0,1,0,0
N75484,1,0,1,0,0
N75485,1,0,1,0,0
N75486,1,0,1,0,0
N75487,1,0,1,0,0
N75488,1,0,1,0,0
N75489,1,0,1,0,0
N75490,1,0,1,0,0
N75491,1,0,1,0,0
N75492,1,0,1,0,0
N75493,1,0,1,0,0
N75494,1,0,1,0,0
N75495,1,0,1,0,0
N75496,1,0,1,0,0
N75497,1,0,1,0,0
N75498,1,0,1,0,0
N75499,1,0,1,0,0
N75500,1,0,1,0,0
N75501,1,0,1,0,0
N75502,1,0,1,0,0
N75503,1,0,1,0,0
N75516,1,0,1,0,0
N75518,1,0,1,0,0
N75519,1,0,1,0,0
N75520,1,0,1,0,0
N75521,1,0,1,0,0
N75522,1,0,1,0,0
N75523,1,0,1,0,0
N75524,1,0,1,0,0
N75525,1,0,1,0,0
N75526,1,0,1,0,0
N75527,1,0,1,0,0
N75528,1,0,1,0,0
N75529,1,0,1,0,0
N75530,1,0,1,0,0
N75531,1,0,1,0,0
N75532,1,0,1,0,0
N75533,1,0,1,0,0
N75534,1,0,1,0,0
N75535,1,0,1,0,0
N75548,1,0,1,0,0
N75550,1,0,1,0,0
N75551,1,0,1,0,0
N75552,1,0,1,0,0
N75553,1,0,1,0,0
N75554,1,0,1,0,0
N75555,1,0,1,0,0
N75556,1,0,1,0,0
N75557,1,0,1,0,0
N75558,1,0,1,0,0
N75559,1,0,1,0,0
N75560,1,0,1,0,0
N75561,1,0,1,0,0
N75562,1,0,1,0,0
N75563,1,0,1,0,0
N75564,1,0,1,0,0
N75565,1,0,1,0,0
N75566,1,0,1,0,0
N75567,1,0,1,0,0
N75582,1,0,1,0,0
N75584,1,0,1,0,0
N75585,1,0,1,0,0
N75586,1,0,1,0,0
N75587,1,0,1,0,0
N75588,1,0,1,0,0
N75589,1,0,1,0,0
N75590,1,0,1,0,0
N75591,1,0,1,0,0
N75592,1,0,1,0,0
N75593,1,0,1,0,0
N75594,1,0,1,0,0
N75595,1,0,1,0,0
N75596,1,0,1,0,0
N75597,1,0,1,0,0
N75598,1,0,1,0,0
N75599,1,0,1,0,0
N75600,1,0,1,0,0
N75601,1,0,1,0,0
N75617,1,0,1,0,0
N75619,1,0,1,0,0
N75620,1,0,1,0,0
N75621,1,0,1,0,0
N75622,1,0,1,0,0
N75623,1,0,1,0,0
N75624,1,0,1,0,0
N75625,1,0,1,0,0
N75626,1,0,1,0,0
N75627,1,0,1,0,0
N75628,1,0,1,0,0
N75629,1,0,1,0,0
N75630,1,0,1,0,0
N75631,1,0,1,0,0
N75632,1,0,1,0,0
N75633,1,0,1,0,0
N75634,1,0,1,0,0
N75635,1,0,1,0,0
N75636,1,0,1,0,0
N75652,1,0,1,0,0
N75654,1,0,1,0,0
N75655,1,0,1,0,0
N75656,1,0,1,0,0
N75657,1,0,1,0,0
N75658,1,0,1,0,0
N75659,1,0,1,0,0
N75660,1,0,1,0,0
N75661,1,0,1,0,0
N75662,1,0,1,0,0
N75663,1,0,1,0,0
N75664,1,0,1,0,0
N75665,1,0,1,0,0
N75666,1,0,1,0,0
N75667,1,0,1,0,0
N75668,1,0,1,0,0
N75669,1,0,1,0,0
N75670,1,0,1,0,0
N75671,1,0,1,0,0
N75689,1,0,1,0,0
N75690,1,0,1,0,0
N75691,1,0,1,0,0
N75692,1,0,1,0,0
N75693,1,0,1,0,0
N75694,1,0,1,0,0
N75695,1,0,1,0,0
N75696,1,0,1,0,0
N75697,1,0,1,0,0
N75698,1,0,1,0,0
N75699,1,0,1,0,0
N75700,1,0,1,0,0
N75701,1,0,1,0,0
N75702,1,0,1,0,0
N75703,1,0,1,0,0
N75704,1,0,1,0,0
N75705,1,0,1,0,0
N75706,1,0,1,0,0
N75718,1,0,1,0,0
N75719,1,0,1,0,0
N75720,1,0,1,0,0
N75721,1,0,1,0,0
N75722,1,0,1,0,0
N75723,1,0,1,0,0
N75724,1,0,1,0,0
N75725,1,0,1,0,0
N75726,1,0,1,0,0
N75727,1,0,1,0,0
N75728,1,0,1,0,0
N75729,1,0,1,0,0
N75730,1,0,1,0,0
N75731,1,0,1,0,0
N75732,1,0,1,0,0
N75733,1,0,1,0,0
N75734,1,0,1,0,0
N75735,1,0,1,0,0
N75736,1,0,1,0,0
N75737,1,0,1,0,0
N75738,1,0,1,0,0
N75739,1,0,1,0,0
N75950,1,0,1,0,0
N75952,1,0,1,0,0
N75956,1,0,1,0,0
N75958,1,0,1,0,0
N75959,1,0,1,0,0
N75969,1,0,1,0,0
N76009,1,0,1,0,0
N76010,1,0,1,0,0
N76011,1,0,1,0,0
N76035,1,0,1,0,0
N7604,1,0,1,0,0
N76089,1,0,1,0,0
N76091,1,0,1,0,0
N76093,1,0,1,0,0
N76094,1,0,1,0,0
N76096,1,0,1,0,0
N76100,1,0,1,0,0
N76107,1,0,1,0,0
N76118,1,0,1,0,0
N76132,1,0,1,0,0
N76133,1,0,1,0,0
N76143,1,0,1,0,0
N76184,1,0,1,0,0
N7633,1,0,1,0,0
N7635,1,0,1,0,0
N7636,1,0,1,0,0
N7638,1,0,1,0,0
N7639,1,0,1,0,0
N7643,1,0,1,0,0
N7645,1,0,1,0,0
N76626,1,0,1,0,0
N76687,1,0,1,0,0
N7669,1,0,1,0,0
N7671,1,0,1,0,0
N7673,1,0,1,0,0
N7676,1,0,1,0,0
N7678,1,0,1,0,0
N76784,1,0,1,0,0
N76793,1,0,1,0,0
N7680,1,0,1,0,0
N7682,1,0,1,0,0
N7685,1,1,0,0,0
N76871,1,0,1,0,0
N76873,1,0,1,0,0
N7692,1,1,0,0,0
N76936,1,0,1,0,0
N76937,1,0,1,0,0
N76938,1,0,1,0,0
N76939,1,0,1,0,0
N76940,1,0,1,0,0
N76941,1,0,1,0,0
N76942,1,0,1,0,0
N76966,1,0,1,0,0
N76967,1,0,1,0,0
N76968,1,0,1,0,0
N76969,1,0,1,0,0
N76970,1,0,1,0,0
N76971,1,0,1,0,0
N76972,1,0,1,0,0
N76986,1,0,1,0,0
N77049,1,0,1,0,0
N77050,1,0,1,0,0
N77051,1,0,1,0,0
N77052,1,0,1,0,0
N77053,1,0,1,0,0
N77054,1,0,1,0,0
N77055,1,0,1,0,0
N77056,1,0,1,0,0
N77057,1,0,1,0,0
N77058,1,0,1,0,0
N77059,1,0,1,0,0
N77060,1,0,1,0,0
N77061,1,0,1,0,0
N77062,1,0,1,0,0
N77063,1,0,1,0,0
N77064,1,0,1,0,0
N7781,1,0,1,0,0
N78504,1,0,1,0,0
N78505,1,0,1,0,0
N78641,1,0,1,0,0
N78655,1,0,1,0,0
N78669,1,0,1,0,0
N78699,1,0,1,0,0
N7870,1,1,0,0,0
N78717,1,0,1,0,0
N78727,1,0,1,0,0
N7873,1,1,0,0,0
N78737,1,0,1,0,0
N78747,1,0,1,0,0
N7875,1,1,0,0,0
N78757,1,0,1,0,0
N78767,1,0,1,0,0
N78777,1,0,1,0,0
N78787,1,0,1,0,0
N78817,1,0,1,0,0
N78827,1,0,1,0,0
N78837,1,0,1,0,0
N7884,1,1,0,0,0
N78847,1,0,1,0,0
N7886,1,1,0,0,0
N7889,1,1,0,0,0
N7890,1,1,0,0,0
N79042,1,0,1,0,0
N7907,1,1,0,0,0
N7908,1,1,0,0,0
N7916,1,1,0,0,0
N7920,1,1,0,0,0
N79413,1,0,1,0,0
N79425,1,0,1,0,0
N79429,1,0,1,0,0
N79478,1,0,1,0,0
N79483,1,0,1,0,0
N79485,1,0,1,0,0
N79486,1,0,1,0,0
N79487,1,0,1,0,0
N79488,1,0,1,0,0
N79489,1,0,1,0,0
N79490,1,0,1,0,0
N79491,1,0,1,0,0
N79492,1,0,1,0,0
N79500,1,0,1,0,0
N79503,1,0,1,0,0
N79512,1,0,1,0,0
N79513,1,0,1,0,0
N79525,1,0,1,0,0
N79527,1,0,1,0,0
N79528,1,0,1,0,0
N79530,1,0,1,0,0
N79533,1,0,1,0,0
N79536,1,0,1,0,0
N79539,1,0,1,0,0
N79542,1,0,1,0,0
N79545,1,0,1,0,0
N79548,1,0,1,0,0
N79551,1,0,1,0,0
N79554,1,0,1,0,0
N79557,1,0,1,0,0
N79560,1,0,1,0,0
N79563,1,0,1,0,0
N79566,1,0,1,0,0
N79569,1,0,1,0,0
N79572,1,0,1,0,0
N79575,1,0,1,0,0
N79578,1,0,1,0,0
N79581,1,0,1,0,0
N79584,1,0,1,0,0
N79587,1,0,1,0,0
N79590,1,0,1,0,0
N79599,1,0,1,0,0
N79604,1,0,1,0,0
N79638,1,0,1,0,0
N79643,1,0,1,0,0
N79675,1,0,1,0,0
N79681,1,0,1,0,0
N79686,1,0,1,0,0
N79711,1,0,1,0,0
N79713,1,0,1,0,0
N79716,1,0,1,0,0
N79719,1,0,1,0,0
N79722,1,0,1,0,0
N79725,1,0,1,0,0
N79728,1,0,1,0,0
N79734,1,0,1,0,0
N79737,1,0,1,0,0
N79740,1,0,1,0,0
N79743,1,0,1,0,0
N79766,1,0,1,0,0
N79770,1,0,1,0,0
N79776,1,0,1,0,0
N79781,1,0,1,0,0
N79806,1,0,1,0,0
N79808,1,0,1,0,0
N79811,1,0,1,0,0
N79814,1,0,1,0,0
N79817,1,0,1,0,0
N79820,1,0,1,0,0
N79823,1,0,1,0,0
N79826,1,0,1,0,0
N79880,1,0,1,0,0
N79883,1,0,1,0,0
N79886,1,0,1,0,0
N79889,1,0,1,0,0
N79892,1,0,1,0,0
N79895,1,0,1,0,0
N79898,1,0,1,0,0
N79901,1,0,1,0,0
N79904,1,0,1,0,0
N79907,1,0,1,0,0
N79910,1,0,1,0,0
N79913,1,0,1,0,0
N79916,1,0,1,0,0
N79919,1,0,1,0,0
N79922,1,0,1,0,0
N79962,1,0,1,0,0
N80012,1,0,1,0,0
N80013,1,0,1,0,0
N80015,1,0,1,0,0
N80096,1,0,1,0,0
N80101,1,0,1,0,0
N80107,1,0,1,0,0
N80112,1,0,1,0,0
N80117,1,0,1,0,0
N80122,1,0,1,0,0
N80125,1,0,1,0,0
N80131,1,0,1,0,0
N80136,1,0,1,0,0
N80141,1,0,1,0,0
N80146,1,0,1,0,0
N80151,1,0,1,0,0
N80157,1,0,1,0,0
N80162,1,0,1,0,0
N80167,1,0,1,0,0
N80172,1,0,1,0,0
N80177,1,0,1,0,0
N80182,1,0,1,0,0
N80187,1,0,1,0,0
N80192,1,0,1,0,0
N80197,1,0,1,0,0
N80202,1,0,1,0,0
N80207,1,0,1,0,0
N80210,1,0,1,0,0
N80237,1,0,1,0,0
N80238,1,0,1,0,0
N80239,1,0,1,0,0
N80240,1,0,1,0,0
N80241,1,0,1,0,0
N80242,1,0,1,0,0
N80243,1,0,1,0,0
N80244,1,0,1,0,0
N80295,1,0,1,0,0
N80361,1,0,1,0,0
N80419,1,0,1,0,0
N80421,1,0,1,0,0
N80447,1,0,1,0,0
N80457,1,0,1,0,0
N80458,1,0,1,0,0
N80459,1,0,1,0,0
N80460,1,0,1,0,0
N80461,1,0,1,0,0
N80478,1,0,1,0,0
N80479,1,0,1,0,0
N80480,1,0,1,0,0
N80481,1,0,1,0,0
N80482,1,0,1,0,0
N80483,1,0,1,0,0
N80484,1,0,1,0,0
N80485,1,0,1,0,0
N80486,1,0,1,0,0
N80487,1,0,1,0,0
N80488,1,0,1,0,0
N80489,1,0,1,0,0
N80490,1,0,1,0,0
N80491,1,0,1,0,0
N80492,1,0,1,0,0
N80493,1,0,1,0,0
N80494,1,0,1,0,0
N80495,1,0,1,0,0
N80496,1,0,1,0,0
N80497,1,0,1,0,0
N80498,1,0,1,0,0
N80499,1,0,1,0,0
N80500,1,0,1,0,0
N80501,1,0,1,0,0
N80502,1,0,1,0,0
N80503,1,0,1,0,0
N80504,1,0,1,0,0
N80505,1,0,1,0,0
N80506,1,0,1,0,0
N80528,1,0,1,0,0
N80531,1,0,1,0,0
N80550,1,0,1,0,0
N80562,1,0,1,0,0
N80622,1,0,1,0,0
N80663,1,0,1,0,0
N80688,1,0,1,0,0
N80690,1,0,1,0,0
N80696,1,0,1,0,0
N80698,1,0,1,0,0
N80711,1,0,1,0,0
N80719,1,0,1,0,0
N80739,1,0,1,0,0
N80749,1,0,1,0,0
N80762,1,0,1,0,0
N80764,1,0,1,0,0
N80766,1,0,1,0,0
N80768,1,0,1,0,0
N80770,1,0,1,0,0
N80772,1,0,1,0,0
N80774,1,0,1,0,0
N80776,1,0,1,0,0
N80788,1,0,1,0,0
N80790,1,0,1,0,0
N80792,1,0,1,0,0
N80794,1,0,1,0,0
N80796,1,0,1,0,0
N80798,1,0,1,0,0
N80800,1,0,1,0,0
N80802,1,0,1,0,0
N80815,1,0,1,0,0
N80819,1,0,1,0,0
N8089,1,0,1,0,0
N80908,1,0,1,0,0
N80909,1,0,1,0,0
N80910,1,0,1,0,0
N80911,1,0,1,0,0
N80919,1,0,1,0,0
N80946,1,0,1,0,0
N8099,1,1,0,0,0
N8102,1,1,0,0,0
N81074,1,0,1,0,0
N81093,1,0,1,0,0
N81094,1,0,1,0,0
N81095,1,0,1,0,0
N81096,1,0,1,0,0
N81098,1,0,1,0,0
N81099,1,0,1,0,0
N81146,1,0,1,0,0
N81147,1,0,1,0,0
N81148,1,0,1,0,0
N81149,1,0,1,0,0
N8115,1,1,0,0,0
N81150,1,0,1,0,0
N81151,1,0,1,0,0
N81152,1,0,1,0,0
N81153,1,0,1,0,0
N81154,1,0,1,0,0
N81197,1,0,1,0,0
N81198,1,0,1,0,0
N81200,1,0,1,0,0
N81202,1,0,1,0,0
N81203,1,0,1,0,0
N81206,1,0,1,0,0
N81207,1,0,1,0,0
N81208,1,0,1,0,0
N81209,1,0,1,0,0
N81211,1,0,1,0,0
N81213,1,0,1,0,0
N81214,1,0,1,0,0
N81215,1,0,1,0,0
N81216,1,0,1,0,0
N81219,1,0,1,0,0
N81221,1,0,1,0,0
N81222,1,0,1,0,0
N81223,1,0,1,0,0
N81224,1,0,1,0,0
N81225,1,0,1,0,0
N81226,1,0,1,0,0
N81229,1,0,1,0,0
N81230,1,0,1,0,0
N81231,1,0,1,0,0
N81232,1,0,1,0,0
N81233,1,0,1,0,0
N81237,1,0,1,0,0
N81238,1,0,1,0,0
N81240,1,0,1,0,0
N81243,1,0,1,0,0
N81245,1,0,1,0,0
N81246,1,0,1,0,0
N81248,1,0,1,0,0
N81251,1,0,1,0,0
N81254,1,0,1,0,0
N81255,1,0,1,0,0
N81257,1,0,1,0,0
N81265,1,0,1,0,0
N81266,1,0,1,0,0
N81269,1,0,1,0,0
N81282,1,0,1,0,0
N81285,1,0,1,0,0
N81374,1,0,1,0,0
N81475,1,0,1,0,0
N81477,1,0,1,0,0
N81478,1,0,1,0,0
N81479,1,0,1,0,0
N81536,1,0,1,0,0
N81537,1,0,1,0,0
N81538,1,0,1,0,0
N81539,1,0,1,0,0
N81540,1,0,1,0,0
N81605,1,0,1,0,0
N81619,1,0,1,0,0
N81622,1,0,1,0,0
N81623,1,0,1,0,0
N81624,1,0,1,0,0
N81633,1,0,1,0,0
N81749,1,0,1,0,0
N81750,1,0,1,0,0
N81751,1,0,1,0,0
N81752,1,0,1,0,0
N81753,1,0,1,0,0
N81754,1,0,1,0,0
N81755,1,0,1,0,0
N81756,1,0,1,0,0
N81757,1,0,1,0,0
N81758,1,0,1,0,0
N81759,1,0,1,0,0
N81760,1,0,1,0,0
N81761,1,0,1,0,0
N81762,1,0,1,0,0
N81763,1,0,1,0,0
N81764,1,0,1,0,0
N81765,1,0,1,0,0
N81766,1,0,1,0,0
N81767,1,0,1,0,0
N81768,1,0,1,0,0
N81769,1,0,1,0,0
N81770,1,0,1,0,0
N81771,1,0,1,0,0
N81772,1,0,1,0,0
N81842,1,0,1,0,0
N81971,1,0,1,0,0
N81972,1,0,1,0,0
N81976,1,0,1,0,0
N81978,1,0,1,0,0
N82175,1,0,1,0,0
N82728,1,0,1,0,0
N82903,1,0,1,0,0
N82958,1,0,1,0,0
N82959,1,0,1,0,0
N82960,1,0,1,0,0
N82961,1,0,1,0,0
N82962,1,0,1,0,0
N83046,1,0,1,0,0
N83047,1,0,1,0,0
N83070,1,0,1,0,0
N83079,1,0,1,0,0
N83119,1,0,1,0,0
N83146,1,0,1,0,0
N83147,1,0,1,0,0
N83148,1,0,1,0,0
N83149,1,0,1,0,0
N83150,1,0,1,0,0
N83151,1,0,1,0,0
N83152,1,0,1,0,0
N83153,1,0,1,0,0
N83154,1,0,1,0,0
N83161,1,0,1,0,0
N83165,1,0,1,0,0
N83214,1,0,1,0,0
N83216,1,0,1,0,0
N83225,1,0,1,0,0
N83227,1,0,1,0,0
N83229,1,0,1,0,0
N83230,1,0,1,0,0
N83231,1,0,1,0,0
N83233,1,0,1,0,0
N83234,1,0,1,0,0
N83235,1,0,1,0,0
N83237,1,0,1,0,0
N83238,1,0,1,0,0
N83239,1,0,1,0,0
N83241,1,0,1,0,0
N83242,1,0,1,0,0
N83243,1,0,1,0,0
N83244,1,0,1,0,0
N83246,1,0,1,0,0
N83247,1,0,1,0,0
N83248,1,0,1,0,0
N83249,1,0,1,0,0
N83250,1,0,1,0,0
N83251,1,0,1,0,0
N83254,1,0,1,0,0
N83255,1,0,1,0,0
N83257,1,0,1,0,0
N83259,1,0,1,0,0
N83260,1,0,1,0,0
N83262,1,0,1,0,0
N83263,1,0,1,0,0
N83266,1,0,1,0,0
N83267,1,0,1,0,0
N83268,1,0,1,0,0
N83269,1,0,1,0,0
N83270,1,0,1,0,0
N83271,1,0,1,0,0
N83275,1,0,1,0,0
N83276,1,0,1,0,0
N83278,1,0,1,0,0
N83279,1,0,1,0,0
N83280,1,0,1,0,0
N83281,1,0,1,0,0
N83286,1,0,1,0,0
N83287,1,0,1,0,0
N83358,1,0,1,0,0
N83359,1,0,1,0,0
N83360,1,0,1,0,0
N83365,1,0,1,0,0
N83366,1,0,1,0,0
N83367,1,0,1,0,0
N83368,1,0,1,0,0
N83374,1,0,1,0,0
N83375,1,0,1,0,0
N83376,1,0,1,0,0
N83377,1,0,1,0,0
N83378,1,0,1,0,0
N83380,1,0,1,0,0
N83384,1,0,1,0,0
N83385,1,0,1,0,0
N83397,1,0,1,0,0
N83399,1,0,1,0,0
N84777,1,0,1,0,0
N84778,1,0,1,0,0
N84843,1,0,1,0,0
N85009,1,0,1,0,0
N85019,1,0,1,0,0
N85029,1,0,1,0,0
N85055,1,0,1,0,0
N85069,1,0,1,0,0
N85079,1,0,1,0,0
N85089,1,0,1,0,0
N85099,1,0,1,0,0
N85105,1,0,1,0,0
N85115,1,0,1,0,0
N85125,1,0,1,0,0
N85135,1,0,1,0,0
N85161,1,0,1,0,0
N85171,1,0,1,0,0
N85181,1,0,1,0,0
N85191,1,0,1,0,0
N85840,1,0,1,0,0
N85882,1,0,1,0,0
N85947,1,0,1,0,0
N85952,1,0,1,0,0
N85955,1,0,1,0,0
N85958,1,0,1,0,0
N85961,1,0,1,0,0
N85964,1,0,1,0,0
N85967,1,0,1,0,0
N85970,1,0,1,0,0
N85973,1,0,1,0,0
N85976,1,0,1,0,0
N85979,1,0,1,0,0
N85982,1,0,1,0,0
N85985,1,0,1,0,0
N85988,1,0,1,0,0
N85991,1,0,1,0,0
N86093,1,0,1,0,0
N86114,1,0,1,0,0
N86117,1,0,1,0,0
N86130,1,0,1,0,0
N86135,1,0,1,0,0
N86214,1,0,1,0,0
N86218,1,0,1,0,0
N86224,1,0,1,0,0
N86229,1,0,1,0,0
N86234,1,0,1,0,0
N86239,1,0,1,0,0
N86244,1,0,1,0,0
N86249,1,0,1,0,0
N86255,1,0,1,0,0
N86260,1,0,1,0,0
N86265,1,0,1,0,0
N86270,1,0,1,0,0
N86276,1,0,1,0,0
N86281,1,0,1,0,0
N86286,1,0,1,0,0
N86291,1,0,1,0,0
N86295,1,0,1,0,0
N86296,1,0,1,0,0
N86381,1,0,1,0,0
N86411,1,0,1,0,0
N86412,1,0,1,0,0
N86421,1,0,1,0,0
N86636,1,0,1,0,0
N86637,1,0,1,0,0
N86671,1,0,1,0,0
N86677,1,0,1,0,0
N86717,1,0,1,0,0
N86738,1,0,1,0,0
N86746,1,0,1,0,0
N87017,1,0,1,0,0
N87082,1,0,1,0,0
N87198,1,0,1,0,0
N87199,1,0,1,0,0
N87200,1,0,1,0,0
N87201,1,0,1,0,0
N87216,1,0,1,0,0
N87222,1,0,1,0,0
N87261,1,0,1,0,0
N87272,1,0,1,0,0
N87284,1,0,1,0,0
N87286,1,0,1,0,0
N87345,1,0,1,0,0
N87357,1,0,1,0,0
N87365,1,0,1,0,0
N87379,1,0,1,0,0
N87382,1,0,1,0,0
N87383,1,0,1,0,0
N87514,1,0,1,0,0
N87582,1,0,1,0,0
N87737,1,0,1,0,0
N8774,1,0,1,0,0
N87762,1,0,1,0,0
N87779,1,0,1,0,0
N87795,1,0,1,0,0
N8780,1,0,1,0,0
N87814,1,0,1,0,0
N87859,1,0,1,0,0
N87869,1,0,1,0,0
N87870,1,0,1,0,0
N87957,1,0,1,0,0
N87966,1,0,1,0,0
N8797,1,0,1,0,0
N87977,1,0,1,0,0
N87980,1,0,1,0,0
N87981,1,0,1,0,0
N87983,1,0,1,0,0
N88001,1,0,1,0,0
N8808,1,0,1,0,0
N8809,1,0,1,0,0
N8810,1,0,1,0,0
N8811,1,0,1,0,0
N8812,1,0,1,0,0
N8813,1,0,1,0,0
N8814,1,0,1,0,0
N8815,1,0,1,0,0
N8823,1,0,1,0,0
N8824,1,0,1,0,0
N8832,1,0,1,0,0
N8838,1,0,1,0,0
N8842,1,0,1,0,0
N8844,1,0,1,0,0
N8845,1,0,1,0,0
N8846,1,0,1,0,0
N8848,1,0,1,0,0
N88620,1,0,1,0,0
N88622,1,0,1,0,0
N8879,1,0,1,0,0
N88810,1,0,1,0,0
N88812,1,0,1,0,0
N88814,1,0,1,0,0
N88815,1,0,1,0,0
N88816,1,0,1,0,0
N88817,1,0,1,0,0
N88818,1,0,1,0,0
N88819,1,0,1,0,0
N88820,1,0,1,0,0
N88821,1,0,1,0,0
N88822,1,0,1,0,0
N88823,1,0,1,0,0
N88825,1,0,1,0,0
N88826,1,0,1,0,0
N88827,1,0,1,0,0
N88828,1,0,1,0,0
N88845,1,0,1,0,0
N88846,1,0,1,0,0
N88847,1,0,1,0,0
N88848,1,0,1,0,0
N88849,1,0,1,0,0
N88850,1,0,1,0,0
N88851,1,0,1,0,0
N88852,1,0,1,0,0
N88853,1,0,1,0,0
N88854,1,0,1,0,0
N88855,1,0,1,0,0
N88856,1,0,1,0,0
N88857,1,0,1,0,0
N88858,1,0,1,0,0
N88859,1,0,1,0,0
N88860,1,0,1,0,0
N88882,1,0,1,0,0
N88884,1,0,1,0,0
N8903,1,0,1,0,0
N89113,1,0,1,0,0
N89115,1,0,1,0,0
N89116,1,0,1,0,0
N89117,1,0,1,0,0
N89118,1,0,1,0,0
N89170,1,0,1,0,0
N89172,1,0,1,0,0
N89253,1,0,1,0,0
N89255,1,0,1,0,0
N89257,1,0,1,0,0
N89259,1,0,1,0,0
N89261,1,0,1,0,0
N89263,1,0,1,0,0
N89265,1,0,1,0,0
N89267,1,0,1,0,0
N89269,1,0,1,0,0
N89271,1,0,1,0,0
N89273,1,0,1,0,0
N89275,1,0,1,0,0
N89277,1,0,1,0,0
N89279,1,0,1,0,0
N89285,1,0,1,0,0
N89289,1,0,1,0,0
N89291,1,0,1,0,0
N89293,1,0,1,0,0
N89295,1,0,1,0,0
N89297,1,0,1,0,0
N89299,1,0,1,0,0
N89301,1,0,1,0,0
N89303,1,0,1,0,0
N89305,1,0,1,0,0
N89307,1,0,1,0,0
N89356,1,0,1,0,0
N89358,1,0,1,0,0
N89360,1,0,1,0,0
N89362,1,0,1,0,0
N89364,1,0,1,0,0
N89366,1,0,1,0,0
N89368,1,0,1,0,0
N8937,1,0,1,0,0
N89370,1,0,1,0,0
N89372,1,0,1,0,0
N89374,1,0,1,0,0
N89376,1,0,1,0,0
N89378,1,0,1,0,0
N8938,1,0,1,0,0
N89380,1,0,1,0,0
N89382,1,0,1,0,0
N89384,1,0,1,0,0
N89386,1,0,1,0,0
N89390,1,0,1,0,0
N89394,1,0,1,0,0
N89396,1,0,1,0,0
N89398,1,0,1,0,0
N89400,1,0,1,0,0
N89402,1,0,1,0,0
N89404,1,0,1,0,0
N89406,1,0,1,0,0
N89408,1,0,1,0,0
N89410,1,0,1,0,0
N89412,1,0,1,0,0
N89465,1,0,1,0,0
N89467,1,0,1,0,0
N89469,1,0,1,0,0
N89471,1,0,1,0,0
N89473,1,0,1,0,0
N89475,1,0,1,0,0
N89477,1,0,1,0,0
N89479,1,0,1,0,0
N89481,1,0,1,0,0
N89483,1,0,1,0,0
N89485,1,0,1,0,0
N89487,1,0,1,0,0
N89489,1,0,1,0,0
N89495,1,0,1,0,0
N89499,1,0,1,0,0
N89501,1,0,1,0,0
N89503,1,0,1,0,0
N89505,1,0,1,0,0
N89507,1,0,1,0,0
N89509,1,0,1,0,0
N89511,1,0,1,0,0
N89513,1,0,1,0,0
N89515,1,0,1,0,0
N89517,1,0,1,0,0
N89576,1,0,1,0,0
N89578,1,0,1,0,0
N89592,1,0,1,0,0
N89594,1,0,1,0,0
N89596,1,0,1,0,0
N89598,1,0,1,0,0
N89600,1,0,1,0,0
N89602,1,0,1,0,0
N89604,1,0,1,0,0
N89606,1,0,1,0,0
N89608,1,0,1,0,0
N89610,1,0,1,0,0
N89612,1,0,1,0,0
N89614,1,0,1,0,0
N89616,1,0,1,0,0
N89618,1,0,1,0,0
N89620,1,0,1,0,0
N89622,1,0,1,0,0
N89624,1,0,1,0,0
N89626,1,0,1,0,0
N89628,1,0,1,0,0
N89630,1,0,1,0,0
N89632,1,0,1,0,0
N89634,1,0,1,0,0
N89636,1,0,1,0,0
N89638,1,0,1,0,0
N89640,1,0,1,0,0
N89642,1,0,1,0,0
N89644,1,0,1,0,0
N89646,1,0,1,0,0
N89648,1,0,1,0,0
N89650,1,0,1,0,0
N89721,1,0,1,0,0
N89723,1,0,1,0,0
N89725,1,0,1,0,0
N89727,1,0,1,0,0
N89729,1,0,1,0,0
N89731,1,0,1,0,0
N89733,1,0,1,0,0
N89735,1,0,1,0,0
N89737,1,0,1,0,0
N89739,1,0,1,0,0
N89741,1,0,1,0,0
N89743,1,0,1,0,0
N89745,1,0,1,0,0
N89747,1,0,1,0,0
N89749,1,0,1,0,0
N89751,1,0,1,0,0
N89753,1,0,1,0,0
N89755,1,0,1,0,0
N89757,1,0,1,0,0
N89759,1,0,1,0,0
N89761,1,0,1,0,0
N89763,1,0,1,0,0
N89765,1,0,1,0,0
N89767,1,0,1,0,0
N89769,1,0,1,0,0
N89771,1,0,1,0,0
N89842,1,0,1,0,0
N89844,1,0,1,0,0
N89845,1,0,1,0,0
N89847,1,0,1,0,0
N89848,1,0,1,0,0
N89850,1,0,1,0,0
N89851,1,0,1,0,0
N89853,1,0,1,0,0
N89854,1,0,1,0,0
N89856,1,0,1,0,0
N89857,1,0,1,0,0
N89859,1,0,1,0,0
N89860,1,0,1,0,0
N89862,1,0,1,0,0
N89863,1,0,1,0,0
N89865,1,0,1,0,0
N89866,1,0,1,0,0
N89868,1,0,1,0,0
N89869,1,0,1,0,0
N89871,1,0,1,0,0
N89872,1,0,1,0,0
N89874,1,0,1,0,0
N89875,1,0,1,0,0
N89887,1,0,1,0,0
N89888,1,0,1,0,0
N89889,1,0,1,0,0
N89890,1,0,1,0,0
N89891,1,0,1,0,0
N89892,1,0,1,0,0
N89893,1,0,1,0,0
N89894,1,0,1,0,0
N89895,1,0,1,0,0
N89896,1,0,1,0,0
N89897,1,0,1,0,0
N89898,1,0,1,0,0
N89899,1,0,1,0,0
N89900,1,0,1,0,0
N89901,1,0,1,0,0
N89902,1,0,1,0,0
N89903,1,0,1,0,0
N89904,1,0,1,0,0
N89905,1,0,1,0,0
N89906,1,0,1,0,0
N89907,1,0,1,0,0
N89908,1,0,1,0,0
N89909,1,0,1,0,0
N89910,1,0,1,0,0
N89911,1,0,1,0,0
N89912,1,0,1,0,0
N89913,1,0,1,0,0
N89914,1,0,1,0,0
N89915,1,0,1,0,0
N89916,1,0,1,0,0
N89956,1,0,1,0,0
N89966,1,0,1,0,0
N90008,1,0,1,0,0
N90010,1,0,1,0,0
N90012,1,0,1,0,0
N90014,1,0,1,0,0
N90016,1,0,1,0,0
N90018,1,0,1,0,0
N90020,1,0,1,0,0
N90022,1,0,1,0,0
N90024,1,0,1,0,0
N90026,1,0,1,0,0
N90028,1,0,1,0,0
N90030,1,0,1,0,0
N90032,1,0,1,0,0
N90034,1,0,1,0,0
N90036,1,0,1,0,0
N90038,1,0,1,0,0
N90072,1,0,1,0,0
N90162,1,0,1,0,0
N90221,1,0,1,0,0
N90222,1,0,1,0,0
N90225,1,0,1,0,0
N90226,1,0,1,0,0
N90228,1,0,1,0,0
N90253,1,0,1,0,0
N90284,1,0,1,0,0
N90286,1,0,1,0,0
N90288,1,0,1,0,0
N90290,1,0,1,0,0
N90292,1,0,1,0,0
N90294,1,0,1,0,0
N90296,1,0,1,0,0
N90298,1,0,1,0,0
N90300,1,0,1,0,0
N90302,1,0,1,0,0
N90304,1,0,1,0,0
N90306,1,0,1,0,0
N90308,1,0,1,0,0
N90310,1,0,1,0,0
N90312,1,0,1,0,0
N90314,1,0,1,0,0
N90316,1,0,1,0,0
N90406,1,0,1,0,0
N90409,1,0,1,0,0
N90410,1,0,1,0,0
N90411,1,0,1,0,0
N90414,1,0,1,0,0
N90416,1,0,1,0,0
N90419,1,0,1,0,0
N90421,1,0,1,0,0
N90423,1,0,1,0,0
N90425,1,0,1,0,0
N90426,1,0,1,0,0
N90427,1,0,1,0,0
N90428,1,0,1,0,0
N90429,1,0,1,0,0
N90430,1,0,1,0,0
N90431,1,0,1,0,0
N90432,1,0,1,0,0
N90433,1,0,1,0,0
N90436,1,0,1,0,0
N90440,1,0,1,0,0
N90442,1,0,1,0,0
N90443,1,0,1,0,0
N90445,1,0,1,0,0
N90446,1,0,1,0,0
N90448,1,0,1,0,0
N90449,1,0,1,0,0
N90451,1,0,1,0,0
N90452,1,0,1,0,0
N90454,1,0,1,0,0
N90455,1,0,1,0,0
N90457,1,0,1,0,0
N90458,1,0,1,0,0
N90460,1,0,1,0,0
N90461,1,0,1,0,0
N90463,1,0,1,0,0
N90464,1,0,1,0,0
N90466,1,0,1,0,0
N90467,1,0,1,0,0
N90469,1,0,1,0,0
N90470,1,0,1,0,0
N90472,1,0,1,0,0
N90473,1,0,1,0,0
N90475,1,0,1,0,0
N90476,1,0,1,0,0
N90478,1,0,1,0,0
N90480,1,0,1,0,0
N90522,1,0,1,0,0
N90527,1,0,1,0,0
N90529,1,0,1,0,0
N90539,1,0,1,0,0
N90547,1,0,1,0,0
N90549,1,0,1,0,0
N90553,1,0,1,0,0
N90574,1,0,1,0,0
N90576,1,0,1,0,0
N90578,1,0,1,0,0
N90580,1,0,1,0,0
N90582,1,0,1,0,0
N90584,1,0,1,0,0
N90586,1,0,1,0,0
N90588,1,0,1,0,0
N90590,1,0,1,0,0
N90592,1,0,1,0,0
N90594,1,0,1,0,0
N90596,1,0,1,0,0
N90598,1,0,1,0,0
N90600,1,0,1,0,0
N90602,1,0,1,0,0
N90604,1,0,1,0,0
N90606,1,0,1,0,0
N90608,1,0,1,0,0
N90610,1,0,1,0,0
N90612,1,0,1,0,0
N90614,1,0,1,0,0
N90616,1,0,1,0,0
N90618,1,0,1,0,0
N90620,1,0,1,0,0
N90622,1,0,1,0,0
N90624,1,0,1,0,0
N90626,1,0,1,0,0
N90628,1,0,1,0,0
N90630,1,0,1,0,0
N90632,1,0,1,0,0
N90641,1,0,1,0,0
N90646,1,0,1,0,0
N90650,1,0,1,0,0
N90656,1,0,1,0,0
N90658,1,0,1,0,0
N90682,1,0,1,0,0
N90684,1,0,1,0,0
N90690,1,0,1,0,0
N90692,1,0,1,0,0
N90694,1,0,1,0,0
N90696,1,0,1,0,0
N90698,1,0,1,0,0
N90700,1,0,1,0,0
N90702,1,0,1,0,0
N90704,1,0,1,0,0
N90706,1,0,1,0,0
N90708,1,0,1,0,0
N90710,1,0,1,0,0
N90712,1,0,1,0,0
N90714,1,0,1,0,0
N90716,1,0,1,0,0
N90718,1,0,1,0,0
N90720,1,0,1,0,0
N90722,1,0,1,0,0
N90724,1,0,1,0,0
N90726,1,0,1,0,0
N90728,1,0,1,0,0
N90730,1,0,1,0,0
N90732,1,0,1,0,0
N90734,1,0,1,0,0
N90736,1,0,1,0,0
N90738,1,0,1,0,0
N90740,1,0,1,0,0
N90742,1,0,1,0,0
N90744,1,0,1,0,0
N90746,1,0,1,0,0
N90793,1,0,1,0,0
N90808,1,0,1,0,0
N90810,1,0,1,0,0
N90812,1,0,1,0,0
N90814,1,0,1,0,0
N90816,1,0,1,0,0
N90818,1,0,1,0,0
N90820,1,0,1,0,0
N90822,1,0,1,0,0
N90824,1,0,1,0,0
N90826,1,0,1,0,0
N90828,1,0,1,0,0
N90830,1,0,1,0,0
N90832,1,0,1,0,0
N90834,1,0,1,0,0
N90836,1,0,1,0,0
N90838,1,0,1,0,0
N90840,1,0,1,0,0
N90842,1,0,1,0,0
N90844,1,0,1,0,0
N90846,1,0,1,0,0
N90848,1,0,1,0,0
N90850,1,0,1,0,0
N90852,1,0,1,0,0
N90854,1,0,1,0,0
N90856,1,0,1,0,0
N90858,1,0,1,0,0
N90860,1,0,1,0,0
N90862,1,0,1,0,0
N90864,1,0,1,0,0
N90931,1,0,1,0,0
N90933,1,0,1,0,0
N90935,1,0,1,0,0
N90937,1,0,1,0,0
N90939,1,0,1,0,0
N90941,1,0,1,0,0
N90943,1,0,1,0,0
N90945,1,0,1,0,0
N90947,1,0,1,0,0
N90949,1,0,1,0,0
N90951,1,0,1,0,0
N90953,1,0,1,0,0
N90955,1,0,1,0,0
N90957,1,0,1,0,0
N90959,1,0,1,0,0
N90961,1,0,1,0,0
N90963,1,0,1,0,0
N90965,1,0,1,0,0
N90967,1,0,1,0,0
N90969,1,0,1,0,0
N90971,1,0,1,0,0
N90973,1,0,1,0,0
N90975,1,0,1,0,0
N90977,1,0,1,0,0
N90979,1,0,1,0,0
N90981,1,0,1,0,0
N90983,1,0,1,0,0
N90985,1,0,1,0,0
N90987,1,0,1,0,0
N91075,1,0,1,0,0
N91077,1,0,1,0,0
N91079,1,0,1,0,0
N91081,1,0,1,0,0
N91083,1,0,1,0,0
N91085,1,0,1,0,0
N91087,1,0,1,0,0
N91089,1,0,1,0,0
N91091,1,0,1,0,0
N91093,1,0,1,0,0
N91095,1,0,1,0,0
N91097,1,0,1,0,0
N91099,1,0,1,0,0
N91101,1,0,1,0,0
N91103,1,0,1,0,0
N91105,1,0,1,0,0
N91107,1,0,1,0,0
N91174,1,0,1,0,0
N91176,1,0,1,0,0
N91178,1,0,1,0,0
N91180,1,0,1,0,0
N91193,1,0,1,0,0
N91199,1,0,1,0,0
N91201,1,0,1,0,0
N91204,1,0,1,0,0
N91208,1,0,1,0,0
N91211,1,0,1,0,0
N91218,1,0,1,0,0
N91234,1,0,1,0,0
N91236,1,0,1,0,0
N91238,1,0,1,0,0
N91240,1,0,1,0,0
N91242,1,0,1,0,0
N91244,1,0,1,0,0
N91246,1,0,1,0,0
N91248,1,0,1,0,0
N91250,1,0,1,0,0
N91252,1,0,1,0,0
N91254,1,0,1,0,0
N91256,1,0,1,0,0
N91258,1,0,1,0,0
N91260,1,0,1,0,0
N91262,1,0,1,0,0
N91264,1,0,1,0,0
N91266,1,0,1,0,0
N91268,1,0,1,0,0
N91270,1,0,1,0,0
N91272,1,0,1,0,0
N91274,1,0,1,0,0
N91276,1,0,1,0,0
N91278,1,0,1,0,0
N91280,1,0,1,0,0
N91282,1,0,1,0,0
N91339,1,0,1,0,0
N91343,1,0,1,0,0
N91344,1,0,1,0,0
N91356,1,0,1,0,0
N91369,1,0,1,0,0
N91374,1,0,1,0,0
N91380,1,0,1,0,0
N91395,1,0,1,0,0
N91408,1,0,1,0,0
N91411,1,0,1,0,0
N91418,1,0,1,0,0
N91419,1,0,1,0,0
N91422,1,0,1,0,0
N91423,1,0,1,0,0
N91424,1,0,1,0,0
N91425,1,0,1,0,0
N91428,1,0,1,0,0
N91429,1,0,1,0,0
N91430,1,0,1,0,0
N91431,1,0,1,0,0
N91432,1,0,1,0,0
N91433,1,0,1,0,0
N91434,1,0,1,0,0
N91435,1,0,1,0,0
N91436,1,0,1,0,0
N91437,1,0,1,0,0
N91438,1,0,1,0,0
N91439,1,0,1,0,0
N91478,1,0,1,0,0
N91481,1,0,1,0,0
N91483,1,0,1,0,0
N91484,1,0,1,0,0
N91487,1,0,1,0,0
N91488,1,0,1,0,0
N91489,1,0,1,0,0
N91491,1,0,1,0,0
N91493,1,0,1,0,0
N91495,1,0,1,0,0
N91497,1,0,1,0,0
N91498,1,0,1,0,0
N91499,1,0,1,0,0
N91501,1,0,1,0,0
N91502,1,0,1,0,0
N91505,1,0,1,0,0
N91507,1,0,1,0,0
N91509,1,0,1,0,0
N91510,1,0,1,0,0
N91511,1,0,1,0,0
N91513,1,0,1,0,0
N91514,1,0,1,0,0
N91518,1,0,1,0,0
N91520,1,0,1,0,0
N91522,1,0,1,0,0
N91523,1,0,1,0,0
N91524,1,0,1,0,0
N91526,1,0,1,0,0
N91528,1,0,1,0,0
N91530,1,0,1,0,0
N91532,1,0,1,0,0
N91534,1,0,1,0,0
N91535,1,0,1,0,0
N91537,1,0,1,0,0
N91539,1,0,1,0,0
N91541,1,0,1,0,0
N91542,1,0,1,0,0
N91544,1,0,1,0,0
N91545,1,0,1,0,0
N91547,1,0,1,0,0
N91548,1,0,1,0,0
N91550,1,0,1,0,0
N91551,1,0,1,0,0
N91552,1,0,1,0,0
N91554,1,0,1,0,0
N91555,1,0,1,0,0
N91556,1,0,1,0,0
N91557,1,0,1,0,0
N91559,1,0,1,0,0
N91560,1,0,1,0,0
N91561,1,0,1,0,0
N91563,1,0,1,0,0
N91565,1,0,1,0,0
N91568,1,0,1,0,0
N91570,1,0,1,0,0
N91571,1,0,1,0,0
N91572,1,0,1,0,0
N91574,1,0,1,0,0
N91626,1,0,1,0,0
N91627,1,0,1,0,0
N91628,1,0,1,0,0
N91629,1,0,1,0,0
N91632,1,0,1,0,0
N91651,1,0,1,0,0
N91652,1,0,1,0,0
N91654,1,0,1,0,0
N91656,1,0,1,0,0
N91657,1,0,1,0,0
N91658,1,0,1,0,0
N91659,1,0,1,0,0
N91661,1,0,1,0,0
N91663,1,0,1,0,0
N91665,1,0,1,0,0
N91667,1,0,1,0,0
N91669,1,0,1,0,0
N91670,1,0,1,0,0
N91671,1,0,1,0,0
N91672,1,0,1,0,0
N91673,1,0,1,0,0
N91674,1,0,1,0,0
N91676,1,0,1,0,0
N91677,1,0,1,0,0
N91678,1,0,1,0,0
N91680,1,0,1,0,0
N91681,1,0,1,0,0
N91682,1,0,1,0,0
N91684,1,0,1,0,0
N91686,1,0,1,0,0
N91688,1,0,1,0,0
N91691,1,0,1,0,0
N91692,1,0,1,0,0
N91693,1,0,1,0,0
N91694,1,0,1,0,0
N91695,1,0,1,0,0
N91696,1,0,1,0,0
N91698,1,0,1,0,0
N91699,1,0,1,0,0
N91701,1,0,1,0,0
N91702,1,0,1,0,0
N91703,1,0,1,0,0
N91705,1,0,1,0,0
N91706,1,0,1,0,0
N91714,1,0,1,0,0
N91721,1,0,1,0,0
N91724,1,0,1,0,0
N91727,1,0,1,0,0
N91728,1,0,1,0,0
N91729,1,0,1,0,0
N91732,1,0,1,0,0
N91733,1,0,1,0,0
N91736,1,0,1,0,0
N91737,1,0,1,0,0
N91738,1,0,1,0,0
N91739,1,0,1,0,0
N91740,1,0,1,0,0
N91741,1,0,1,0,0
N91742,1,0,1,0,0
N91743,1,0,1,0,0
N91744,1,0,1,0,0
N91746,1,0,1,0,0
N91747,1,0,1,0,0
N91748,1,0,1,0,0
N91751,1,0,1,0,0
N91752,1,0,1,0,0
N91755,1,0,1,0,0
N91756,1,0,1,0,0
N91758,1,0,1,0,0
N91775,1,0,1,0,0
N91783,1,0,1,0,0
N91784,1,0,1,0,0
N91785,1,0,1,0,0
N91786,1,0,1,0,0
N91788,1,0,1,0,0
N91790,1,0,1,0,0
N91798,1,0,1,0,0
N91811,1,0,1,0,0
N91814,1,0,1,0,0
N91816,1,0,1,0,0
N91824,1,0,1,0,0
N91826,1,0,1,0,0
N91828,1,0,1,0,0
N91830,1,0,1,0,0
N91832,1,0,1,0,0
N91834,1,0,1,0,0
N91836,1,0,1,0,0
N91838,1,0,1,0,0
N91840,1,0,1,0,0
N91842,1,0,1,0,0
N91844,1,0,1,0,0
N91846,1,0,1,0,0
N91848,1,0,1,0,0
N91850,1,0,1,0,0
N91852,1,0,1,0,0
N91854,1,0,1,0,0
N91856,1,0,1,0,0
N91858,1,0,1,0,0
N91860,1,0,1,0,0
N91862,1,0,1,0,0
N91864,1,0,1,0,0
N91866,1,0,1,0,0
N91868,1,0,1,0,0
N91870,1,0,1,0,0
N91872,1,0,1,0,0
N91874,1,0,1,0,0
N91876,1,0,1,0,0
N91878,1,0,1,0,0
N91880,1,0,1,0,0
N91882,1,0,1,0,0
N91884,1,0,1,0,0
N91889,1,0,1,0,0
N91910,1,0,1,0,0
N91917,1,0,1,0,0
N91922,1,0,1,0,0
N91930,1,0,1,0,0
N91948,1,0,1,0,0
N91950,1,0,1,0,0
N91952,1,0,1,0,0
N91954,1,0,1,0,0
N91956,1,0,1,0,0
N91958,1,0,1,0,0
N91960,1,0,1,0,0
N91962,1,0,1,0,0
N91964,1,0,1,0,0
N91966,1,0,1,0,0
N91968,1,0,1,0,0
N91970,1,0,1,0,0
N91972,1,0,1,0,0
N91974,1,0,1,0,0
N91976,1,0,1,0,0
N91978,1,0,1,0,0
N91980,1,0,1,0,0
N91982,1,0,1,0,0
N91984,1,0,1,0,0
N91986,1,0,1,0,0
N91988,1,0,1,0,0
N91990,1,0,1,0,0
N91992,1,0,1,0,0
N91998,1,0,1,0,0
N92060,1,0,1,0,0
N92062,1,0,1,0,0
N92063,1,0,1,0,0
N92065,1,0,1,0,0
N92066,1,0,1,0,0
N92068,1,0,1,0,0
N92069,1,0,1,0,0
N92071,1,0,1,0,0
N92072,1,0,1,0,0
N92074,1,0,1,0,0
N92075,1,0,1,0,0
N92077,1,0,1,0,0
N92078,1,0,1,0,0
N92080,1,0,1,0,0
N92081,1,0,1,0,0
N92083,1,0,1,0,0
N92084,1,0,1,0,0
N92086,1,0,1,0,0
N92087,1,0,1,0,0
N92089,1,0,1,0,0
N92090,1,0,1,0,0
N92092,1,0,1,0,0
N92093,1,0,1,0,0
N92095,1,0,1,0,0
N92096,1,0,1,0,0
N92098,1,0,1,0,0
N92099,1,0,1,0,0
N92101,1,0,1,0,0
N92102,1,0,1,0,0
N92103,1,0,1,0,0
N92104,1,0,1,0,0
N92105,1,0,1,0,0
N92106,1,0,1,0,0
N92107,1,0,1,0,0
N92108,1,0,1,0,0
N92109,1,0,1,0,0
N92110,1,0,1,0,0
N92111,1,0,1,0,0
N92114,1,0,1,0,0
N92115,1,0,1,0,0
N92116,1,0,1,0,0
N92117,1,0,1,0,0
N92118,1,0,1,0,0
N92119,1,0,1,0,0
N92120,1,0,1,0,0
N92121,1,0,1,0,0
N92122,1,0,1,0,0
N92123,1,0,1,0,0
N92124,1,0,1,0,0
N92125,1,0,1,0,0
N92126,1,0,1,0,0
N92127,1,0,1,0,0
N92128,1,0,1,0,0
N92129,1,0,1,0,0
N92130,1,0,1,0,0
N92131,1,0,1,0,0
N92132,1,0,1,0,0
N92133,1,0,1,0,0
N92134,1,0,1,0,0
N92135,1,0,1,0,0
N92136,1,0,1,0,0
N92137,1,0,1,0,0
N92138,1,0,1,0,0
N92139,1,0,1,0,0
N92140,1,0,1,0,0
N92141,1,0,1,0,0
N92142,1,0,1,0,0
N92143,1,0,1,0,0
N92144,1,0,1,0,0
N92148,1,0,1,0,0
N92149,1,0,1,0,0
N92156,1,0,1,0,0
N92161,1,0,1,0,0
N92165,1,0,1,0,0
N92168,1,0,1,0,0
N92171,1,0,1,0,0
N92174,1,0,1,0,0
N92182,1,0,1,0,0
N92183,1,0,1,0,0
N92193,1,0,1,0,0
N92195,1,0,1,0,0
N92197,1,0,1,0,0
N92199,1,0,1,0,0
N92201,1,0,1,0,0
N92203,1,0,1,0,0
N92205,1,0,1,0,0
N92207,1,0,1,0,0
N92209,1,0,1,0,0
N92211,1,0,1,0,0
N92213,1,0,1,0,0
N92215,1,0,1,0,0
N92217,1,0,1,0,0
N92219,1,0,1,0,0
N92221,1,0,1,0,0
N92223,1,0,1,0,0
N92225,1,0,1,0,0
N92227,1,0,1,0,0
N92229,1,0,1,0,0
N92231,1,0,1,0,0
N92233,1,0,1,0,0
N92235,1,0,1,0,0
N92237,1,0,1,0,0
N92239,1,0,1,0,0
N92241,1,0,1,0,0
N92243,1,0,1,0,0
N92245,1,0,1,0,0
N92311,1,0,1,0,0
N92313,1,0,1,0,0
N92315,1,0,1,0,0
N92317,1,0,1,0,0
N92319,1,0,1,0,0
N92321,1,0,1,0,0
N92323,1,0,1,0,0
N92325,1,0,1,0,0
N92327,1,0,1,0,0
N92329,1,0,1,0,0
N92331,1,0,1,0,0
N92333,1,0,1,0,0
N92335,1,0,1,0,0
N92337,1,0,1,0,0
N92339,1,0,1,0,0
N92341,1,0,1,0,0
N92343,1,0,1,0,0
N92345,1,0,1,0,0
N92347,1,0,1,0,0
N92349,1,0,1,0,0
N92351,1,0,1,0,0
N92353,1,0,1,0,0
N92355,1,0,1,0,0
N92357,1,0,1,0,0
N92359,1,0,1,0,0
N92361,1,0,1,0,0
N92363,1,0,1,0,0
N92433,1,0,1,0,0
N92435,1,0,1,0,0
N92437,1,0,1,0,0
N92439,1,0,1,0,0
N92441,1,0,1,0,0
N92443,1,0,1,0,0
N92445,1,0,1,0,0
N92447,1,0,1,0,0
N92449,1,0,1,0,0
N92451,1,0,1,0,0
N92453,1,0,1,0,0
N92455,1,0,1,0,0
N92457,1,0,1,0,0
N92459,1,0,1,0,0
N92461,1,0,1,0,0
N92463,1,0,1,0,0
N92465,1,0,1,0,0
N92467,1,0,1,0,0
N92469,1,0,1,0,0
N92471,1,0,1,0,0
N92473,1,0,1,0,0
N92475,1,0,1,0,0
N92477,1,0,1,0,0
N92483,1,0,1,0,0
N92555,1,0,1,0,0
N92557,1,0,1,0,0
N92559,1,0,1,0,0
N92561,1,0,1,0,0
N92563,1,0,1,0,0
N92565,1,0,1,0,0
N92567,1,0,1,0,0
N92569,1,0,1,0,0
N92571,1,0,1,0,0
N92573,1,0,1,0,0
N92575,1,0,1,0,0
N92577,1,0,1,0,0
N92579,1,0,1,0,0
N92581,1,0,1,0,0
N92583,1,0,1,0,0
N92585,1,0,1,0,0
N92587,1,0,1,0,0
N92589,1,0,1,0,0
N92591,1,0,1,0,0
N92593,1,0,1,0,0
N92595,1,0,1,0,0
N92597,1,0,1,0,0
N92599,1,0,1,0,0
N92683,1,0,1,0,0
N92685,1,0,1,0,0
N92687,1,0,1,0,0
N92689,1,0,1,0,0
N92691,1,0,1,0,0
N92693,1,0,1,0,0
N92695,1,0,1,0,0
N92697,1,0,1,0,0
N92699,1,0,1,0,0
N92701,1,0,1,0,0
N92703,1,0,1,0,0
N92705,1,0,1,0,0
N92707,1,0,1,0,0
N92709,1,0,1,0,0
N92711,1,0,1,0,0
N92713,1,0,1,0,0
N92715,1,0,1,0,0
N92717,1,0,1,0,0
N92719,1,0,1,0,0
N92789,1,0,1,0,0
N92791,1,0,1,0,0
N92793,1,0,1,0,0
N92795,1,0,1,0,0
N92797,1,0,1,0,0
N92799,1,0,1,0,0
N92801,1,0,1,0,0
N92803,1,0,1,0,0
N92805,1,0,1,0,0
N92807,1,0,1,0,0
N92809,1,0,1,0,0
N92811,1,0,1,0,0
N92813,1,0,1,0,0
N92815,1,0,1,0,0
N92817,1,0,1,0,0
N92819,1,0,1,0,0
N92821,1,0,1,0,0
N92823,1,0,1,0,0
N92825,1,0,1,0,0
N92827,1,0,1,0,0
N92829,1,0,1,0,0
N92831,1,0,1,0,0
N92833,1,0,1,0,0
N92835,1,0,1,0,0
N92837,1,0,1,0,0
N92839,1,0,1,0,0
N92899,1,0,1,0,0
N92900,1,0,1,0,0
N92901,1,0,1,0,0
N92902,1,0,1,0,0
N92903,1,0,1,0,0
N92905,1,0,1,0,0
N92906,1,0,1,0,0
N92908,1,0,1,0,0
N92910,1,0,1,0,0
N92911,1,0,1,0,0
N92913,1,0,1,0,0
N92915,1,0,1,0,0
N92917,1,0,1,0,0
N92918,1,0,1,0,0
N92919,1,0,1,0,0
N92921,1,0,1,0,0
N92923,1,0,1,0,0
N92925,1,0,1,0,0
N92926,1,0,1,0,0
N92928,1,0,1,0,0
N92930,1,0,1,0,0
N92933,1,0,1,0,0
N92935,1,0,1,0,0
N92936,1,0,1,0,0
N92937,1,0,1,0,0
N92938,1,0,1,0,0
N92939,1,0,1,0,0
N92940,1,0,1,0,0
N92941,1,0,1,0,0
N92942,1,0,1,0,0
N92943,1,0,1,0,0
N92944,1,0,1,0,0
N92945,1,0,1,0,0
N92946,1,0,1,0,0
N92947,1,0,1,0,0
N92948,1,0,1,0,0
N92949,1,0,1,0,0
N92950,1,0,1,0,0
N92951,1,0,1,0,0
N92952,1,0,1,0,0
N92953,1,0,1,0,0
N92954,1,0,1,0,0
N92955,1,0,1,0,0
N92956,1,0,1,0,0
N92957,1,0,1,0,0
N92958,1,0,1,0,0
N92959,1,0,1,0,0
N92960,1,0,1,0,0
N92961,1,0,1,0,0
N92962,1,0,1,0,0
N92963,1,0,1,0,0
N92964,1,0,1,0,0
N92965,1,0,1,0,0
N92966,1,0,1,0,0
N92967,1,0,1,0,0
N92968,1,0,1,0,0
N92969,1,0,1,0,0
N92970,1,0,1,0,0
N92971,1,0,1,0,0
N92972,1,0,1,0,0
N92973,1,0,1,0,0
N92974,1,0,1,0,0
N92975,1,0,1,0,0
N92976,1,0,1,0,0
N92977,1,0,1,0,0
N92978,1,0,1,0,0
N92979,1,0,1,0,0
N92980,1,0,1,0,0
N92981,1,0,1,0,0
N92982,1,0,1,0,0
N92992,1,0,1,0,0
N92996,1,0,1,0,0
N92997,1,0,1,0,0
N92998,1,0,1,0,0
N93005,1,0,1,0,0
N93007,1,0,1,0,0
N93012,1,0,1,0,0
N93013,1,0,1,0,0
N93019,1,0,1,0,0
N93029,1,0,1,0,0
N93038,1,0,1,0,0
N93040,1,0,1,0,0
N93042,1,0,1,0,0
N93044,1,0,1,0,0
N93046,1,0,1,0,0
N93048,1,0,1,0,0
N93050,1,0,1,0,0
N93052,1,0,1,0,0
N93054,1,0,1,0,0
N93056,1,0,1,0,0
N93058,1,0,1,0,0
N93060,1,0,1,0,0
N93062,1,0,1,0,0
N93064,1,0,1,0,0
N93066,1,0,1,0,0
N93068,1,0,1,0,0
N93070,1,0,1,0,0
N93072,1,0,1,0,0
N93074,1,0,1,0,0
N93076,1,0,1,0,0
N93078,1,0,1,0,0
N93080,1,0,1,0,0
N93082,1,0,1,0,0
N93084,1,0,1,0,0
N93086,1,0,1,0,0
N93088,1,0,1,0,0
N93090,1,0,1,0,0
N93092,1,0,1,0,0
N93153,1,0,1,0,0
N93157,1,0,1,0,0
N93159,1,0,1,0,0
N93161,1,0,1,0,0
N93163,1,0,1,0,0
N93167,1,0,1,0,0
N93180,1,0,1,0,0
N93183,1,0,1,0,0
N93225,1,0,1,0,0
N93226,1,0,1,0,0
N93229,1,0,1,0,0
N93230,1,0,1,0,0
N93234,1,0,1,0,0
N93235,1,0,1,0,0
N93243,1,0,1,0,0
N93246,1,0,1,0,0
N93248,1,0,1,0,0
N93250,1,0,1,0,0
N93252,1,0,1,0,0
N93254,1,0,1,0,0
N93255,1,0,1,0,0
N93256,1,0,1,0,0
N93257,1,0,1,0,0
N93260,1,0,1,0,0
N93266,1,0,1,0,0
N93268,1,0,1,0,0
N93269,1,0,1,0,0
N93271,1,0,1,0,0
N93272,1,0,1,0,0
N93274,1,0,1,0,0
N93275,1,0,1,0,0
N93277,1,0,1,0,0
N93278,1,0,1,0,0
N93280,1,0,1,0,0
N93281,1,0,1,0,0
N93283,1,0,1,0,0
N93284,1,0,1,0,0
N93286,1,0,1,0,0
N93287,1,0,1,0,0
N93289,1,0,1,0,0
N93290,1,0,1,0,0
N93292,1,0,1,0,0
N93293,1,0,1,0,0
N93295,1,0,1,0,0
N93296,1,0,1,0,0
N93298,1,0,1,0,0
N93299,1,0,1,0,0
N93301,1,0,1,0,0
N93303,1,0,1,0,0
N93359,1,0,1,0,0
N93360,1,0,1,0,0
N93375,1,0,1,0,0
N93376,1,0,1,0,0
N93383,1,0,1,0,0
N93390,1,0,1,0,0
N93391,1,0,1,0,0
N93392,1,0,1,0,0
N93405,1,0,1,0,0
N93418,1,0,1,0,0
N93421,1,0,1,0,0
N93424,1,0,1,0,0
N93428,1,0,1,0,0
N93430,1,0,1,0,0
N93431,1,0,1,0,0
N93432,1,0,1,0,0
N93445,1,0,1,0,0
N93488,1,0,1,0,0
N93503,1,0,1,0,0
N93514,1,0,1,0,0
N93516,1,0,1,0,0
N93518,1,0,1,0,0
N93520,1,0,1,0,0
N93533,1,0,1,0,0
N93534,1,0,1,0,0
N93537,1,0,1,0,0
N93548,1,0,1,0,0
N93556,1,0,1,0,0
N93561,1,0,1,0,0
N93576,1,0,1,0,0
N93602,1,0,1,0,0
N93617,1,0,1,0,0
N93619,1,0,1,0,0
N93621,1,0,1,0,0
N93623,1,0,1,0,0
N93625,1,0,1,0,0
N93627,1,0,1,0,0
N93629,1,0,1,0,0
N93631,1,0,1,0,0
N93633,1,0,1,0,0
N93635,1,0,1,0,0
N93637,1,0,1,0,0
N93639,1,0,1,0,0
N93641,1,0,1,0,0
N93643,1,0,1,0,0
N93645,1,0,1,0,0
N93647,1,0,1,0,0
N93649,1,0,1,0,0
N93651,1,0,1,0,0
N93653,1,0,1,0,0
N93655,1,0,1,0,0
N93657,1,0,1,0,0
N93659,1,0,1,0,0
N93661,1,0,1,0,0
N93663,1,0,1,0,0
N93665,1,0,1,0,0
N93667,1,0,1,0,0
N93669,1,0,1,0,0
N93671,1,0,1,0,0
N93741,1,0,1,0,0
N93743,1,0,1,0,0
N93745,1,0,1,0,0
N93747,1,0,1,0,0
N93749,1,0,1,0,0
N93751,1,0,1,0,0
N93753,1,0,1,0,0
N93755,1,0,1,0,0
N93757,1,0,1,0,0
N93759,1,0,1,0,0
N93761,1,0,1,0,0
N93763,1,0,1,0,0
N93765,1,0,1,0,0
N93767,1,0,1,0,0
N93769,1,0,1,0,0
N93771,1,0,1,0,0
N93773,1,0,1,0,0
N93775,1,0,1,0,0
N93777,1,0,1,0,0
N93779,1,0,1,0,0
N93781,1,0,1,0,0
N93783,1,0,1,0,0
N93785,1,0,1,0,0
N93787,1,0,1,0,0
N93849,1,0,1,0,0
N93851,1,0,1,0,0
N93853,1,0,1,0,0
N93855,1,0,1,0,0
N93857,1,0,1,0,0
N93884,1,0,1,0,0
N93886,1,0,1,0,0
N93888,1,0,1,0,0
N93889,1,0,1,0,0
N93890,1,0,1,0,0
N93891,1,0,1,0,0
N93913,1,0,1,0,0
N93915,1,0,1,0,0
N93917,1,0,1,0,0
N93919,1,0,1,0,0
N93921,1,0,1,0,0
N93923,1,0,1,0,0
N93925,1,0,1,0,0
N93927,1,0,1,0,0
N93929,1,0,1,0,0
N93931,1,0,1,0,0
N93933,1,0,1,0,0
N93935,1,0,1,0,0
N93937,1,0,1,0,0
N93939,1,0,1,0,0
N93941,1,0,1,0,0
N93943,1,0,1,0,0
N94093,1,0,1,0,0
N94155,1,0,1,0,0
N94158,1,0,1,0,0
N94159,1,0,1,0,0
N94160,1,0,1,0,0
N94171,1,0,1,0,0
N94172,1,0,1,0,0
N94173,1,0,1,0,0
N94174,1,0,1,0,0
N94178,1,0,1,0,0
N94179,1,0,1,0,0
N94180,1,0,1,0,0
N94181,1,0,1,0,0
N94184,1,0,1,0,0
N94186,1,0,1,0,0
N94190,1,0,1,0,0
N94193,1,0,1,0,0
N94195,1,0,1,0,0
N94196,1,0,1,0,0
N94197,1,0,1,0,0
N94198,1,0,1,0,0
N94202,1,0,1,0,0
N94203,1,0,1,0,0
N94204,1,0,1,0,0
N94205,1,0,1,0,0
N94206,1,0,1,0,0
N94207,1,0,1,0,0
N94208,1,0,1,0,0
N94209,1,0,1,0,0
N94210,1,0,1,0,0
N94211,1,0,1,0,0
N94212,1,0,1,0,0
N94213,1,0,1,0,0
N94214,1,0,1,0,0
N94215,1,0,1,0,0
N94216,1,0,1,0,0
N94217,1,0,1,0,0
N94218,1,0,1,0,0
N94219,1,0,1,0,0
N94220,1,0,1,0,0
N94221,1,0,1,0,0
N94222,1,0,1,0,0
N94223,1,0,1,0,0
N94224,1,0,1,0,0
N94225,1,0,1,0,0
N94226,1,0,1,0,0
N94227,1,0,1,0,0
N94228,1,0,1,0,0
N94229,1,0,1,0,0
N94230,1,0,1,0,0
N94231,1,0,1,0,0
N94232,1,0,1,0,0
N94233,1,0,1,0,0
N94234,1,0,1,0,0
N94235,1,0,1,0,0
N94236,1,0,1,0,0
N94237,1,0,1,0,0
N94238,1,0,1,0,0
N94239,1,0,1,0,0
N94240,1,0,1,0,0
N94241,1,0,1,0,0
N94242,1,0,1,0,0
N94243,1,0,1,0,0
N94244,1,0,1,0,0
N94245,1,0,1,0,0
N94246,1,0,1,0,0
N94247,1,0,1,0,0
N94248,1,0,1,0,0
N94249,1,0,1,0,0
N94250,1,0,1,0,0
N94251,1,0,1,0,0
N94252,1,0,1,0,0
N94253,1,0,1,0,0
N94254,1,0,1,0,0
N94256,1,0,1,0,0
N94261,1,0,1,0,0
N94265,1,0,1,0,0
N94267,1,0,1,0,0
N94278,1,0,1,0,0
N94279,1,0,1,0,0
N94280,1,0,1,0,0
N94281,1,0,1,0,0
N94312,1,0,1,0,0
N94329,1,0,1,0,0
N94330,1,0,1,0,0
N94331,1,0,1,0,0
N94332,1,0,1,0,0
N94333,1,0,1,0,0
N94334,1,0,1,0,0
N94335,1,0,1,0,0
N94336,1,0,1,0,0
N94337,1,0,1,0,0
N94340,1,0,1,0,0
N94341,1,0,1,0,0
N94342,1,0,1,0,0
N94343,1,0,1,0,0
N94344,1,0,1,0,0
N94345,1,0,1,0,0
N94346,1,0,1,0,0
N94347,1,0,1,0,0
N94355,1,0,1,0,0
N94357,1,0,1,0,0
N94359,1,0,1,0,0
N94361,1,0,1,0,0
N94440,1,0,1,0,0
N94457,1,0,1,0,0
N94458,1,0,1,0,0
N94459,1,0,1,0,0
N94460,1,0,1,0,0
N94461,1,0,1,0,0
N94463,1,0,1,0,0
N94465,1,0,1,0,0
N94466,1,0,1,0,0
N94467,1,0,1,0,0
N94468,1,0,1,0,0
N94469,1,0,1,0,0
N94470,1,0,1,0,0
N94471,1,0,1,0,0
N94472,1,0,1,0,0
N94473,1,0,1,0,0
N94474,1,0,1,0,0
N94475,1,0,1,0,0
N94476,1,0,1,0,0
N94477,1,0,1,0,0
N94478,1,0,1,0,0
N94479,1,0,1,0,0
N94480,1,0,1,0,0
N94481,1,0,1,0,0
N94482,1,0,1,0,0
N94483,1,0,1,0,0
N94484,1,0,1,0,0
N94485,1,0,1,0,0
N94486,1,0,1,0,0
N94487,1,0,1,0,0
N94488,1,0,1,0,0
N94505,1,0,1,0,0
N94522,1,0,1,0,0
N94529,1,0,1,0,0
N94535,1,0,1,0,0
N94549,1,0,1,0,0
N94578,1,0,1,0,0
N94583,1,0,1,0,0
N94584,1,0,1,0,0
N94589,1,0,1,0,0
N94590,1,0,1,0,0
N94595,1,0,1,0,0
N94596,1,0,1,0,0
N94601,1,0,1,0,0
N94602,1,0,1,0,0
N94607,1,0,1,0,0
N94608,1,0,1,0,0
N94613,1,0,1,0,0
N94614,1,0,1,0,0
N94619,1,0,1,0,0
N94620,1,0,1,0,0
N94625,1,0,1,0,0
N94626,1,0,1,0,0
N94631,1,0,1,0,0
N94632,1,0,1,0,0
N94637,1,0,1,0,0
N94638,1,0,1,0,0
N94643,1,0,1,0,0
N94644,1,0,1,0,0
N94649,1,0,1,0,0
N94650,1,0,1,0,0
N94655,1,0,1,0,0
N94656,1,0,1,0,0
N94662,1,0,1,0,0
N94675,1,0,1,0,0
N94681,1,0,1,0,0
N94687,1,0,1,0,0
N94707,1,0,1,0,0
N94708,1,0,1,0,0
N94709,1,0,1,0,0
N94710,1,0,1,0,0
N94735,1,0,1,0,0
N94736,1,0,1,0,0
N94745,1,0,1,0,0
N94747,1,0,1,0,0
N94749,1,0,1,0,0
N94779,1,0,1,0,0
N94781,1,0,1,0,0
N94783,1,0,1,0,0
N94785,1,0,1,0,0
N94787,1,0,1,0,0
N94789,1,0,1,0,0
N94791,1,0,1,0,0
N94793,1,0,1,0,0
N94795,1,0,1,0,0
N94797,1,0,1,0,0
N94799,1,0,1,0,0
N94801,1,0,1,0,0
N94803,1,0,1,0,0
N94805,1,0,1,0,0
N94807,1,0,1,0,0
N94809,1,0,1,0,0
N94811,1,0,1,0,0
N94895,1,0,1,0,0
N94897,1,0,1,0,0
N94899,1,0,1,0,0
N94901,1,0,1,0,0
N94903,1,0,1,0,0
N94905,1,0,1,0,0
N94907,1,0,1,0,0
N94909,1,0,1,0,0
N94911,1,0,1,0,0
N94913,1,0,1,0,0
N94915,1,0,1,0,0
N94917,1,0,1,0,0
N94919,1,0,1,0,0
N94921,1,0,1,0,0
N94923,1,0,1,0,0
N94925,1,0,1,0,0
N94927,1,0,1,0,0
N9500,1,0,1,0,0
N9501,1,0,1,0,0
N9502,1,0,1,0,0
N95021,1,0,1,0,0
N9503,1,0,1,0,0
N9504,1,0,1,0,0
N9505,1,0,1,0,0
N9506,1,0,1,0,0
N9507,1,0,1,0,0
N9508,1,0,1,0,0
N9509,1,0,1,0,0
N95095,1,0,1,0,0
N9510,1,0,1,0,0
N9511,1,0,1,0,0
N9512,1,0,1,0,0
N95129,1,0,1,0,0
N9513,1,0,1,0,0
N95131,1,0,1,0,0
N95133,1,0,1,0,0
N9514,1,0,1,0,0
N95168,1,0,1,0,0
N95169,1,0,1,0,0
N95171,1,0,1,0,0
N95172,1,0,1,0,0
N95175,1,0,1,0,0
N9527,1,0,1,0,0
N95270,1,0,1,0,0
N95274,1,0,1,0,0
N95276,1,0,1,0,0
N95282,1,0,1,0,0
N95284,1,0,1,0,0
N95286,1,0,1,0,0
N95287,1,0,1,0,0
N95288,1,0,1,0,0
N95289,1,0,1,0,0
N95290,1,0,1,0,0
N95291,1,0,1,0,0
N95292,1,0,1,0,0
N95293,1,0,1,0,0
N95294,1,0,1,0,0
N95295,1,0,1,0,0
N95296,1,0,1,0,0
N95297,1,0,1,0,0
N95298,1,0,1,0,0
N95299,1,0,1,0,0
N95300,1,0,1,0,0
N95301,1,0,1,0,0
N95302,1,0,1,0,0
N95303,1,0,1,0,0
N95304,1,0,1,0,0
N95305,1,0,1,0,0
N95309,1,0,1,0,0
N9531,1,0,1,0,0
N95315,1,0,1,0,0
N95318,1,0,1,0,0
N95319,1,0,1,0,0
N95323,1,0,1,0,0
N95326,1,0,1,0,0
N95327,1,0,1,0,0
N95331,1,0,1,0,0
N95334,1,0,1,0,0
N95335,1,0,1,0,0
N95339,1,0,1,0,0
N95341,1,0,1,0,0
N95348,1,0,1,0,0
N9535,1,0,1,0,0
N95351,1,0,1,0,0
N95352,1,0,1,0,0
N95356,1,0,1,0,0
N95359,1,0,1,0,0
N95365,1,0,1,0,0
N95373,1,0,1,0,0
N95380,1,0,1,0,0
N95384,1,0,1,0,0
N95388,1,0,1,0,0
N95394,1,0,1,0,0
N95398,1,0,1,0,0
N95402,1,0,1,0,0
N95406,1,0,1,0,0
N95410,1,0,1,0,0
N95414,1,0,1,0,0
N95418,1,0,1,0,0
N95422,1,0,1,0,0
N95426,1,0,1,0,0
N9543,1,0,1,0,0
N95430,1,0,1,0,0
N95434,1,0,1,0,0
N95438,1,0,1,0,0
N95442,1,0,1,0,0
N95446,1,0,1,0,0
N95450,1,0,1,0,0
N95454,1,0,1,0,0
N95458,1,0,1,0,0
N95462,1,0,1,0,0
N95466,1,0,1,0,0
N95470,1,0,1,0,0
N95474,1,0,1,0,0
N95478,1,0,1,0,0
N95482,1,0,1,0,0
N95486,1,0,1,0,0
N95490,1,0,1,0,0
N95494,1,0,1,0,0
N95498,1,0,1,0,0
N95502,1,0,1,0,0
N95505,1,0,1,0,0
N95506,1,0,1,0,0
N9551,1,0,1,0,0
N95510,1,0,1,0,0
N95512,1,0,1,0,0
N95519,1,0,1,0,0
N95522,1,0,1,0,0
N95523,1,0,1,0,0
N95527,1,0,1,0,0
N95530,1,0,1,0,0
N95531,1,0,1,0,0
N95535,1,0,1,0,0
N95538,1,0,1,0,0
N95539,1,0,1,0,0
N95543,1,0,1,0,0
N95545,1,0,1,0,0
N95599,1,0,1,0,0
N95636,1,0,1,0,0
N95650,1,0,1,0,0
N95653,1,0,1,0,0
N95666,1,0,1,0,0
N95731,1,0,1,0,0
N95734,1,0,1,0,0
N95737,1,0,1,0,0
N95739,1,0,1,0,0
N95740,1,0,1,0,0
N95742,1,0,1,0,0
N95743,1,0,1,0,0
N95745,1,0,1,0,0
N95746,1,0,1,0,0
N95748,1,0,1,0,0
N95749,1,0,1,0,0
N95751,1,0,1,0,0
N95752,1,0,1,0,0
N95754,1,0,1,0,0
N95755,1,0,1,0,0
N95757,1,0,1,0,0
N95758,1,0,1,0,0
N95760,1,0,1,0,0
N95761,1,0,1,0,0
N95763,1,0,1,0,0
N95777,1,0,1,0,0
N95778,1,0,1,0,0
N95779,1,0,1,0,0
N95780,1,0,1,0,0
N95781,1,0,1,0,0
N95782,1,0,1,0,0
N95783,1,0,1,0,0
N95784,1,0,1,0,0
N95785,1,0,1,0,0
N95786,1,0,1,0,0
N95787,1,0,1,0,0
N95788,1,0,1,0,0
N95789,1,0,1,0,0
N95790,1,0,1,0,0
N95791,1,0,1,0,0
N95792,1,0,1,0,0
N95793,1,0,1,0,0
N95794,1,0,1,0,0
N95795,1,0,1,0,0
N95796,1,0,1,0,0
N95797,1,0,1,0,0
N95798,1,0,1,0,0
N95799,1,0,1,0,0
N95800,1,0,1,0,0
N95801,1,0,1,0,0
N95804,1,0,1,0,0
N95846,1,0,1,0,0
N9588,1,0,1,0,0
N95899,1,0,1,0,0
N95901,1,0,1,0,0
N95903,1,0,1,0,0
N95905,1,0,1,0,0
N95907,1,0,1,0,0
N95909,1,0,1,0,0
N95911,1,0,1,0,0
N95913,1,0,1,0,0
N95915,1,0,1,0,0
N95917,1,0,1,0,0
N95919,1,0,1,0,0
N95921,1,0,1,0,0
N95923,1,0,1,0,0
N95925,1,0,1,0,0
N95927,1,0,1,0,0
N95929,1,0,1,0,0
N95931,1,0,1,0,0
N95933,1,0,1,0,0
N95943,1,0,1,0,0
N95945,1,0,1,0,0
N95946,1,0,1,0,0
N95949,1,0,1,0,0
N95951,1,0,1,0,0
N95952,1,0,1,0,0
N95955,1,0,1,0,0
N95957,1,0,1,0,0
N95958,1,0,1,0,0
N95961,1,0,1,0,0
N95963,1,0,1,0,0
N95965,1,0,1,0,0
N95967,1,0,1,0,0
N95969,1,0,1,0,0
N95971,1,0,1,0,0
N95972,1,0,1,0,0
N95975,1,0,1,0,0
N95977,1,0,1,0,0
N95978,1,0,1,0,0
N95981,1,0,1,0,0
N95983,1,0,1,0,0
N95985,1,0,1,0,0
N95987,1,0,1,0,0
N95989,1,0,1,0,0
N95990,1,0,1,0,0
N95993,1,0,1,0,0
N95996,1,0,1,0,0
N95997,1,0,1,0,0
N9608,1,0,1,0,0
N96083,1,0,1,0,0
N96085,1,0,1,0,0
N9609,1,0,1,0,0
N9610,1,0,1,0,0
N96104,1,0,1,0,0
N96108,1,0,1,0,0
N9611,1,0,1,0,0
N96129,1,0,1,0,0
N96169,1,0,1,0,0
N96170,1,0,1,0,0
N96171,1,0,1,0,0
N96172,1,0,1,0,0
N96173,1,0,1,0,0
N96174,1,0,1,0,0
N96175,1,0,1,0,0
N96176,1,0,1,0,0
N96177,1,0,1,0,0
N96178,1,0,1,0,0
N96179,1,0,1,0,0
N96180,1,0,1,0,0
N96181,1,0,1,0,0
N96182,1,0,1,0,0
N96183,1,0,1,0,0
N96184,1,0,1,0,0
N96185,1,0,1,0,0
N96186,1,0,1,0,0
N96187,1,0,1,0,0
N96188,1,0,1,0,0
N96189,1,0,1,0,0
N96190,1,0,1,0,0
N96191,1,0,1,0,0
N96192,1,0,1,0,0
N96193,1,0,1,0,0
N96194,1,0,1,0,0
N96195,1,0,1,0,0
N96196,1,0,1,0,0
N96197,1,0,1,0,0
N96198,1,0,1,0,0
N96199,1,0,1,0,0
N96200,1,0,1,0,0
N96201,1,0,1,0,0
N96202,1,0,1,0,0
N96203,1,0,1,0,0
N96204,1,0,1,0,0
N96206,1,0,1,0,0
N96207,1,0,1,0,0
N96208,1,0,1,0,0
N96209,1,0,1,0,0
N96210,1,0,1,0,0
N96211,1,0,1,0,0
N96212,1,0,1,0,0
N96213,1,0,1,0,0
N96214,1,0,1,0,0
N96215,1,0,1,0,0
N96216,1,0,1,0,0
N96217,1,0,1,0,0
N96220,1,0,1,0,0
N96221,1,0,1,0,0
N96222,1,0,1,0,0
N96223,1,0,1,0,0
N96224,1,0,1,0,0
N96228,1,0,1,0,0
N96229,1,0,1,0,0
N96230,1,0,1,0,0
N96236,1,0,1,0,0
N96240,1,0,1,0,0
N96249,1,0,1,0,0
N96262,1,0,1,0,0
N96265,1,0,1,0,0
N96268,1,0,1,0,0
N96292,1,0,1,0,0
N96294,1,0,1,0,0
N96296,1,0,1,0,0
N96298,1,0,1,0,0
N96300,1,0,1,0,0
N96302,1,0,1,0,0
N96304,1,0,1,0,0
N96306,1,0,1,0,0
N96308,1,0,1,0,0
N96310,1,0,1,0,0
N96312,1,0,1,0,0
N96314,1,0,1,0,0
N96316,1,0,1,0,0
N96318,1,0,1,0,0
N96320,1,0,1,0,0
N96322,1,0,1,0,0
N96324,1,0,1,0,0
N96326,1,0,1,0,0
N96328,1,0,1,0,0
N96330,1,0,1,0,0
N96332,1,0,1,0,0
N96334,1,0,1,0,0
N96336,1,0,1,0,0
N96338,1,0,1,0,0
N9636,1,0,1,0,0
N9639,1,0,1,0,0
N96393,1,0,1,0,0
N96395,1,0,1,0,0
N96396,1,0,1,0,0
N96397,1,0,1,0,0
N96399,1,0,1,0,0
N96401,1,0,1,0,0
N96403,1,0,1,0,0
N96405,1,0,1,0,0
N96407,1,0,1,0,0
N96409,1,0,1,0,0
N96411,1,0,1,0,0
N96412,1,0,1,0,0
N96413,1,0,1,0,0
N96420,1,0,1,0,0
N96421,1,0,1,0,0
N96429,1,0,1,0,0
N96430,1,0,1,0,0
N96432,1,0,1,0,0
N96433,1,0,1,0,0
N96435,1,0,1,0,0
N96436,1,0,1,0,0
N96438,1,0,1,0,0
N96439,1,0,1,0,0
N96441,1,0,1,0,0
N96442,1,0,1,0,0
N96444,1,0,1,0,0
N96445,1,0,1,0,0
N96447,1,0,1,0,0
N96448,1,0,1,0,0
N96450,1,0,1,0,0
N96451,1,0,1,0,0
N96453,1,0,1,0,0
N96454,1,0,1,0,0
N96456,1,0,1,0,0
N96457,1,0,1,0,0
N96459,1,0,1,0,0
N96460,1,0,1,0,0
N96462,1,0,1,0,0
N96463,1,0,1,0,0
N96465,1,0,1,0,0
N96466,1,0,1,0,0
N96468,1,0,1,0,0
N96471,1,0,1,0,0
N96472,1,0,1,0,0
N96474,1,0,1,0,0
N96475,1,0,1,0,0
N96476,1,0,1,0,0
N96477,1,0,1,0,0
N96480,1,0,1,0,0
N96481,1,0,1,0,0
N96482,1,0,1,0,0
N96485,1,0,1,0,0
N96487,1,0,1,0,0
N96488,1,0,1,0,0
N96493,1,0,1,0,0
N96495,1,0,1,0,0
N96496,1,0,1,0,0
N96497,1,0,1,0,0
N96499,1,0,1,0,0
N96500,1,0,1,0,0
N96501,1,0,1,0,0
N96502,1,0,1,0,0
N96503,1,0,1,0,0
N96504,1,0,1,0,0
N96505,1,0,1,0,0
N96507,1,0,1,0,0
N96508,1,0,1,0,0
N96509,1,0,1,0,0
N96511,1,0,1,0,0
N96512,1,0,1,0,0
N96513,1,0,1,0,0
N96521,1,0,1,0,0
N96522,1,0,1,0,0
N96523,1,0,1,0,0
N96525,1,0,1,0,0
N96526,1,0,1,0,0
N96527,1,0,1,0,0
N96529,1,0,1,0,0
N96530,1,0,1,0,0
N96531,1,0,1,0,0
N96533,1,0,1,0,0
N96534,1,0,1,0,0
N96535,1,0,1,0,0
N96537,1,0,1,0,0
N96538,1,0,1,0,0
N96539,1,0,1,0,0
N96554,1,0,1,0,0
N96557,1,0,1,0,0
N96569,1,0,1,0,0
N96575,1,0,1,0,0
N96578,1,0,1,0,0
N96581,1,0,1,0,0
N96595,1,0,1,0,0
N96599,1,0,1,0,0
N96604,1,0,1,0,0
N96666,1,0,1,0,0
N96667,1,0,1,0,0
N96668,1,0,1,0,0
N96669,1,0,1,0,0
N96715,1,0,1,0,0
N96717,1,0,1,0,0
N96718,1,0,1,0,0
N96720,1,0,1,0,0
N96721,1,0,1,0,0
N96723,1,0,1,0,0
N96727,1,0,1,0,0
N96728,1,0,1,0,0
N96729,1,0,1,0,0
N96730,1,0,1,0,0
N96731,1,0,1,0,0
N96732,1,0,1,0,0
N96733,1,0,1,0,0
N96734,1,0,1,0,0
N96735,1,0,1,0,0
N96737,1,0,1,0,0
N96738,1,0,1,0,0
N96739,1,0,1,0,0
N96740,1,0,1,0,0
N96741,1,0,1,0,0
N96742,1,0,1,0,0
N96743,1,0,1,0,0
N96744,1,0,1,0,0
N96745,1,0,1,0,0
N96747,1,0,1,0,0
N96748,1,0,1,0,0
N96749,1,0,1,0,0
N96751,1,0,1,0,0
N96755,1,0,1,0,0
N96758,1,0,1,0,0
N96762,1,0,1,0,0
N96764,1,0,1,0,0
N96773,1,0,1,0,0
N96775,1,0,1,0,0
N96784,1,0,1,0,0
N96795,1,0,1,0,0
N96796,1,0,1,0,0
N96797,1,0,1,0,0
N96798,1,0,1,0,0
N96799,1,0,1,0,0
N96800,1,0,1,0,0
N96814,1,0,1,0,0
N96816,1,0,1,0,0
N96818,1,0,1,0,0
N96820,1,0,1,0,0
N96822,1,0,1,0,0
N96824,1,0,1,0,0
N96826,1,0,1,0,0
N96828,1,0,1,0,0
N96830,1,0,1,0,0
N96832,1,0,1,0,0
N96840,1,0,1,0,0
N96844,1,0,1,0,0
N96846,1,0,1,0,0
N96848,1,0,1,0,0
N96850,1,0,1,0,0
N96852,1,0,1,0,0
N96854,1,0,1,0,0
N96856,1,0,1,0,0
N96858,1,0,1,0,0
N96860,1,0,1,0,0
N96911,1,0,1,0,0
N96918,1,0,1,0,0
N96920,1,0,1,0,0
N96955,1,0,1,0,0
N96970,1,0,1,0,0
N96991,1,0,1,0,0
N96992,1,0,1,0,0
N96993,1,0,1,0,0
N96994,1,0,1,0,0
N96995,1,0,1,0,0
N96996,1,0,1,0,0
N96997,1,0,1,0,0
N96998,1,0,1,0,0
N97013,1,0,1,0,0
N97015,1,0,1,0,0
N97016,1,0,1,0,0
N97017,1,0,1,0,0
N97019,1,0,1,0,0
N97020,1,0,1,0,0
N97021,1,0,1,0,0
N97023,1,0,1,0,0
N97027,1,0,1,0,0
N97029,1,0,1,0,0
N97030,1,0,1,0,0
N97031,1,0,1,0,0
N97032,1,0,1,0,0
N97033,1,0,1,0,0
N97034,1,0,1,0,0
N97035,1,0,1,0,0
N97036,1,0,1,0,0
N97038,1,0,1,0,0
N97039,1,0,1,0,0
N97040,1,0,1,0,0
N97042,1,0,1,0,0
N97043,1,0,1,0,0
N97045,1,0,1,0,0
N97046,1,0,1,0,0
N97047,1,0,1,0,0
N97048,1,0,1,0,0
N97049,1,0,1,0,0
N97051,1,0,1,0,0
N97052,1,0,1,0,0
N97053,1,0,1,0,0
N97054,1,0,1,0,0
N97056,1,0,1,0,0
N97057,1,0,1,0,0
N97059,1,0,1,0,0
N97061,1,0,1,0,0
N97063,1,0,1,0,0
N97064,1,0,1,0,0
N97067,1,0,1,0,0
N97068,1,0,1,0,0
N97073,1,0,1,0,0
N97074,1,0,1,0,0
N97076,1,0,1,0,0
N97077,1,0,1,0,0
N97078,1,0,1,0,0
N97083,1,0,1,0,0
N97084,1,0,1,0,0
N97087,1,0,1,0,0
N97088,1,0,1,0,0
N97091,1,0,1,0,0
N97092,1,0,1,0,0
N97093,1,0,1,0,0
N97096,1,0,1,0,0
N97099,1,0,1,0,0
N97102,1,0,1,0,0
N97103,1,0,1,0,0
N97144,1,0,1,0,0
N97145,1,0,1,0,0
N97146,1,0,1,0,0
N97147,1,0,1,0,0
N97149,1,0,1,0,0
N97151,1,0,1,0,0
N97153,1,0,1,0,0
N97156,1,0,1,0,0
N97158,1,0,1,0,0
N97168,1,0,1,0,0
N97169,1,0,1,0,0
N97172,1,0,1,0,0
N97186,1,0,1,0,0
N97188,1,0,1,0,0
N97190,1,0,1,0,0
N97192,1,0,1,0,0
N97197,1,0,1,0,0
N97198,1,0,1,0,0
N97199,1,0,1,0,0
N97200,1,0,1,0,0
N97201,1,0,1,0,0
N97204,1,0,1,0,0
N97205,1,0,1,0,0
N97206,1,0,1,0,0
N97207,1,0,1,0,0
N97208,1,0,1,0,0
N97213,1,0,1,0,0
N97225,1,0,1,0,0
N97226,1,0,1,0,0
N97228,1,0,1,0,0
N97229,1,0,1,0,0
N97232,1,0,1,0,0
N97233,1,0,1,0,0
N97234,1,0,1,0,0
N97235,1,0,1,0,0
N97238,1,0,1,0,0
N97239,1,0,1,0,0
N97240,1,0,1,0,0
N97281,1,0,1,0,0
N97282,1,0,1,0,0
N97283,1,0,1,0,0
N97284,1,0,1,0,0
N97290,1,0,1,0,0
N97297,1,0,1,0,0
N97298,1,0,1,0,0
N97299,1,0,1,0,0
N97300,1,0,1,0,0
N97301,1,0,1,0,0
N97302,1,0,1,0,0
N97303,1,0,1,0,0
N97304,1,0,1,0,0
N97305,1,0,1,0,0
N97306,1,0,1,0,0
N97307,1,0,1,0,0
N97308,1,0,1,0,0
N97309,1,0,1,0,0
N97310,1,0,1,0,0
N97311,1,0,1,0,0
N97312,1,0,1,0,0
N97313,1,0,1,0,0
N97314,1,0,1,0,0
N97315,1,0,1,0,0
N97316,1,0,1,0,0
N97317,1,0,1,0,0
N97318,1,0,1,0,0
N97319,1,0,1,0,0
N97320,1,0,1,0,0
N97321,1,0,1,0,0
N97322,1,0,1,0,0
N97323,1,0,1,0,0
N97324,1,0,1,0,0
N97325,1,0,1,0,0
N97326,1,0,1,0,0
N97327,1,0,1,0,0
N97343,1,0,1,0,0
N97345,1,0,1,0,0
N97376,1,0,1,0,0
N97378,1,0,1,0,0
N97380,1,0,1,0,0
N97382,1,0,1,0,0
N97384,1,0,1,0,0
N97386,1,0,1,0,0
N97388,1,0,1,0,0
N97390,1,0,1,0,0
N97392,1,0,1,0,0
N97394,1,0,1,0,0
N97396,1,0,1,0,0
N97398,1,0,1,0,0
N97400,1,0,1,0,0
N97402,1,0,1,0,0
N97403,1,0,1,0,0
N97404,1,0,1,0,0
N97405,1,0,1,0,0
N97406,1,0,1,0,0
N97410,1,0,1,0,0
N97412,1,0,1,0,0
N97414,1,0,1,0,0
N97416,1,0,1,0,0
N97417,1,0,1,0,0
N97420,1,0,1,0,0
N97422,1,0,1,0,0
N97423,1,0,1,0,0
N97426,1,0,1,0,0
N97428,1,0,1,0,0
N97429,1,0,1,0,0
N97431,1,0,1,0,0
N97434,1,0,1,0,0
N97436,1,0,1,0,0
N97438,1,0,1,0,0
N97440,1,0,1,0,0
N97442,1,0,1,0,0
N97448,1,0,1,0,0
N97451,1,0,1,0,0
N97452,1,0,1,0,0
N97454,1,0,1,0,0
N97456,1,0,1,0,0
N97458,1,0,1,0,0
N97460,1,0,1,0,0
N97461,1,0,1,0,0
N97463,1,0,1,0,0
N97465,1,0,1,0,0
N97535,1,0,1,0,0
N97537,1,0,1,0,0
N97540,1,0,1,0,0
N97541,1,0,1,0,0
N97599,1,0,1,0,0
N97600,1,0,1,0,0
N97601,1,0,1,0,0
N97602,1,0,1,0,0
N97604,1,0,1,0,0
N97605,1,0,1,0,0
N97606,1,0,1,0,0
N97607,1,0,1,0,0
N97609,1,0,1,0,0
N97610,1,0,1,0,0
N97612,1,0,1,0,0
N97614,1,0,1,0,0
N97615,1,0,1,0,0
N97616,1,0,1,0,0
N97617,1,0,1,0,0
N97618,1,0,1,0,0
N97629,1,0,1,0,0
N97630,1,0,1,0,0
N97633,1,0,1,0,0
N97634,1,0,1,0,0
N97640,1,0,1,0,0
N97642,1,0,1,0,0
N97643,1,0,1,0,0
N97644,1,0,1,0,0
N97645,1,0,1,0,0
N97646,1,0,1,0,0
N97647,1,0,1,0,0
N97649,1,0,1,0,0
N97650,1,0,1,0,0
N97652,1,0,1,0,0
N97653,1,0,1,0,0
N97654,1,0,1,0,0
N97655,1,0,1,0,0
N97656,1,0,1,0,0
N97657,1,0,1,0,0
N97658,1,0,1,0,0
N97659,1,0,1,0,0
N97660,1,0,1,0,0
N97661,1,0,1,0,0
N97662,1,0,1,0,0
N97663,1,0,1,0,0
N97664,1,0,1,0,0
N97665,1,0,1,0,0
N97666,1,0,1,0,0
N97667,1,0,1,0,0
N97668,1,0,1,0,0
N97669,1,0,1,0,0
N97670,1,0,1,0,0
N97671,1,0,1,0,0
N97672,1,0,1,0,0
N97673,1,0,1,0,0
N97674,1,0,1,0,0
N97675,1,0,1,0,0
N97676,1,0,1,0,0
N97677,1,0,1,0,0
N97678,1,0,1,0,0
N97679,1,0,1,0,0
N97680,1,0,1,0,0
N97681,1,0,1,0,0
N97682,1,0,1,0,0
N97683,1,0,1,0,0
N97684,1,0,1,0,0
N97685,1,0,1,0,0
N97686,1,0,1,0,0
N97687,1,0,1,0,0
N97688,1,0,1,0,0
N97689,1,0,1,0,0
N97690,1,0,1,0,0
N97691,1,0,1,0,0
N97692,1,0,1,0,0
N97693,1,0,1,0,0
N97694,1,0,1,0,0
N97695,1,0,1,0,0
N97696,1,0,1,0,0
N97697,1,0,1,0,0
N97698,1,0,1,0,0
N97699,1,0,1,0,0
N97700,1,0,1,0,0
N97701,1,0,1,0,0
N97702,1,0,1,0,0
N97703,1,0,1,0,0
N97704,1,0,1,0,0
N97705,1,0,1,0,0
N97706,1,0,1,0,0
N97707,1,0,1,0,0
N97708,1,0,1,0,0
N97709,1,0,1,0,0
N97710,1,0,1,0,0
N97711,1,0,1,0,0
N97712,1,0,1,0,0
N97713,1,0,1,0,0
N97714,1,0,1,0,0
N97715,1,0,1,0,0
N97716,1,0,1,0,0
N97717,1,0,1,0,0
N97718,1,0,1,0,0
N97719,1,0,1,0,0
N97720,1,0,1,0,0
N97721,1,0,1,0,0
N97722,1,0,1,0,0
N97723,1,0,1,0,0
N97724,1,0,1,0,0
N97725,1,0,1,0,0
N97726,1,0,1,0,0
N97727,1,0,1,0,0
N97728,1,0,1,0,0
N97729,1,0,1,0,0
N97730,1,0,1,0,0
N97731,1,0,1,0,0
N97732,1,0,1,0,0
N97736,1,0,1,0,0
N97739,1,0,1,0,0
N97740,1,0,1,0,0
N97743,1,0,1,0,0
N97744,1,0,1,0,0
N97745,1,0,1,0,0
N97746,1,0,1,0,0
N97747,1,0,1,0,0
N97751,1,0,1,0,0
N97752,1,0,1,0,0
N97753,1,0,1,0,0
N97754,1,0,1,0,0
N97761,1,0,1,0,0
N97762,1,0,1,0,0
N97763,1,0,1,0,0
N97764,1,0,1,0,0
N97765,1,0,1,0,0
N97766,1,0,1,0,0
N97769,1,0,1,0,0
N97770,1,0,1,0,0
N97771,1,0,1,0,0
N97772,1,0,1,0,0
N97773,1,0,1,0,0
N97774,1,0,1,0,0
N97775,1,0,1,0,0
N97776,1,0,1,0,0
N97777,1,0,1,0,0
N97778,1,0,1,0,0
N97779,1,0,1,0,0
N9778,1,0,1,0,0
N97780,1,0,1,0,0
N97782,1,0,1,0,0
N97784,1,0,1,0,0
N97824,1,0,1,0,0
N97826,1,0,1,0,0
N97828,1,0,1,0,0
N97829,1,0,1,0,0
N97831,1,0,1,0,0
N97832,1,0,1,0,0
N97833,1,0,1,0,0
N97834,1,0,1,0,0
N97839,1,0,1,0,0
N97842,1,0,1,0,0
N97845,1,0,1,0,0
N97846,1,0,1,0,0
N97848,1,0,1,0,0
N97849,1,0,1,0,0
N97851,1,0,1,0,0
N97853,1,0,1,0,0
N97858,1,0,1,0,0
N97859,1,0,1,0,0
N97860,1,0,1,0,0
N97865,1,0,1,0,0
N97866,1,0,1,0,0
N97867,1,0,1,0,0
N97868,1,0,1,0,0
N97874,1,0,1,0,0
N97875,1,0,1,0,0
N97876,1,0,1,0,0
N97877,1,0,1,0,0
N97878,1,0,1,0,0
N97880,1,0,1,0,0
N97884,1,0,1,0,0
N97885,1,0,1,0,0
N97887,1,0,1,0,0
N97888,1,0,1,0,0
N97890,1,0,1,0,0
N97896,1,0,1,0,0
N97897,1,0,1,0,0
N97899,1,0,1,0,0
N97900,1,0,1,0,0
N97901,1,0,1,0,0
N97903,1,0,1,0,0
N97904,1,0,1,0,0
N97905,1,0,1,0,0
N97907,1,0,1,0,0
N97909,1,0,1,0,0
N97916,1,0,1,0,0
N97917,1,0,1,0,0
N97918,1,0,1,0,0
N97920,1,0,1,0,0
N97921,1,0,1,0,0
N97922,1,0,1,0,0
N97924,1,0,1,0,0
N97925,1,0,1,0,0
N97927,1,0,1,0,0
N97928,1,0,1,0,0
N97929,1,0,1,0,0
N97930,1,0,1,0,0
N97931,1,0,1,0,0
N97932,1,0,1,0,0
N97933,1,0,1,0,0
N97950,1,0,1,0,0
N97957,1,0,1,0,0
N97959,1,0,1,0,0
N97961,1,0,1,0,0
N98055,1,0,1,0,0
N98057,1,0,1,0,0
N98058,1,0,1,0,0
N98061,1,0,1,0,0
N98062,1,0,1,0,0
N98064,1,0,1,0,0
N98066,1,0,1,0,0
N98068,1,0,1,0,0
N98071,1,0,1,0,0
N98073,1,0,1,0,0
N98089,1,0,1,0,0
N98091,1,0,1,0,0
N98092,1,0,1,0,0
N98094,1,0,1,0,0
N98097,1,0,1,0,0
N98099,1,0,1,0,0
N98101,1,0,1,0,0
N98103,1,0,1,0,0
N98105,1,0,1,0,0
N98107,1,0,1,0,0
N98109,1,0,1,0,0
N98111,1,0,1,0,0
N98113,1,0,1,0,0
N98115,1,0,1,0,0
N98117,1,0,1,0,0
N98119,1,0,1,0,0
N98121,1,0,1,0,0
N98123,1,0,1,0,0
N98125,1,0,1,0,0
N98127,1,0,1,0,0
N98129,1,0,1,0,0
N98130,1,0,1,0,0
N98131,1,0,1,0,0
N98133,1,0,1,0,0
N98134,1,0,1,0,0
N98195,1,0,1,0,0
N98196,1,0,1,0,0
N98197,1,0,1,0,0
N98205,1,0,1,0,0
N98206,1,0,1,0,0
N98207,1,0,1,0,0
N98208,1,0,1,0,0
N98211,1,0,1,0,0
N98220,1,0,1,0,0
N98221,1,0,1,0,0
N98222,1,0,1,0,0
N98223,1,0,1,0,0
N98224,1,0,1,0,0
N98225,1,0,1,0,0
N98226,1,0,1,0,0
N98227,1,0,1,0,0
N98230,1,0,1,0,0
N98234,1,0,1,0,0
N98237,1,0,1,0,0
N98241,1,0,1,0,0
N98242,1,0,1,0,0
N98243,1,0,1,0,0
N98244,1,0,1,0,0
N98249,1,0,1,0,0
N98250,1,0,1,0,0
N98251,1,0,1,0,0
N98252,1,0,1,0,0
N98257,1,0,1,0,0
N98258,1,0,1,0,0
N98259,1,0,1,0,0
N98260,1,0,1,0,0
N98261,1,0,1,0,0
N98263,1,0,1,0,0
N98264,1,0,1,0,0
N98265,1,0,1,0,0
N98266,1,0,1,0,0
N98267,1,0,1,0,0
N98268,1,0,1,0,0
N98271,1,0,1,0,0
N98272,1,0,1,0,0
N98273,1,0,1,0,0
N98275,1,0,1,0,0
N98276,1,0,1,0,0
N98277,1,0,1,0,0
N98278,1,0,1,0,0
N98282,1,0,1,0,0
N98286,1,0,1,0,0
N98287,1,0,1,0,0
N98288,1,0,1,0,0
N98289,1,0,1,0,0
N98290,1,0,1,0,0
N98291,1,0,1,0,0
N98292,1,0,1,0,0
N98293,1,0,1,0,0
N98294,1,0,1,0,0
N98295,1,0,1,0,0
N98299,1,0,1,0,0
N98301,1,0,1,0,0
N98302,1,0,1,0,0
N98303,1,0,1,0,0
N98305,1,0,1,0,0
N98306,1,0,1,0,0
N98307,1,0,1,0,0
N98308,1,0,1,0,0
N98309,1,0,1,0,0
N98311,1,0,1,0,0
N98312,1,0,1,0,0
N98313,1,0,1,0,0
N98314,1,0,1,0,0
N98315,1,0,1,0,0
N98316,1,0,1,0,0
N98317,1,0,1,0,0
N98319,1,0,1,0,0
N98320,1,0,1,0,0
N98321,1,0,1,0,0
N98323,1,0,1,0,0
N98324,1,0,1,0,0
N98325,1,0,1,0,0
N98326,1,0,1,0,0
N98327,1,0,1,0,0
N98328,1,0,1,0,0
N98329,1,0,1,0,0
N98331,1,0,1,0,0
N98332,1,0,1,0,0
N98333,1,0,1,0,0
N98334,1,0,1,0,0
N98335,1,0,1,0,0
N98337,1,0,1,0,0
N98338,1,0,1,0,0
N98339,1,0,1,0,0
N98340,1,0,1,0,0
N98341,1,0,1,0,0
N98342,1,0,1,0,0
N98343,1,0,1,0,0
N98345,1,0,1,0,0
N98346,1,0,1,0,0
N98347,1,0,1,0,0
N98349,1,0,1,0,0
N98350,1,0,1,0,0
N98351,1,0,1,0,0
N98352,1,0,1,0,0
N98353,1,0,1,0,0
N98354,1,0,1,0,0
N98355,1,0,1,0,0
N98357,1,0,1,0,0
N98358,1,0,1,0,0
N98359,1,0,1,0,0
N98360,1,0,1,0,0
N98361,1,0,1,0,0
N98362,1,0,1,0,0
N98364,1,0,1,0,0
N98365,1,0,1,0,0
N98366,1,0,1,0,0
N98367,1,0,1,0,0
N98368,1,0,1,0,0
N98370,1,0,1,0,0
N98371,1,0,1,0,0
N98372,1,0,1,0,0
N98373,1,0,1,0,0
N98374,1,0,1,0,0
N98375,1,0,1,0,0
N98377,1,0,1,0,0
N98378,1,0,1,0,0
N98379,1,0,1,0,0
N98380,1,0,1,0,0
N98381,1,0,1,0,0
N98383,1,0,1,0,0
N98384,1,0,1,0,0
N98385,1,0,1,0,0
N98386,1,0,1,0,0
N98387,1,0,1,0,0
N98388,1,0,1,0,0
N98389,1,0,1,0,0
N98390,1,0,1,0,0
N98391,1,0,1,0,0
N98392,1,0,1,0,0
N98393,1,0,1,0,0
N98394,1,0,1,0,0
N98395,1,0,1,0,0
N98396,1,0,1,0,0
N98397,1,0,1,0,0
N98398,1,0,1,0,0
N98399,1,0,1,0,0
N98400,1,0,1,0,0
N98428,1,0,1,0,0
N98429,1,0,1,0,0
N98439,1,0,1,0,0
N98440,1,0,1,0,0
N98441,1,0,1,0,0
N98446,1,0,1,0,0
N98448,1,0,1,0,0
N98450,1,0,1,0,0
N98452,1,0,1,0,0
N98454,1,0,1,0,0
N98456,1,0,1,0,0
N98458,1,0,1,0,0
N98460,1,0,1,0,0
N98462,1,0,1,0,0
N98464,1,0,1,0,0
N98466,1,0,1,0,0
N98468,1,0,1,0,0
N98470,1,0,1,0,0
N98472,1,0,1,0,0
N98474,1,0,1,0,0
N98476,1,0,1,0,0
N98478,1,0,1,0,0
N98480,1,0,1,0,0
N98481,1,0,1,0,0
N98484,1,0,1,0,0
N98485,1,0,1,0,0
N98492,1,0,1,0,0
N98536,1,0,1,0,0
N98537,1,0,1,0,0
N98540,1,0,1,0,0
N98541,1,0,1,0,0
N98544,1,0,1,0,0
N98547,1,0,1,0,0
N98550,1,0,1,0,0
N98553,1,0,1,0,0
N98556,1,0,1,0,0
N98559,1,0,1,0,0
N98562,1,0,1,0,0
N98565,1,0,1,0,0
N98568,1,0,1,0,0
N98571,1,0,1,0,0
N98574,1,0,1,0,0
N98577,1,0,1,0,0
N98578,1,0,1,0,0
N98581,1,0,1,0,0
N98584,1,0,1,0,0
N98585,1,0,1,0,0
N98588,1,0,1,0,0
N98591,1,0,1,0,0
N98592,1,0,1,0,0
N98595,1,0,1,0,0
N98598,1,0,1,0,0
N98599,1,0,1,0,0
N98602,1,0,1,0,0
N98667,1,0,1,0,0
N98670,1,0,1,0,0
N98682,1,0,1,0,0
N98684,1,0,1,0,0
N98690,1,0,1,0,0
N98692,1,0,1,0,0
N98704,1,0,1,0,0
N98706,1,0,1,0,0
N98708,1,0,1,0,0
N98710,1,0,1,0,0
N98758,1,0,1,0,0
N98764,1,0,1,0,0
N98802,1,0,1,0,0
N98804,1,0,1,0,0
N98806,1,0,1,0,0
N98808,1,0,1,0,0
N98810,1,0,1,0,0
N98812,1,0,1,0,0
N98814,1,0,1,0,0
N98816,1,0,1,0,0
N98818,1,0,1,0,0
N98820,1,0,1,0,0
N98822,1,0,1,0,0
N98824,1,0,1,0,0
N98826,1,0,1,0,0
N98828,1,0,1,0,0
N98830,1,0,1,0,0
N98832,1,0,1,0,0
N98834,1,0,1,0,0
N98836,1,0,1,0,0
N98838,1,0,1,0,0
N98864,1,0,1,0,0
N98933,1,0,1,0,0
N98995,1,0,1,0,0
N98997,1,0,1,0,0
N98999,1,0,1,0,0
N99001,1,0,1,0,0
N99003,1,0,1,0,0
N99005,1,0,1,0,0
N99007,1,0,1,0,0
N99009,1,0,1,0,0
N99011,1,0,1,0,0
N99013,1,0,1,0,0
N99015,1,0,1,0,0
N99017,1,0,1,0,0
N99019,1,0,1,0,0
N99021,1,0,1,0,0
N99023,1,0,1,0,0
N99025,1,0,1,0,0
N99027,1,0,1,0,0
N99029,1,0,1,0,0
N99031,1,0,1,0,0
N99033,1,0,1,0,0
N99035,1,0,1,0,0
N99037,1,0,1,0,0
N99039,1,0,1,0,0
N99041,1,0,1,0,0
N99043,1,0,1,0,0
N99045,1,0,1,0,0
N99047,1,0,1,0,0
N99049,1,0,1,0,0
N99051,1,0,1,0,0
N99169,1,0,1,0,0
N99239,1,0,1,0,0
N99241,1,0,1,0,0
N99243,1,0,1,0,0
N99245,1,0,1,0,0
N99247,1,0,1,0,0
N99249,1,0,1,0,0
N99251,1,0,1,0,0
N99253,1,0,1,0,0
N99255,1,0,1,0,0
N99257,1,0,1,0,0
N99259,1,0,1,0,0
N99261,1,0,1,0,0
N99263,1,0,1,0,0
N99265,1,0,1,0,0
N99267,1,0,1,0,0
N99269,1,0,1,0,0
N99271,1,0,1,0,0
N99273,1,0,1,0,0
N99275,1,0,1,0,0
N99277,1,0,1,0,0
N99279,1,0,1,0,0
N99281,1,0,1,0,0
N99283,1,0,1,0,0
N99285,1,0,1,0,0
N99287,1,0,1,0,0
N99350,1,0,1,0,0
N99351,1,0,1,0,0
N99353,1,0,1,0,0
N99355,1,0,1,0,0
N99357,1,0,1,0,0
N99359,1,0,1,0,0
N99361,1,0,1,0,0
N99363,1,0,1,0,0
N99365,1,0,1,0,0
N99367,1,0,1,0,0
N99369,1,0,1,0,0
N99371,1,0,1,0,0
N99373,1,0,1,0,0
N99375,1,0,1,0,0
N99377,1,0,1,0,0
N99379,1,0,1,0,0
N99381,1,0,1,0,0
N99383,1,0,1,0,0
N99385,1,0,1,0,0
N99387,1,0,1,0,0
N99389,1,0,1,0,0
N99391,1,0,1,0,0
N99393,1,0,1,0,0
N99395,1,0,1,0,0
N99397,1,0,1,0,0
N99399,1,0,1,0,0
N99401,1,0,1,0,0
N99403,1,0,1,0,0
N99405,1,0,1,0,0
N99407,1,0,1,0,0
N99409,1,0,1,0,0
N99410,1,0,1,0,0
N99412,1,0,1,0,0
N99415,1,0,1,0,0
N99416,1,0,1,0,0
N99418,1,0,1,0,0
N99420,1,0,1,0,0
N99423,1,0,1,0,0
N99424,1,0,1,0,0
N99427,1,0,1,0,0
N99428,1,0,1,0,0
N99431,1,0,1,0,0
N99432,1,0,1,0,0
N99435,1,0,1,0,0
N99436,1,0,1,0,0
N99439,1,0,1,0,0
N99440,1,0,1,0,0
N99443,1,0,1,0,0
N99445,1,0,1,0,0
N99446,1,0,1,0,0
N99448,1,0,1,0,0
N99451,1,0,1,0,0
N99452,1,0,1,0,0
N99455,1,0,1,0,0
N99456,1,0,1,0,0
N99459,1,0,1,0,0
N99460,1,0,1,0,0
N99462,1,0,1,0,0
N99464,1,0,1,0,0
N9949,1,0,1,0,0
N9984,1,1,0,0,0
