line_no,raw,site_type,src_node,dst_node,node,sa_value,status,original_node,net,tmax_site,fault_type,is_hard
1,__tpi_op_0_new_n48575_ /0 undetected,output,,__tpi_op_0_new_n48575_,__tpi_op_0_new_n48575_,0,undetected,__tpi_op_0_new_n48575_,__tpi_op_0_new_n48575_,__tpi_op_0_new_n48575_,sa0,1
2,new_n114695_ /1 undetected,output,,new_n114695_,new_n114695_,1,undetected,new_n114695_,new_n114695_,new_n114695_,sa1,1
3,__buf_split_59969 /1 undetected,output,,__buf_split_59969,__buf_split_59969,1,undetected,__buf_split_59969,__buf_split_59969,__buf_split_59969,sa1,1
4,new_n114690_->new_n114690__PO /0 undetected,input_edge,new_n114690_,new_n114690__PO,new_n114690__PO,0,undetected,new_n114690__PO,new_n114690__PO,new_n114690__PO,sa0,1
5,new_n50753_->new_n50753__PO /0 undetected,input_edge,new_n50753_,new_n50753__PO,new_n50753__PO,0,undetected,new_n50753__PO,new_n50753__PO,new_n50753__PO,sa0,1
6,new_n50740_->new_n50740__PO /0 undetected,input_edge,new_n50740_,new_n50740__PO,new_n50740__PO,0,undetected,new_n50740__PO,new_n50740__PO,new_n50740__PO,sa0,1
7,new_n50723_->new_n50723__PO /0 undetected,input_edge,new_n50723_,new_n50723__PO,new_n50723__PO,0,undetected,new_n50723__PO,new_n50723__PO,new_n50723__PO,sa0,1
8,new_n50722_->new_n50722__PO /0 undetected,input_edge,new_n50722_,new_n50722__PO,new_n50722__PO,0,undetected,new_n50722__PO,new_n50722__PO,new_n50722__PO,sa0,1
9,new_n48732_->new_n48732__PO /1 undetected,input_edge,new_n48732_,new_n48732__PO,new_n48732__PO,1,undetected,new_n48732__PO,new_n48732__PO,new_n48732__PO,sa1,1
10,new_n48731_->new_n48731__PO /0 undetected,input_edge,new_n48731_,new_n48731__PO,new_n48731__PO,0,undetected,new_n48731__PO,new_n48731__PO,new_n48731__PO,sa0,1
11,new_n114690_ /0 undetected,output,,new_n114690_,new_n114690_,0,undetected,new_n114690_,new_n114690_,new_n114690_,sa0,1
12,test_en->__tpi_cp_94___buf_split_59964 /0 undetected,input_edge,test_en,__tpi_cp_94___buf_split_59964,__tpi_cp_94___buf_split_59964,0,undetected,__tpi_cp_94___buf_split_59964,__tpi_cp_94___buf_split_59964,__tpi_cp_94___buf_split_59964,sa0,1
13,__buf_split_59964 /0 undetected,output,,__buf_split_59964,__buf_split_59964,0,undetected,__buf_split_59964,__buf_split_59964,__buf_split_59964,sa0,1
14,new_n50753_ /0 undetected,output,,new_n50753_,new_n50753_,0,undetected,new_n50753_,new_n50753_,new_n50753_,sa0,1
15,new_n22113_->__tpi_cp_74_new_n22113_ /1 undetected,input_edge,new_n22113_,__tpi_cp_74_new_n22113_,__tpi_cp_74_new_n22113_,1,undetected,__tpi_cp_74_new_n22113_,__tpi_cp_74_new_n22113_,__tpi_cp_74_new_n22113_,sa1,1
16,new_n50751_->__tpi_cp_131_new_n50751_ /0 undetected,input_edge,new_n50751_,__tpi_cp_131_new_n50751_,__tpi_cp_131_new_n50751_,0,undetected,__tpi_cp_131_new_n50751_,__tpi_cp_131_new_n50751_,__tpi_cp_131_new_n50751_,sa0,1
17,__tpi_not_test_en->__tpi_cp_73___buf_split_15429 /1 undetected,input_edge,__tpi_not_test_en,__tpi_cp_73___buf_split_15429,__tpi_cp_73___buf_split_15429,1,undetected,__tpi_cp_73___buf_split_15429,__tpi_cp_73___buf_split_15429,__tpi_cp_73___buf_split_15429,sa1,1
18,__tpi_not_test_en->__tpi_cp_9___buf_split_15424 /1 undetected,input_edge,__tpi_not_test_en,__tpi_cp_9___buf_split_15424,__tpi_cp_9___buf_split_15424,1,undetected,__tpi_cp_9___buf_split_15424,__tpi_cp_9___buf_split_15424,__tpi_cp_9___buf_split_15424,sa1,1
19,__tpi_not_test_en->__tpi_cp_83_new_n50744_ /1 undetected,input_edge,__tpi_not_test_en,__tpi_cp_83_new_n50744_,__tpi_cp_83_new_n50744_,1,undetected,__tpi_cp_83_new_n50744_,__tpi_cp_83_new_n50744_,__tpi_cp_83_new_n50744_,sa1,1
20,__tpi_not_test_en->__tpi_cp_105_new_n22899_ /1 undetected,input_edge,__tpi_not_test_en,__tpi_cp_105_new_n22899_,__tpi_cp_105_new_n22899_,1,undetected,__tpi_cp_105_new_n22899_,__tpi_cp_105_new_n22899_,__tpi_cp_105_new_n22899_,sa1,1
21,__buf_split_15425 /1 undetected,output,,__buf_split_15425,__buf_split_15425,1,undetected,__buf_split_15425,__buf_split_15425,__buf_split_15425,sa1,1
22,new_n47894_->__tpi_cp_55_new_n47894_ /1 undetected,input_edge,new_n47894_,__tpi_cp_55_new_n47894_,__tpi_cp_55_new_n47894_,1,undetected,__tpi_cp_55_new_n47894_,__tpi_cp_55_new_n47894_,__tpi_cp_55_new_n47894_,sa1,1
23,__tpi_not_test_en->__tpi_cp_55_new_n47894_ /1 undetected,input_edge,__tpi_not_test_en,__tpi_cp_55_new_n47894_,__tpi_cp_55_new_n47894_,1,undetected,__tpi_cp_55_new_n47894_,__tpi_cp_55_new_n47894_,__tpi_cp_55_new_n47894_,sa1,1
24,__tpi_not_test_en->__tpi_cp_31___buf_split_15426 /1 undetected,input_edge,__tpi_not_test_en,__tpi_cp_31___buf_split_15426,__tpi_cp_31___buf_split_15426,1,undetected,__tpi_cp_31___buf_split_15426,__tpi_cp_31___buf_split_15426,__tpi_cp_31___buf_split_15426,sa1,1
25,__tpi_cp_31___buf_split_15426 /1 undetected,output,,__tpi_cp_31___buf_split_15426,__tpi_cp_31___buf_split_15426,1,undetected,__tpi_cp_31___buf_split_15426,__tpi_cp_31___buf_split_15426,__tpi_cp_31___buf_split_15426,sa1,1
26,__buf_split_15426 /1 undetected,output,,__buf_split_15426,__buf_split_15426,1,undetected,__buf_split_15426,__buf_split_15426,__buf_split_15426,sa1,1
27,__buf_split_15427 /1 undetected,output,,__buf_split_15427,__buf_split_15427,1,undetected,__buf_split_15427,__buf_split_15427,__buf_split_15427,sa1,1
28,new_n48732_->__tpi_cp_32_new_n48732_ /1 undetected,input_edge,new_n48732_,__tpi_cp_32_new_n48732_,__tpi_cp_32_new_n48732_,1,undetected,__tpi_cp_32_new_n48732_,__tpi_cp_32_new_n48732_,__tpi_cp_32_new_n48732_,sa1,1
29,__tpi_not_test_en->__tpi_cp_32_new_n48732_ /1 undetected,input_edge,__tpi_not_test_en,__tpi_cp_32_new_n48732_,__tpi_cp_32_new_n48732_,1,undetected,__tpi_cp_32_new_n48732_,__tpi_cp_32_new_n48732_,__tpi_cp_32_new_n48732_,sa1,1
30,new_n50734_ /1 undetected,output,,new_n50734_,new_n50734_,1,undetected,new_n50734_,new_n50734_,new_n50734_,sa1,1
31,__tpi_not_test_en->__tpi_cp_2_new_n50732_ /1 undetected,input_edge,__tpi_not_test_en,__tpi_cp_2_new_n50732_,__tpi_cp_2_new_n50732_,1,undetected,__tpi_cp_2_new_n50732_,__tpi_cp_2_new_n50732_,__tpi_cp_2_new_n50732_,sa1,1
32,__tpi_cp_2_new_n50732_ /1 undetected,output,,__tpi_cp_2_new_n50732_,__tpi_cp_2_new_n50732_,1,undetected,__tpi_cp_2_new_n50732_,__tpi_cp_2_new_n50732_,__tpi_cp_2_new_n50732_,sa1,1
33,new_n50732_ /1 undetected,output,,new_n50732_,new_n50732_,1,undetected,new_n50732_,new_n50732_,new_n50732_,sa1,1
34,test_en->__tpi_cp_129_new_n50731_ /0 undetected,input_edge,test_en,__tpi_cp_129_new_n50731_,__tpi_cp_129_new_n50731_,0,undetected,__tpi_cp_129_new_n50731_,__tpi_cp_129_new_n50731_,__tpi_cp_129_new_n50731_,sa0,1
35,new_n50731_ /0 undetected,output,,new_n50731_,new_n50731_,0,undetected,new_n50731_,new_n50731_,new_n50731_,sa0,1
36,new_n50730_ /1 undetected,output,,new_n50730_,new_n50730_,1,undetected,new_n50730_,new_n50730_,new_n50730_,sa1,1
37,__buf_split_15408->new_n50729_ /1 undetected,input_edge,__buf_split_15408,new_n50729_,new_n50729_,1,undetected,new_n50729_,new_n50729_,new_n50729_,sa1,1
38,__buf_split_15409 /1 undetected,output,,__buf_split_15409,__buf_split_15409,1,undetected,__buf_split_15409,__buf_split_15409,__buf_split_15409,sa1,1
39,new_n50727_->__tpi_cp_114_new_n50727_ /0 undetected,input_edge,new_n50727_,__tpi_cp_114_new_n50727_,__tpi_cp_114_new_n50727_,0,undetected,__tpi_cp_114_new_n50727_,__tpi_cp_114_new_n50727_,__tpi_cp_114_new_n50727_,sa0,1
40,test_en->__tpi_cp_114_new_n50727_ /0 undetected,input_edge,test_en,__tpi_cp_114_new_n50727_,__tpi_cp_114_new_n50727_,0,undetected,__tpi_cp_114_new_n50727_,__tpi_cp_114_new_n50727_,__tpi_cp_114_new_n50727_,sa0,1
41,__buf_split_15410 /1 undetected,output,,__buf_split_15410,__buf_split_15410,1,undetected,__buf_split_15410,__buf_split_15410,__buf_split_15410,sa1,1
42,new_n48732_ /1 undetected,output,,new_n48732_,new_n48732_,1,undetected,new_n48732_,new_n48732_,new_n48732_,sa1,1
43,__buf_split_14093->new_n48731_ /1 undetected,input_edge,__buf_split_14093,new_n48731_,new_n48731_,1,undetected,new_n48731_,new_n48731_,new_n48731_,sa1,1
44,new_n48731_ /0 undetected,output,,new_n48731_,new_n48731_,0,undetected,new_n48731_,new_n48731_,new_n48731_,sa0,1
45,new_n48729_ /1 undetected,output,,new_n48729_,new_n48729_,1,undetected,new_n48729_,new_n48729_,new_n48729_,sa1,1
46,new_n48728_ /1 undetected,output,,new_n48728_,new_n48728_,1,undetected,new_n48728_,new_n48728_,new_n48728_,sa1,1
47,new_n48727_ /1 undetected,output,,new_n48727_,new_n48727_,1,undetected,new_n48727_,new_n48727_,new_n48727_,sa1,1
48,new_n48726_ /1 undetected,output,,new_n48726_,new_n48726_,1,undetected,new_n48726_,new_n48726_,new_n48726_,sa1,1
49,new_n48725_ /1 undetected,output,,new_n48725_,new_n48725_,1,undetected,new_n48725_,new_n48725_,new_n48725_,sa1,1
50,new_n48724_ /1 undetected,output,,new_n48724_,new_n48724_,1,undetected,new_n48724_,new_n48724_,new_n48724_,sa1,1
51,__tpi_not_test_en->__tpi_cp_68_new_n48722_ /1 undetected,input_edge,__tpi_not_test_en,__tpi_cp_68_new_n48722_,__tpi_cp_68_new_n48722_,1,undetected,__tpi_cp_68_new_n48722_,__tpi_cp_68_new_n48722_,__tpi_cp_68_new_n48722_,sa1,1
52,__tpi_cp_68_new_n48722_ /1 undetected,output,,__tpi_cp_68_new_n48722_,__tpi_cp_68_new_n48722_,1,undetected,__tpi_cp_68_new_n48722_,__tpi_cp_68_new_n48722_,__tpi_cp_68_new_n48722_,sa1,1
53,new_n48722_ /1 undetected,output,,new_n48722_,new_n48722_,1,undetected,new_n48722_,new_n48722_,new_n48722_,sa1,1
54,new_n48720_ /1 undetected,output,,new_n48720_,new_n48720_,1,undetected,new_n48720_,new_n48720_,new_n48720_,sa1,1
55,new_n48719_ /1 undetected,output,,new_n48719_,new_n48719_,1,undetected,new_n48719_,new_n48719_,new_n48719_,sa1,1
56,__tpi_not_test_en->__tpi_cp_66_new_n48717_ /1 undetected,input_edge,__tpi_not_test_en,__tpi_cp_66_new_n48717_,__tpi_cp_66_new_n48717_,1,undetected,__tpi_cp_66_new_n48717_,__tpi_cp_66_new_n48717_,__tpi_cp_66_new_n48717_,sa1,1
57,__tpi_cp_66_new_n48717_ /1 undetected,output,,__tpi_cp_66_new_n48717_,__tpi_cp_66_new_n48717_,1,undetected,__tpi_cp_66_new_n48717_,__tpi_cp_66_new_n48717_,__tpi_cp_66_new_n48717_,sa1,1
58,new_n48717_ /1 undetected,output,,new_n48717_,new_n48717_,1,undetected,new_n48717_,new_n48717_,new_n48717_,sa1,1
59,__buf_split_14086 /1 undetected,output,,__buf_split_14086,__buf_split_14086,1,undetected,__buf_split_14086,__buf_split_14086,__buf_split_14086,sa1,1
60,__buf_split_14085 /1 undetected,output,,__buf_split_14085,__buf_split_14085,1,undetected,__buf_split_14085,__buf_split_14085,__buf_split_14085,sa1,1
61,new_n48715_ /1 undetected,output,,new_n48715_,new_n48715_,1,undetected,new_n48715_,new_n48715_,new_n48715_,sa1,1
62,new_n48714_ /1 undetected,output,,new_n48714_,new_n48714_,1,undetected,new_n48714_,new_n48714_,new_n48714_,sa1,1
63,new_n48713_ /1 undetected,output,,new_n48713_,new_n48713_,1,undetected,new_n48713_,new_n48713_,new_n48713_,sa1,1
64,__tpi_not_test_en->__tpi_cp_98_new_n48711_ /1 undetected,input_edge,__tpi_not_test_en,__tpi_cp_98_new_n48711_,__tpi_cp_98_new_n48711_,1,undetected,__tpi_cp_98_new_n48711_,__tpi_cp_98_new_n48711_,__tpi_cp_98_new_n48711_,sa1,1
65,__tpi_cp_98_new_n48711_ /1 undetected,output,,__tpi_cp_98_new_n48711_,__tpi_cp_98_new_n48711_,1,undetected,__tpi_cp_98_new_n48711_,__tpi_cp_98_new_n48711_,__tpi_cp_98_new_n48711_,sa1,1
66,new_n48711_ /1 undetected,output,,new_n48711_,new_n48711_,1,undetected,new_n48711_,new_n48711_,new_n48711_,sa1,1
67,__buf_split_14082->new_n48710_ /1 undetected,input_edge,__buf_split_14082,new_n48710_,new_n48710_,1,undetected,new_n48710_,new_n48710_,new_n48710_,sa1,1
68,new_n22178_ /1 undetected,output,,new_n22178_,new_n22178_,1,undetected,new_n22178_,new_n22178_,new_n22178_,sa1,1
69,__tpi_not_test_en->__tpi_cp_61_new_n48709_ /1 undetected,input_edge,__tpi_not_test_en,__tpi_cp_61_new_n48709_,__tpi_cp_61_new_n48709_,1,undetected,__tpi_cp_61_new_n48709_,__tpi_cp_61_new_n48709_,__tpi_cp_61_new_n48709_,sa1,1
70,__tpi_cp_61_new_n48709_ /1 undetected,output,,__tpi_cp_61_new_n48709_,__tpi_cp_61_new_n48709_,1,undetected,__tpi_cp_61_new_n48709_,__tpi_cp_61_new_n48709_,__tpi_cp_61_new_n48709_,sa1,1
71,new_n48709_ /1 undetected,output,,new_n48709_,new_n48709_,1,undetected,new_n48709_,new_n48709_,new_n48709_,sa1,1
72,new_n48708_ /1 undetected,output,,new_n48708_,new_n48708_,1,undetected,new_n48708_,new_n48708_,new_n48708_,sa1,1
73,__buf_split_14080->new_n48707_ /1 undetected,input_edge,__buf_split_14080,new_n48707_,new_n48707_,1,undetected,new_n48707_,new_n48707_,new_n48707_,sa1,1
74,__buf_split_14081 /1 undetected,output,,__buf_split_14081,__buf_split_14081,1,undetected,__buf_split_14081,__buf_split_14081,__buf_split_14081,sa1,1
75,new_n48706_ /1 undetected,output,,new_n48706_,new_n48706_,1,undetected,new_n48706_,new_n48706_,new_n48706_,sa1,1
76,__buf_split_14079 /1 undetected,output,,__buf_split_14079,__buf_split_14079,1,undetected,__buf_split_14079,__buf_split_14079,__buf_split_14079,sa1,1
77,__buf_split_14078 /1 undetected,output,,__buf_split_14078,__buf_split_14078,1,undetected,__buf_split_14078,__buf_split_14078,__buf_split_14078,sa1,1
78,new_n48704_ /1 undetected,output,,new_n48704_,new_n48704_,1,undetected,new_n48704_,new_n48704_,new_n48704_,sa1,1
79,new_n48703_ /1 undetected,output,,new_n48703_,new_n48703_,1,undetected,new_n48703_,new_n48703_,new_n48703_,sa1,1
80,new_n48702_ /1 undetected,output,,new_n48702_,new_n48702_,1,undetected,new_n48702_,new_n48702_,new_n48702_,sa1,1
81,new_n48701_ /1 undetected,output,,new_n48701_,new_n48701_,1,undetected,new_n48701_,new_n48701_,new_n48701_,sa1,1
82,__buf_split_14077 /1 undetected,output,,__buf_split_14077,__buf_split_14077,1,undetected,__buf_split_14077,__buf_split_14077,__buf_split_14077,sa1,1
83,__buf_split_14076 /1 undetected,output,,__buf_split_14076,__buf_split_14076,1,undetected,__buf_split_14076,__buf_split_14076,__buf_split_14076,sa1,1
84,__tpi_not_test_en->__tpi_cp_67_new_n48699_ /1 undetected,input_edge,__tpi_not_test_en,__tpi_cp_67_new_n48699_,__tpi_cp_67_new_n48699_,1,undetected,__tpi_cp_67_new_n48699_,__tpi_cp_67_new_n48699_,__tpi_cp_67_new_n48699_,sa1,1
85,__tpi_cp_67_new_n48699_ /1 undetected,output,,__tpi_cp_67_new_n48699_,__tpi_cp_67_new_n48699_,1,undetected,__tpi_cp_67_new_n48699_,__tpi_cp_67_new_n48699_,__tpi_cp_67_new_n48699_,sa1,1
86,new_n48699_ /1 undetected,output,,new_n48699_,new_n48699_,1,undetected,new_n48699_,new_n48699_,new_n48699_,sa1,1
87,new_n48697_ /1 undetected,output,,new_n48697_,new_n48697_,1,undetected,new_n48697_,new_n48697_,new_n48697_,sa1,1
88,new_n48696_ /1 undetected,output,,new_n48696_,new_n48696_,1,undetected,new_n48696_,new_n48696_,new_n48696_,sa1,1
89,__tpi_not_test_en->__tpi_cp_65_new_n48694_ /1 undetected,input_edge,__tpi_not_test_en,__tpi_cp_65_new_n48694_,__tpi_cp_65_new_n48694_,1,undetected,__tpi_cp_65_new_n48694_,__tpi_cp_65_new_n48694_,__tpi_cp_65_new_n48694_,sa1,1
90,__tpi_cp_65_new_n48694_ /1 undetected,output,,__tpi_cp_65_new_n48694_,__tpi_cp_65_new_n48694_,1,undetected,__tpi_cp_65_new_n48694_,__tpi_cp_65_new_n48694_,__tpi_cp_65_new_n48694_,sa1,1
91,new_n48694_ /1 undetected,output,,new_n48694_,new_n48694_,1,undetected,new_n48694_,new_n48694_,new_n48694_,sa1,1
92,__buf_split_14071 /1 undetected,output,,__buf_split_14071,__buf_split_14071,1,undetected,__buf_split_14071,__buf_split_14071,__buf_split_14071,sa1,1
93,__buf_split_14070 /1 undetected,output,,__buf_split_14070,__buf_split_14070,1,undetected,__buf_split_14070,__buf_split_14070,__buf_split_14070,sa1,1
94,new_n48692_ /1 undetected,output,,new_n48692_,new_n48692_,1,undetected,new_n48692_,new_n48692_,new_n48692_,sa1,1
95,new_n48691_ /1 undetected,output,,new_n48691_,new_n48691_,1,undetected,new_n48691_,new_n48691_,new_n48691_,sa1,1
96,new_n48690_ /1 undetected,output,,new_n48690_,new_n48690_,1,undetected,new_n48690_,new_n48690_,new_n48690_,sa1,1
97,__tpi_not_test_en->__tpi_cp_108_new_n48688_ /1 undetected,input_edge,__tpi_not_test_en,__tpi_cp_108_new_n48688_,__tpi_cp_108_new_n48688_,1,undetected,__tpi_cp_108_new_n48688_,__tpi_cp_108_new_n48688_,__tpi_cp_108_new_n48688_,sa1,1
98,__tpi_cp_108_new_n48688_ /1 undetected,output,,__tpi_cp_108_new_n48688_,__tpi_cp_108_new_n48688_,1,undetected,__tpi_cp_108_new_n48688_,__tpi_cp_108_new_n48688_,__tpi_cp_108_new_n48688_,sa1,1
99,new_n48688_ /1 undetected,output,,new_n48688_,new_n48688_,1,undetected,new_n48688_,new_n48688_,new_n48688_,sa1,1
100,__tpi_not_test_en->__tpi_cp_60_new_n48686_ /1 undetected,input_edge,__tpi_not_test_en,__tpi_cp_60_new_n48686_,__tpi_cp_60_new_n48686_,1,undetected,__tpi_cp_60_new_n48686_,__tpi_cp_60_new_n48686_,__tpi_cp_60_new_n48686_,sa1,1
101,__tpi_cp_60_new_n48686_ /1 undetected,output,,__tpi_cp_60_new_n48686_,__tpi_cp_60_new_n48686_,1,undetected,__tpi_cp_60_new_n48686_,__tpi_cp_60_new_n48686_,__tpi_cp_60_new_n48686_,sa1,1
102,new_n48686_ /1 undetected,output,,new_n48686_,new_n48686_,1,undetected,new_n48686_,new_n48686_,new_n48686_,sa1,1
103,new_n48685_ /1 undetected,output,,new_n48685_,new_n48685_,1,undetected,new_n48685_,new_n48685_,new_n48685_,sa1,1
104,__buf_split_14066->new_n48684_ /1 undetected,input_edge,__buf_split_14066,new_n48684_,new_n48684_,1,undetected,new_n48684_,new_n48684_,new_n48684_,sa1,1
105,__buf_split_14065 /1 undetected,output,,__buf_split_14065,__buf_split_14065,1,undetected,__buf_split_14065,__buf_split_14065,__buf_split_14065,sa1,1
106,new_n48683_ /1 undetected,output,,new_n48683_,new_n48683_,1,undetected,new_n48683_,new_n48683_,new_n48683_,sa1,1
107,new_n48681_ /1 undetected,output,,new_n48681_,new_n48681_,1,undetected,new_n48681_,new_n48681_,new_n48681_,sa1,1
108,new_n48680_ /1 undetected,output,,new_n48680_,new_n48680_,1,undetected,new_n48680_,new_n48680_,new_n48680_,sa1,1
109,new_n48679_ /1 undetected,output,,new_n48679_,new_n48679_,1,undetected,new_n48679_,new_n48679_,new_n48679_,sa1,1
110,new_n48678_ /1 undetected,output,,new_n48678_,new_n48678_,1,undetected,new_n48678_,new_n48678_,new_n48678_,sa1,1
111,new_n48677_ /1 undetected,output,,new_n48677_,new_n48677_,1,undetected,new_n48677_,new_n48677_,new_n48677_,sa1,1
112,__tpi_not_test_en->__tpi_cp_91_new_n48675_ /1 undetected,input_edge,__tpi_not_test_en,__tpi_cp_91_new_n48675_,__tpi_cp_91_new_n48675_,1,undetected,__tpi_cp_91_new_n48675_,__tpi_cp_91_new_n48675_,__tpi_cp_91_new_n48675_,sa1,1
113,__tpi_cp_91_new_n48675_ /1 undetected,output,,__tpi_cp_91_new_n48675_,__tpi_cp_91_new_n48675_,1,undetected,__tpi_cp_91_new_n48675_,__tpi_cp_91_new_n48675_,__tpi_cp_91_new_n48675_,sa1,1
114,new_n48675_ /1 undetected,output,,new_n48675_,new_n48675_,1,undetected,new_n48675_,new_n48675_,new_n48675_,sa1,1
115,new_n48673_ /1 undetected,output,,new_n48673_,new_n48673_,1,undetected,new_n48673_,new_n48673_,new_n48673_,sa1,1
116,__tpi_not_test_en->__tpi_cp_70_new_n48672_ /1 undetected,input_edge,__tpi_not_test_en,__tpi_cp_70_new_n48672_,__tpi_cp_70_new_n48672_,1,undetected,__tpi_cp_70_new_n48672_,__tpi_cp_70_new_n48672_,__tpi_cp_70_new_n48672_,sa1,1
117,__tpi_cp_70_new_n48672_ /1 undetected,output,,__tpi_cp_70_new_n48672_,__tpi_cp_70_new_n48672_,1,undetected,__tpi_cp_70_new_n48672_,__tpi_cp_70_new_n48672_,__tpi_cp_70_new_n48672_,sa1,1
118,new_n48672_ /1 undetected,output,,new_n48672_,new_n48672_,1,undetected,new_n48672_,new_n48672_,new_n48672_,sa1,1
119,__buf_split_14057->new_n48671_ /1 undetected,input_edge,__buf_split_14057,new_n48671_,new_n48671_,1,undetected,new_n48671_,new_n48671_,new_n48671_,sa1,1
120,__buf_split_14056 /1 undetected,output,,__buf_split_14056,__buf_split_14056,1,undetected,__buf_split_14056,__buf_split_14056,__buf_split_14056,sa1,1
121,new_n48670_ /1 undetected,output,,new_n48670_,new_n48670_,1,undetected,new_n48670_,new_n48670_,new_n48670_,sa1,1
122,new_n48668_ /1 undetected,output,,new_n48668_,new_n48668_,1,undetected,new_n48668_,new_n48668_,new_n48668_,sa1,1
123,new_n48667_ /1 undetected,output,,new_n48667_,new_n48667_,1,undetected,new_n48667_,new_n48667_,new_n48667_,sa1,1
124,new_n48666_ /1 undetected,output,,new_n48666_,new_n48666_,1,undetected,new_n48666_,new_n48666_,new_n48666_,sa1,1
125,__tpi_not_test_en->__tpi_cp_97_new_n48664_ /1 undetected,input_edge,__tpi_not_test_en,__tpi_cp_97_new_n48664_,__tpi_cp_97_new_n48664_,1,undetected,__tpi_cp_97_new_n48664_,__tpi_cp_97_new_n48664_,__tpi_cp_97_new_n48664_,sa1,1
126,__tpi_cp_97_new_n48664_ /1 undetected,output,,__tpi_cp_97_new_n48664_,__tpi_cp_97_new_n48664_,1,undetected,__tpi_cp_97_new_n48664_,__tpi_cp_97_new_n48664_,__tpi_cp_97_new_n48664_,sa1,1
127,new_n48664_ /1 undetected,output,,new_n48664_,new_n48664_,1,undetected,new_n48664_,new_n48664_,new_n48664_,sa1,1
128,__tpi_not_test_en->__tpi_cp_63_new_n48662_ /1 undetected,input_edge,__tpi_not_test_en,__tpi_cp_63_new_n48662_,__tpi_cp_63_new_n48662_,1,undetected,__tpi_cp_63_new_n48662_,__tpi_cp_63_new_n48662_,__tpi_cp_63_new_n48662_,sa1,1
129,__tpi_cp_63_new_n48662_ /1 undetected,output,,__tpi_cp_63_new_n48662_,__tpi_cp_63_new_n48662_,1,undetected,__tpi_cp_63_new_n48662_,__tpi_cp_63_new_n48662_,__tpi_cp_63_new_n48662_,sa1,1
130,new_n48662_ /1 undetected,output,,new_n48662_,new_n48662_,1,undetected,new_n48662_,new_n48662_,new_n48662_,sa1,1
131,__buf_split_14048->new_n48661_ /1 undetected,input_edge,__buf_split_14048,new_n48661_,new_n48661_,1,undetected,new_n48661_,new_n48661_,new_n48661_,sa1,1
132,__buf_split_14049 /1 undetected,output,,__buf_split_14049,__buf_split_14049,1,undetected,__buf_split_14049,__buf_split_14049,__buf_split_14049,sa1,1
133,__tpi_not_test_en->__tpi_cp_58___buf_split_14062 /1 undetected,input_edge,__tpi_not_test_en,__tpi_cp_58___buf_split_14062,__tpi_cp_58___buf_split_14062,1,undetected,__tpi_cp_58___buf_split_14062,__tpi_cp_58___buf_split_14062,__tpi_cp_58___buf_split_14062,sa1,1
134,__tpi_cp_58___buf_split_14062 /1 undetected,output,,__tpi_cp_58___buf_split_14062,__tpi_cp_58___buf_split_14062,1,undetected,__tpi_cp_58___buf_split_14062,__tpi_cp_58___buf_split_14062,__tpi_cp_58___buf_split_14062,sa1,1
135,__buf_split_14062 /1 undetected,output,,__buf_split_14062,__buf_split_14062,1,undetected,__buf_split_14062,__buf_split_14062,__buf_split_14062,sa1,1
136,test_en->__tpi_cp_99_new_n48649_ /0 undetected,input_edge,test_en,__tpi_cp_99_new_n48649_,__tpi_cp_99_new_n48649_,0,undetected,__tpi_cp_99_new_n48649_,__tpi_cp_99_new_n48649_,__tpi_cp_99_new_n48649_,sa0,1
137,__tpi_cp_99_new_n48649_ /1 undetected,output,,__tpi_cp_99_new_n48649_,__tpi_cp_99_new_n48649_,1,undetected,__tpi_cp_99_new_n48649_,__tpi_cp_99_new_n48649_,__tpi_cp_99_new_n48649_,sa1,1
138,new_n48649_ /0 undetected,output,,new_n48649_,new_n48649_,0,undetected,new_n48649_,new_n48649_,new_n48649_,sa0,1
139,new_n48648_ /1 undetected,output,,new_n48648_,new_n48648_,1,undetected,new_n48648_,new_n48648_,new_n48648_,sa1,1
140,new_n48647_ /1 undetected,output,,new_n48647_,new_n48647_,1,undetected,new_n48647_,new_n48647_,new_n48647_,sa1,1
141,new_n48646_ /1 undetected,output,,new_n48646_,new_n48646_,1,undetected,new_n48646_,new_n48646_,new_n48646_,sa1,1
142,new_n48645_ /1 undetected,output,,new_n48645_,new_n48645_,1,undetected,new_n48645_,new_n48645_,new_n48645_,sa1,1
143,new_n48644_ /1 undetected,output,,new_n48644_,new_n48644_,1,undetected,new_n48644_,new_n48644_,new_n48644_,sa1,1
144,__buf_split_14040->new_n48643_ /1 undetected,input_edge,__buf_split_14040,new_n48643_,new_n48643_,1,undetected,new_n48643_,new_n48643_,new_n48643_,sa1,1
145,__buf_split_14041 /1 undetected,output,,__buf_split_14041,__buf_split_14041,1,undetected,__buf_split_14041,__buf_split_14041,__buf_split_14041,sa1,1
146,__tpi_not_test_en->__tpi_cp_89_new_n48642_ /1 undetected,input_edge,__tpi_not_test_en,__tpi_cp_89_new_n48642_,__tpi_cp_89_new_n48642_,1,undetected,__tpi_cp_89_new_n48642_,__tpi_cp_89_new_n48642_,__tpi_cp_89_new_n48642_,sa1,1
147,__tpi_cp_89_new_n48642_ /1 undetected,output,,__tpi_cp_89_new_n48642_,__tpi_cp_89_new_n48642_,1,undetected,__tpi_cp_89_new_n48642_,__tpi_cp_89_new_n48642_,__tpi_cp_89_new_n48642_,sa1,1
148,new_n48642_ /1 undetected,output,,new_n48642_,new_n48642_,1,undetected,new_n48642_,new_n48642_,new_n48642_,sa1,1
149,new_n48640_ /1 undetected,output,,new_n48640_,new_n48640_,1,undetected,new_n48640_,new_n48640_,new_n48640_,sa1,1
150,__tpi_not_test_en->__tpi_cp_80_new_n48639_ /1 undetected,input_edge,__tpi_not_test_en,__tpi_cp_80_new_n48639_,__tpi_cp_80_new_n48639_,1,undetected,__tpi_cp_80_new_n48639_,__tpi_cp_80_new_n48639_,__tpi_cp_80_new_n48639_,sa1,1
151,__tpi_cp_80_new_n48639_ /1 undetected,output,,__tpi_cp_80_new_n48639_,__tpi_cp_80_new_n48639_,1,undetected,__tpi_cp_80_new_n48639_,__tpi_cp_80_new_n48639_,__tpi_cp_80_new_n48639_,sa1,1
152,new_n48639_ /1 undetected,output,,new_n48639_,new_n48639_,1,undetected,new_n48639_,new_n48639_,new_n48639_,sa1,1
153,new_n48637_ /1 undetected,output,,new_n48637_,new_n48637_,1,undetected,new_n48637_,new_n48637_,new_n48637_,sa1,1
154,new_n48635_ /1 undetected,output,,new_n48635_,new_n48635_,1,undetected,new_n48635_,new_n48635_,new_n48635_,sa1,1
155,__tpi_not_test_en->__tpi_cp_64_new_n48634_ /1 undetected,input_edge,__tpi_not_test_en,__tpi_cp_64_new_n48634_,__tpi_cp_64_new_n48634_,1,undetected,__tpi_cp_64_new_n48634_,__tpi_cp_64_new_n48634_,__tpi_cp_64_new_n48634_,sa1,1
156,__tpi_cp_64_new_n48634_ /1 undetected,output,,__tpi_cp_64_new_n48634_,__tpi_cp_64_new_n48634_,1,undetected,__tpi_cp_64_new_n48634_,__tpi_cp_64_new_n48634_,__tpi_cp_64_new_n48634_,sa1,1
157,new_n48634_ /1 undetected,output,,new_n48634_,new_n48634_,1,undetected,new_n48634_,new_n48634_,new_n48634_,sa1,1
158,new_n48633_ /1 undetected,output,,new_n48633_,new_n48633_,1,undetected,new_n48633_,new_n48633_,new_n48633_,sa1,1
159,new_n48631_ /1 undetected,output,,new_n48631_,new_n48631_,1,undetected,new_n48631_,new_n48631_,new_n48631_,sa1,1
160,new_n48629_ /1 undetected,output,,new_n48629_,new_n48629_,1,undetected,new_n48629_,new_n48629_,new_n48629_,sa1,1
161,__tpi_not_test_en->__tpi_cp_96_new_n48628_ /1 undetected,input_edge,__tpi_not_test_en,__tpi_cp_96_new_n48628_,__tpi_cp_96_new_n48628_,1,undetected,__tpi_cp_96_new_n48628_,__tpi_cp_96_new_n48628_,__tpi_cp_96_new_n48628_,sa1,1
162,__tpi_cp_96_new_n48628_ /1 undetected,output,,__tpi_cp_96_new_n48628_,__tpi_cp_96_new_n48628_,1,undetected,__tpi_cp_96_new_n48628_,__tpi_cp_96_new_n48628_,__tpi_cp_96_new_n48628_,sa1,1
163,new_n48628_ /1 undetected,output,,new_n48628_,new_n48628_,1,undetected,new_n48628_,new_n48628_,new_n48628_,sa1,1
164,new_n48626_ /1 undetected,output,,new_n48626_,new_n48626_,1,undetected,new_n48626_,new_n48626_,new_n48626_,sa1,1
165,new_n48624_ /1 undetected,output,,new_n48624_,new_n48624_,1,undetected,new_n48624_,new_n48624_,new_n48624_,sa1,1
166,new_n48623_ /1 undetected,output,,new_n48623_,new_n48623_,1,undetected,new_n48623_,new_n48623_,new_n48623_,sa1,1
167,new_n48622_ /1 undetected,output,,new_n48622_,new_n48622_,1,undetected,new_n48622_,new_n48622_,new_n48622_,sa1,1
168,__tpi_not_test_en->__tpi_cp_95_new_n48621_ /1 undetected,input_edge,__tpi_not_test_en,__tpi_cp_95_new_n48621_,__tpi_cp_95_new_n48621_,1,undetected,__tpi_cp_95_new_n48621_,__tpi_cp_95_new_n48621_,__tpi_cp_95_new_n48621_,sa1,1
169,__tpi_cp_95_new_n48621_ /1 undetected,output,,__tpi_cp_95_new_n48621_,__tpi_cp_95_new_n48621_,1,undetected,__tpi_cp_95_new_n48621_,__tpi_cp_95_new_n48621_,__tpi_cp_95_new_n48621_,sa1,1
170,new_n48621_ /1 undetected,output,,new_n48621_,new_n48621_,1,undetected,new_n48621_,new_n48621_,new_n48621_,sa1,1
171,new_n48619_ /1 undetected,output,,new_n48619_,new_n48619_,1,undetected,new_n48619_,new_n48619_,new_n48619_,sa1,1
172,__tpi_not_test_en->__tpi_cp_62_new_n48617_ /1 undetected,input_edge,__tpi_not_test_en,__tpi_cp_62_new_n48617_,__tpi_cp_62_new_n48617_,1,undetected,__tpi_cp_62_new_n48617_,__tpi_cp_62_new_n48617_,__tpi_cp_62_new_n48617_,sa1,1
173,__tpi_cp_62_new_n48617_ /1 undetected,output,,__tpi_cp_62_new_n48617_,__tpi_cp_62_new_n48617_,1,undetected,__tpi_cp_62_new_n48617_,__tpi_cp_62_new_n48617_,__tpi_cp_62_new_n48617_,sa1,1
174,new_n48617_ /1 undetected,output,,new_n48617_,new_n48617_,1,undetected,new_n48617_,new_n48617_,new_n48617_,sa1,1
175,new_n48616_ /1 undetected,output,,new_n48616_,new_n48616_,1,undetected,new_n48616_,new_n48616_,new_n48616_,sa1,1
176,new_n48614_ /1 undetected,output,,new_n48614_,new_n48614_,1,undetected,new_n48614_,new_n48614_,new_n48614_,sa1,1
177,new_n48612_ /1 undetected,output,,new_n48612_,new_n48612_,1,undetected,new_n48612_,new_n48612_,new_n48612_,sa1,1
178,new_n48611_ /1 undetected,output,,new_n48611_,new_n48611_,1,undetected,new_n48611_,new_n48611_,new_n48611_,sa1,1
179,__tpi_not_test_en->__tpi_cp_82_new_n48610_ /1 undetected,input_edge,__tpi_not_test_en,__tpi_cp_82_new_n48610_,__tpi_cp_82_new_n48610_,1,undetected,__tpi_cp_82_new_n48610_,__tpi_cp_82_new_n48610_,__tpi_cp_82_new_n48610_,sa1,1
180,__tpi_cp_82_new_n48610_ /1 undetected,output,,__tpi_cp_82_new_n48610_,__tpi_cp_82_new_n48610_,1,undetected,__tpi_cp_82_new_n48610_,__tpi_cp_82_new_n48610_,__tpi_cp_82_new_n48610_,sa1,1
181,new_n48610_ /1 undetected,output,,new_n48610_,new_n48610_,1,undetected,new_n48610_,new_n48610_,new_n48610_,sa1,1
182,new_n48608_ /1 undetected,output,,new_n48608_,new_n48608_,1,undetected,new_n48608_,new_n48608_,new_n48608_,sa1,1
183,new_n48606_ /1 undetected,output,,new_n48606_,new_n48606_,1,undetected,new_n48606_,new_n48606_,new_n48606_,sa1,1
184,__tpi_not_test_en->__tpi_cp_85_new_n48605_ /1 undetected,input_edge,__tpi_not_test_en,__tpi_cp_85_new_n48605_,__tpi_cp_85_new_n48605_,1,undetected,__tpi_cp_85_new_n48605_,__tpi_cp_85_new_n48605_,__tpi_cp_85_new_n48605_,sa1,1
185,__tpi_cp_85_new_n48605_ /1 undetected,output,,__tpi_cp_85_new_n48605_,__tpi_cp_85_new_n48605_,1,undetected,__tpi_cp_85_new_n48605_,__tpi_cp_85_new_n48605_,__tpi_cp_85_new_n48605_,sa1,1
186,new_n48605_ /1 undetected,output,,new_n48605_,new_n48605_,1,undetected,new_n48605_,new_n48605_,new_n48605_,sa1,1
187,new_n48603_ /1 undetected,output,,new_n48603_,new_n48603_,1,undetected,new_n48603_,new_n48603_,new_n48603_,sa1,1
188,new_n48601_ /1 undetected,output,,new_n48601_,new_n48601_,1,undetected,new_n48601_,new_n48601_,new_n48601_,sa1,1
189,new_n48600_ /1 undetected,output,,new_n48600_,new_n48600_,1,undetected,new_n48600_,new_n48600_,new_n48600_,sa1,1
190,__tpi_not_test_en->__tpi_cp_69_new_n48599_ /1 undetected,input_edge,__tpi_not_test_en,__tpi_cp_69_new_n48599_,__tpi_cp_69_new_n48599_,1,undetected,__tpi_cp_69_new_n48599_,__tpi_cp_69_new_n48599_,__tpi_cp_69_new_n48599_,sa1,1
191,__tpi_cp_69_new_n48599_ /1 undetected,output,,__tpi_cp_69_new_n48599_,__tpi_cp_69_new_n48599_,1,undetected,__tpi_cp_69_new_n48599_,__tpi_cp_69_new_n48599_,__tpi_cp_69_new_n48599_,sa1,1
192,new_n48599_ /1 undetected,output,,new_n48599_,new_n48599_,1,undetected,new_n48599_,new_n48599_,new_n48599_,sa1,1
193,new_n48598_ /1 undetected,output,,new_n48598_,new_n48598_,1,undetected,new_n48598_,new_n48598_,new_n48598_,sa1,1
194,__buf_split_14012->new_n48597_ /1 undetected,input_edge,__buf_split_14012,new_n48597_,new_n48597_,1,undetected,new_n48597_,new_n48597_,new_n48597_,sa1,1
195,__buf_split_14011 /1 undetected,output,,__buf_split_14011,__buf_split_14011,1,undetected,__buf_split_14011,__buf_split_14011,__buf_split_14011,sa1,1
196,new_n48596_ /1 undetected,output,,new_n48596_,new_n48596_,1,undetected,new_n48596_,new_n48596_,new_n48596_,sa1,1
197,new_n48594_ /1 undetected,output,,new_n48594_,new_n48594_,1,undetected,new_n48594_,new_n48594_,new_n48594_,sa1,1
198,new_n48593_ /1 undetected,output,,new_n48593_,new_n48593_,1,undetected,new_n48593_,new_n48593_,new_n48593_,sa1,1
199,new_n48591_ /1 undetected,output,,new_n48591_,new_n48591_,1,undetected,new_n48591_,new_n48591_,new_n48591_,sa1,1
200,__buf_split_14006->new_n48590_ /1 undetected,input_edge,__buf_split_14006,new_n48590_,new_n48590_,1,undetected,new_n48590_,new_n48590_,new_n48590_,sa1,1
201,__buf_split_14007 /1 undetected,output,,__buf_split_14007,__buf_split_14007,1,undetected,__buf_split_14007,__buf_split_14007,__buf_split_14007,sa1,1
202,new_n22195_->__tpi_cp_34_new_n22195_ /1 undetected,input_edge,new_n22195_,__tpi_cp_34_new_n22195_,__tpi_cp_34_new_n22195_,1,undetected,__tpi_cp_34_new_n22195_,__tpi_cp_34_new_n22195_,__tpi_cp_34_new_n22195_,sa1,1
203,__tpi_not_test_en->__tpi_cp_34_new_n22195_ /1 undetected,input_edge,__tpi_not_test_en,__tpi_cp_34_new_n22195_,__tpi_cp_34_new_n22195_,1,undetected,__tpi_cp_34_new_n22195_,__tpi_cp_34_new_n22195_,__tpi_cp_34_new_n22195_,sa1,1
204,new_n48589_ /1 undetected,output,,new_n48589_,new_n48589_,1,undetected,new_n48589_,new_n48589_,new_n48589_,sa1,1
205,new_n48588_ /1 undetected,output,,new_n48588_,new_n48588_,1,undetected,new_n48588_,new_n48588_,new_n48588_,sa1,1
206,__tpi_not_test_en->__tpi_cp_72___buf_split_14005 /1 undetected,input_edge,__tpi_not_test_en,__tpi_cp_72___buf_split_14005,__tpi_cp_72___buf_split_14005,1,undetected,__tpi_cp_72___buf_split_14005,__tpi_cp_72___buf_split_14005,__tpi_cp_72___buf_split_14005,sa1,1
207,__tpi_cp_72___buf_split_14005 /1 undetected,output,,__tpi_cp_72___buf_split_14005,__tpi_cp_72___buf_split_14005,1,undetected,__tpi_cp_72___buf_split_14005,__tpi_cp_72___buf_split_14005,__tpi_cp_72___buf_split_14005,sa1,1
208,__buf_split_14005 /1 undetected,output,,__buf_split_14005,__buf_split_14005,1,undetected,__buf_split_14005,__buf_split_14005,__buf_split_14005,sa1,1
209,__tpi_not_test_en->__tpi_cp_78_new_n47892_ /1 undetected,input_edge,__tpi_not_test_en,__tpi_cp_78_new_n47892_,__tpi_cp_78_new_n47892_,1,undetected,__tpi_cp_78_new_n47892_,__tpi_cp_78_new_n47892_,__tpi_cp_78_new_n47892_,sa1,1
210,__tpi_cp_78_new_n47892_ /1 undetected,output,,__tpi_cp_78_new_n47892_,__tpi_cp_78_new_n47892_,1,undetected,__tpi_cp_78_new_n47892_,__tpi_cp_78_new_n47892_,__tpi_cp_78_new_n47892_,sa1,1
211,new_n47892_ /1 undetected,output,,new_n47892_,new_n47892_,1,undetected,new_n47892_,new_n47892_,new_n47892_,sa1,1
212,__tpi_not_test_en->__tpi_cp_126_new_n48576_ /1 undetected,input_edge,__tpi_not_test_en,__tpi_cp_126_new_n48576_,__tpi_cp_126_new_n48576_,1,undetected,__tpi_cp_126_new_n48576_,__tpi_cp_126_new_n48576_,__tpi_cp_126_new_n48576_,sa1,1
213,__tpi_cp_126_new_n48576_ /1 undetected,output,,__tpi_cp_126_new_n48576_,__tpi_cp_126_new_n48576_,1,undetected,__tpi_cp_126_new_n48576_,__tpi_cp_126_new_n48576_,__tpi_cp_126_new_n48576_,sa1,1
214,new_n48576_ /1 undetected,output,,new_n48576_,new_n48576_,1,undetected,new_n48576_,new_n48576_,new_n48576_,sa1,1
215,new_n48570_ /1 undetected,output,,new_n48570_,new_n48570_,1,undetected,new_n48570_,new_n48570_,new_n48570_,sa1,1
216,__tpi_not_test_en->__tpi_cp_127_new_n48569_ /1 undetected,input_edge,__tpi_not_test_en,__tpi_cp_127_new_n48569_,__tpi_cp_127_new_n48569_,1,undetected,__tpi_cp_127_new_n48569_,__tpi_cp_127_new_n48569_,__tpi_cp_127_new_n48569_,sa1,1
217,__buf_split_13986 /1 undetected,output,,__buf_split_13986,__buf_split_13986,1,undetected,__buf_split_13986,__buf_split_13986,__buf_split_13986,sa1,1
218,__buf_split_13985 /1 undetected,output,,__buf_split_13985,__buf_split_13985,1,undetected,__buf_split_13985,__buf_split_13985,__buf_split_13985,sa1,1
219,__tpi_not_test_en->__tpi_cp_27_new_n48566_ /1 undetected,input_edge,__tpi_not_test_en,__tpi_cp_27_new_n48566_,__tpi_cp_27_new_n48566_,1,undetected,__tpi_cp_27_new_n48566_,__tpi_cp_27_new_n48566_,__tpi_cp_27_new_n48566_,sa1,1
220,__tpi_cp_27_new_n48566_ /1 undetected,output,,__tpi_cp_27_new_n48566_,__tpi_cp_27_new_n48566_,1,undetected,__tpi_cp_27_new_n48566_,__tpi_cp_27_new_n48566_,__tpi_cp_27_new_n48566_,sa1,1
221,new_n48566_ /1 undetected,output,,new_n48566_,new_n48566_,1,undetected,new_n48566_,new_n48566_,new_n48566_,sa1,1
222,new_n50740_->__tpi_cp_115_new_n50740_ /0 undetected,input_edge,new_n50740_,__tpi_cp_115_new_n50740_,__tpi_cp_115_new_n50740_,0,undetected,__tpi_cp_115_new_n50740_,__tpi_cp_115_new_n50740_,__tpi_cp_115_new_n50740_,sa0,1
223,new_n50723_ /0 undetected,output,,new_n50723_,new_n50723_,0,undetected,new_n50723_,new_n50723_,new_n50723_,sa0,1
224,__tpi_not_test_en->__tpi_cp_81___buf_split_15400 /1 undetected,input_edge,__tpi_not_test_en,__tpi_cp_81___buf_split_15400,__tpi_cp_81___buf_split_15400,1,undetected,__tpi_cp_81___buf_split_15400,__tpi_cp_81___buf_split_15400,__tpi_cp_81___buf_split_15400,sa1,1
225,__tpi_cp_81___buf_split_15400 /1 undetected,output,,__tpi_cp_81___buf_split_15400,__tpi_cp_81___buf_split_15400,1,undetected,__tpi_cp_81___buf_split_15400,__tpi_cp_81___buf_split_15400,__tpi_cp_81___buf_split_15400,sa1,1
226,__buf_split_15400 /1 undetected,output,,__buf_split_15400,__buf_split_15400,1,undetected,__buf_split_15400,__buf_split_15400,__buf_split_15400,sa1,1
227,new_n47891_ /0 undetected,output,,new_n47891_,new_n47891_,0,undetected,new_n47891_,new_n47891_,new_n47891_,sa0,1
228,new_n47890_ /1 undetected,output,,new_n47890_,new_n47890_,1,undetected,new_n47890_,new_n47890_,new_n47890_,sa1,1
229,__buf_split_13520 /1 undetected,output,,__buf_split_13520,__buf_split_13520,1,undetected,__buf_split_13520,__buf_split_13520,__buf_split_13520,sa1,1
230,__buf_split_13519 /1 undetected,output,,__buf_split_13519,__buf_split_13519,1,undetected,__buf_split_13519,__buf_split_13519,__buf_split_13519,sa1,1
231,__buf_split_13521 /1 undetected,output,,__buf_split_13521,__buf_split_13521,1,undetected,__buf_split_13521,__buf_split_13521,__buf_split_13521,sa1,1
232,new_n50740_ /0 undetected,output,,new_n50740_,new_n50740_,0,undetected,new_n50740_,new_n50740_,new_n50740_,sa0,1
233,new_n50739_ /1 undetected,output,,new_n50739_,new_n50739_,1,undetected,new_n50739_,new_n50739_,new_n50739_,sa1,1
234,new_n50738_ /1 undetected,output,,new_n50738_,new_n50738_,1,undetected,new_n50738_,new_n50738_,new_n50738_,sa1,1
235,new_n50737_ /1 undetected,output,,new_n50737_,new_n50737_,1,undetected,new_n50737_,new_n50737_,new_n50737_,sa1,1
236,__buf_split_15414->new_n50736_ /1 undetected,input_edge,__buf_split_15414,new_n50736_,new_n50736_,1,undetected,new_n50736_,new_n50736_,new_n50736_,sa1,1
237,new_n50736_ /1 undetected,output,,new_n50736_,new_n50736_,1,undetected,new_n50736_,new_n50736_,new_n50736_,sa1,1
238,__buf_split_15415 /1 undetected,output,,__buf_split_15415,__buf_split_15415,1,undetected,__buf_split_15415,__buf_split_15415,__buf_split_15415,sa1,1
239,__buf_split_15416 /1 undetected,output,,__buf_split_15416,__buf_split_15416,1,undetected,__buf_split_15416,__buf_split_15416,__buf_split_15416,sa1,1
240,__buf_split_15417 /1 undetected,output,,__buf_split_15417,__buf_split_15417,1,undetected,__buf_split_15417,__buf_split_15417,__buf_split_15417,sa1,1
241,__buf_split_15418 /1 undetected,output,,__buf_split_15418,__buf_split_15418,1,undetected,__buf_split_15418,__buf_split_15418,__buf_split_15418,sa1,1
242,__buf_split_15419 /1 undetected,output,,__buf_split_15419,__buf_split_15419,1,undetected,__buf_split_15419,__buf_split_15419,__buf_split_15419,sa1,1
243,new_n50722_ /0 undetected,output,,new_n50722_,new_n50722_,0,undetected,new_n50722_,new_n50722_,new_n50722_,sa0,1
244,test_en->__tpi_cp_0_new_n50721_ /0 undetected,input_edge,test_en,__tpi_cp_0_new_n50721_,__tpi_cp_0_new_n50721_,0,undetected,__tpi_cp_0_new_n50721_,__tpi_cp_0_new_n50721_,__tpi_cp_0_new_n50721_,sa0,1
245,__tpi_cp_0_new_n50721_ /1 undetected,output,,__tpi_cp_0_new_n50721_,__tpi_cp_0_new_n50721_,1,undetected,__tpi_cp_0_new_n50721_,__tpi_cp_0_new_n50721_,__tpi_cp_0_new_n50721_,sa1,1
246,new_n50721_ /0 undetected,output,,new_n50721_,new_n50721_,0,undetected,new_n50721_,new_n50721_,new_n50721_,sa0,1
247,new_n50720_ /1 undetected,output,,new_n50720_,new_n50720_,1,undetected,new_n50720_,new_n50720_,new_n50720_,sa1,1
248,new_n50719_ /1 undetected,output,,new_n50719_,new_n50719_,1,undetected,new_n50719_,new_n50719_,new_n50719_,sa1,1
249,new_n50718_ /1 undetected,output,,new_n50718_,new_n50718_,1,undetected,new_n50718_,new_n50718_,new_n50718_,sa1,1
250,__buf_split_15395 /1 undetected,output,,__buf_split_15395,__buf_split_15395,1,undetected,__buf_split_15395,__buf_split_15395,__buf_split_15395,sa1,1
251,__buf_split_15394 /1 undetected,output,,__buf_split_15394,__buf_split_15394,1,undetected,__buf_split_15394,__buf_split_15394,__buf_split_15394,sa1,1
252,__tpi_not_test_en->__tpi_cp_87___buf_split_15396 /1 undetected,input_edge,__tpi_not_test_en,__tpi_cp_87___buf_split_15396,__tpi_cp_87___buf_split_15396,1,undetected,__tpi_cp_87___buf_split_15396,__tpi_cp_87___buf_split_15396,__tpi_cp_87___buf_split_15396,sa1,1
253,__tpi_cp_87___buf_split_15396 /1 undetected,output,,__tpi_cp_87___buf_split_15396,__tpi_cp_87___buf_split_15396,1,undetected,__tpi_cp_87___buf_split_15396,__tpi_cp_87___buf_split_15396,__tpi_cp_87___buf_split_15396,sa1,1
254,__buf_split_15396 /1 undetected,output,,__buf_split_15396,__buf_split_15396,1,undetected,__buf_split_15396,__buf_split_15396,__buf_split_15396,sa1,1
255,__buf_split_15397 /1 undetected,output,,__buf_split_15397,__buf_split_15397,1,undetected,__buf_split_15397,__buf_split_15397,__buf_split_15397,sa1,1
256,__buf_split_15398 /1 undetected,output,,__buf_split_15398,__buf_split_15398,1,undetected,__buf_split_15398,__buf_split_15398,__buf_split_15398,sa1,1
257,new_n48575_ /0 undetected,output,,new_n48575_,new_n48575_,0,undetected,new_n48575_,new_n48575_,new_n48575_,sa0,1
258,__buf_split_13992 /1 undetected,output,,__buf_split_13992,__buf_split_13992,1,undetected,__buf_split_13992,__buf_split_13992,__buf_split_13992,sa1,1
259,__tpi_not_test_en->__tpi_cp_77_new_n48582_ /1 undetected,input_edge,__tpi_not_test_en,__tpi_cp_77_new_n48582_,__tpi_cp_77_new_n48582_,1,undetected,__tpi_cp_77_new_n48582_,__tpi_cp_77_new_n48582_,__tpi_cp_77_new_n48582_,sa1,1
260,new_n48573_ /1 undetected,output,,new_n48573_,new_n48573_,1,undetected,new_n48573_,new_n48573_,new_n48573_,sa1,1
261,new_n48572_ /1 undetected,output,,new_n48572_,new_n48572_,1,undetected,new_n48572_,new_n48572_,new_n48572_,sa1,1
262,new_n48571_ /1 undetected,output,,new_n48571_,new_n48571_,1,undetected,new_n48571_,new_n48571_,new_n48571_,sa1,1
263,__buf_split_13988 /1 undetected,output,,__buf_split_13988,__buf_split_13988,1,undetected,__buf_split_13988,__buf_split_13988,__buf_split_13988,sa1,1
264,__buf_split_13987 /1 undetected,output,,__buf_split_13987,__buf_split_13987,1,undetected,__buf_split_13987,__buf_split_13987,__buf_split_13987,sa1,1
265,__buf_split_13989 /1 undetected,output,,__buf_split_13989,__buf_split_13989,1,undetected,__buf_split_13989,__buf_split_13989,__buf_split_13989,sa1,1
266,__buf_split_13990 /1 undetected,output,,__buf_split_13990,__buf_split_13990,1,undetected,__buf_split_13990,__buf_split_13990,__buf_split_13990,sa1,1
267,__buf_split_13991 /1 undetected,output,,__buf_split_13991,__buf_split_13991,1,undetected,__buf_split_13991,__buf_split_13991,__buf_split_13991,sa1,1
268,new_n48565_ /0 undetected,output,,new_n48565_,new_n48565_,0,undetected,new_n48565_,new_n48565_,new_n48565_,sa0,1
269,test_en->__tpi_cp_7_new_n48564_ /0 undetected,input_edge,test_en,__tpi_cp_7_new_n48564_,__tpi_cp_7_new_n48564_,0,undetected,__tpi_cp_7_new_n48564_,__tpi_cp_7_new_n48564_,__tpi_cp_7_new_n48564_,sa0,1
270,new_n48564_ /0 undetected,output,,new_n48564_,new_n48564_,0,undetected,new_n48564_,new_n48564_,new_n48564_,sa0,1
271,__buf_split_13980 /1 undetected,output,,__buf_split_13980,__buf_split_13980,1,undetected,__buf_split_13980,__buf_split_13980,__buf_split_13980,sa1,1
272,__buf_split_13981 /1 undetected,output,,__buf_split_13981,__buf_split_13981,1,undetected,__buf_split_13981,__buf_split_13981,__buf_split_13981,sa1,1
273,__buf_split_13982 /1 undetected,output,,__buf_split_13982,__buf_split_13982,1,undetected,__buf_split_13982,__buf_split_13982,__buf_split_13982,sa1,1
274,__buf_split_13983 /1 undetected,output,,__buf_split_13983,__buf_split_13983,1,undetected,__buf_split_13983,__buf_split_13983,__buf_split_13983,sa1,1
275,new_n47875_ /0 undetected,output,,new_n47875_,new_n47875_,0,undetected,new_n47875_,new_n47875_,new_n47875_,sa0,1
276,new_n47873_ /1 undetected,output,,new_n47873_,new_n47873_,1,undetected,new_n47873_,new_n47873_,new_n47873_,sa1,1
277,new_n47872_ /1 undetected,output,,new_n47872_,new_n47872_,1,undetected,new_n47872_,new_n47872_,new_n47872_,sa1,1
278,__buf_split_13491 /1 undetected,output,,__buf_split_13491,__buf_split_13491,1,undetected,__buf_split_13491,__buf_split_13491,__buf_split_13491,sa1,1
279,__buf_split_13490 /1 undetected,output,,__buf_split_13490,__buf_split_13490,1,undetected,__buf_split_13490,__buf_split_13490,__buf_split_13490,sa1,1
280,__buf_split_13492 /1 undetected,output,,__buf_split_13492,__buf_split_13492,1,undetected,__buf_split_13492,__buf_split_13492,__buf_split_13492,sa1,1
281,__tpi_not_test_en->__tpi_cp_117___buf_split_13493 /1 undetected,input_edge,__tpi_not_test_en,__tpi_cp_117___buf_split_13493,__tpi_cp_117___buf_split_13493,1,undetected,__tpi_cp_117___buf_split_13493,__tpi_cp_117___buf_split_13493,__tpi_cp_117___buf_split_13493,sa1,1
282,__tpi_cp_117___buf_split_13493 /1 undetected,output,,__tpi_cp_117___buf_split_13493,__tpi_cp_117___buf_split_13493,1,undetected,__tpi_cp_117___buf_split_13493,__tpi_cp_117___buf_split_13493,__tpi_cp_117___buf_split_13493,sa1,1
283,__buf_split_13493 /1 undetected,output,,__buf_split_13493,__buf_split_13493,1,undetected,__buf_split_13493,__buf_split_13493,__buf_split_13493,sa1,1
284,__buf_split_13494 /1 undetected,output,,__buf_split_13494,__buf_split_13494,1,undetected,__buf_split_13494,__buf_split_13494,__buf_split_13494,sa1,1
285,test_en->__tpi_cp_8_new_n47867_ /0 undetected,input_edge,test_en,__tpi_cp_8_new_n47867_,__tpi_cp_8_new_n47867_,0,undetected,__tpi_cp_8_new_n47867_,__tpi_cp_8_new_n47867_,__tpi_cp_8_new_n47867_,sa0,1
286,__tpi_cp_8_new_n47867_ /1 undetected,output,,__tpi_cp_8_new_n47867_,__tpi_cp_8_new_n47867_,1,undetected,__tpi_cp_8_new_n47867_,__tpi_cp_8_new_n47867_,__tpi_cp_8_new_n47867_,sa1,1
287,__tpi_not_test_en->__tpi_cp_120_new_n47866_ /1 undetected,input_edge,__tpi_not_test_en,__tpi_cp_120_new_n47866_,__tpi_cp_120_new_n47866_,1,undetected,__tpi_cp_120_new_n47866_,__tpi_cp_120_new_n47866_,__tpi_cp_120_new_n47866_,sa1,1
288,__tpi_cp_120_new_n47866_ /1 undetected,output,,__tpi_cp_120_new_n47866_,__tpi_cp_120_new_n47866_,1,undetected,__tpi_cp_120_new_n47866_,__tpi_cp_120_new_n47866_,__tpi_cp_120_new_n47866_,sa1,1
289,new_n47866_ /1 undetected,output,,new_n47866_,new_n47866_,1,undetected,new_n47866_,new_n47866_,new_n47866_,sa1,1
290,__tpi_not_test_en->__tpi_cp_118_new_n47865_ /1 undetected,input_edge,__tpi_not_test_en,__tpi_cp_118_new_n47865_,__tpi_cp_118_new_n47865_,1,undetected,__tpi_cp_118_new_n47865_,__tpi_cp_118_new_n47865_,__tpi_cp_118_new_n47865_,sa1,1
291,__tpi_cp_118_new_n47865_ /1 undetected,output,,__tpi_cp_118_new_n47865_,__tpi_cp_118_new_n47865_,1,undetected,__tpi_cp_118_new_n47865_,__tpi_cp_118_new_n47865_,__tpi_cp_118_new_n47865_,sa1,1
292,new_n47865_ /1 undetected,output,,new_n47865_,new_n47865_,1,undetected,new_n47865_,new_n47865_,new_n47865_,sa1,1
293,__buf_split_13489 /1 undetected,output,,__buf_split_13489,__buf_split_13489,1,undetected,__buf_split_13489,__buf_split_13489,__buf_split_13489,sa1,1
294,__buf_split_13488 /1 undetected,output,,__buf_split_13488,__buf_split_13488,1,undetected,__buf_split_13488,__buf_split_13488,__buf_split_13488,sa1,1
295,__tpi_not_test_en->__tpi_cp_123_new_n47864_ /1 undetected,input_edge,__tpi_not_test_en,__tpi_cp_123_new_n47864_,__tpi_cp_123_new_n47864_,1,undetected,__tpi_cp_123_new_n47864_,__tpi_cp_123_new_n47864_,__tpi_cp_123_new_n47864_,sa1,1
296,__tpi_cp_123_new_n47864_ /1 undetected,output,,__tpi_cp_123_new_n47864_,__tpi_cp_123_new_n47864_,1,undetected,__tpi_cp_123_new_n47864_,__tpi_cp_123_new_n47864_,__tpi_cp_123_new_n47864_,sa1,1
297,new_n47864_ /1 undetected,output,,new_n47864_,new_n47864_,1,undetected,new_n47864_,new_n47864_,new_n47864_,sa1,1
298,__buf_split_13487 /1 undetected,output,,__buf_split_13487,__buf_split_13487,1,undetected,__buf_split_13487,__buf_split_13487,__buf_split_13487,sa1,1
299,__buf_split_13486 /1 undetected,output,,__buf_split_13486,__buf_split_13486,1,undetected,__buf_split_13486,__buf_split_13486,__buf_split_13486,sa1,1
300,__tpi_not_test_en->__tpi_cp_125_new_n47863_ /1 undetected,input_edge,__tpi_not_test_en,__tpi_cp_125_new_n47863_,__tpi_cp_125_new_n47863_,1,undetected,__tpi_cp_125_new_n47863_,__tpi_cp_125_new_n47863_,__tpi_cp_125_new_n47863_,sa1,1
301,__tpi_cp_125_new_n47863_ /1 undetected,output,,__tpi_cp_125_new_n47863_,__tpi_cp_125_new_n47863_,1,undetected,__tpi_cp_125_new_n47863_,__tpi_cp_125_new_n47863_,__tpi_cp_125_new_n47863_,sa1,1
302,new_n47863_ /1 undetected,output,,new_n47863_,new_n47863_,1,undetected,new_n47863_,new_n47863_,new_n47863_,sa1,1
303,__tpi_not_test_en->__tpi_cp_119_new_n47862_ /1 undetected,input_edge,__tpi_not_test_en,__tpi_cp_119_new_n47862_,__tpi_cp_119_new_n47862_,1,undetected,__tpi_cp_119_new_n47862_,__tpi_cp_119_new_n47862_,__tpi_cp_119_new_n47862_,sa1,1
304,__tpi_cp_119_new_n47862_ /1 undetected,output,,__tpi_cp_119_new_n47862_,__tpi_cp_119_new_n47862_,1,undetected,__tpi_cp_119_new_n47862_,__tpi_cp_119_new_n47862_,__tpi_cp_119_new_n47862_,sa1,1
305,new_n47862_ /1 undetected,output,,new_n47862_,new_n47862_,1,undetected,new_n47862_,new_n47862_,new_n47862_,sa1,1
306,__tpi_not_test_en->__tpi_cp_59___buf_split_13485 /1 undetected,input_edge,__tpi_not_test_en,__tpi_cp_59___buf_split_13485,__tpi_cp_59___buf_split_13485,1,undetected,__tpi_cp_59___buf_split_13485,__tpi_cp_59___buf_split_13485,__tpi_cp_59___buf_split_13485,sa1,1
307,__tpi_cp_59___buf_split_13485 /1 undetected,output,,__tpi_cp_59___buf_split_13485,__tpi_cp_59___buf_split_13485,1,undetected,__tpi_cp_59___buf_split_13485,__tpi_cp_59___buf_split_13485,__tpi_cp_59___buf_split_13485,sa1,1
308,__buf_split_13485 /1 undetected,output,,__buf_split_13485,__buf_split_13485,1,undetected,__buf_split_13485,__buf_split_13485,__buf_split_13485,sa1,1
309,__buf_split_13484 /1 undetected,output,,__buf_split_13484,__buf_split_13484,1,undetected,__buf_split_13484,__buf_split_13484,__buf_split_13484,sa1,1
310,__tpi_not_test_en->__tpi_cp_113_new_n47861_ /1 undetected,input_edge,__tpi_not_test_en,__tpi_cp_113_new_n47861_,__tpi_cp_113_new_n47861_,1,undetected,__tpi_cp_113_new_n47861_,__tpi_cp_113_new_n47861_,__tpi_cp_113_new_n47861_,sa1,1
311,__tpi_cp_113_new_n47861_ /1 undetected,output,,__tpi_cp_113_new_n47861_,__tpi_cp_113_new_n47861_,1,undetected,__tpi_cp_113_new_n47861_,__tpi_cp_113_new_n47861_,__tpi_cp_113_new_n47861_,sa1,1
312,new_n47861_ /1 undetected,output,,new_n47861_,new_n47861_,1,undetected,new_n47861_,new_n47861_,new_n47861_,sa1,1
313,__buf_split_13483 /1 undetected,output,,__buf_split_13483,__buf_split_13483,1,undetected,__buf_split_13483,__buf_split_13483,__buf_split_13483,sa1,1
314,__buf_split_13482 /1 undetected,output,,__buf_split_13482,__buf_split_13482,1,undetected,__buf_split_13482,__buf_split_13482,__buf_split_13482,sa1,1
315,new_n47889_ /1 undetected,output,,new_n47889_,new_n47889_,1,undetected,new_n47889_,new_n47889_,new_n47889_,sa1,1
316,new_n47889_ /0 undetected,output,,new_n47889_,new_n47889_,0,undetected,new_n47889_,new_n47889_,new_n47889_,sa0,1
317,__tpi_not_test_en->__tpi_cp_112_new_n47888_ /1 undetected,input_edge,__tpi_not_test_en,__tpi_cp_112_new_n47888_,__tpi_cp_112_new_n47888_,1,undetected,__tpi_cp_112_new_n47888_,__tpi_cp_112_new_n47888_,__tpi_cp_112_new_n47888_,sa1,1
318,__tpi_cp_112_new_n47888_ /1 undetected,output,,__tpi_cp_112_new_n47888_,__tpi_cp_112_new_n47888_,1,undetected,__tpi_cp_112_new_n47888_,__tpi_cp_112_new_n47888_,__tpi_cp_112_new_n47888_,sa1,1
319,new_n47888_ /1 undetected,output,,new_n47888_,new_n47888_,1,undetected,new_n47888_,new_n47888_,new_n47888_,sa1,1
320,__buf_split_13517 /1 undetected,output,,__buf_split_13517,__buf_split_13517,1,undetected,__buf_split_13517,__buf_split_13517,__buf_split_13517,sa1,1
321,__buf_split_13516 /1 undetected,output,,__buf_split_13516,__buf_split_13516,1,undetected,__buf_split_13516,__buf_split_13516,__buf_split_13516,sa1,1
322,__buf_split_13518 /1 undetected,output,,__buf_split_13518,__buf_split_13518,1,undetected,__buf_split_13518,__buf_split_13518,__buf_split_13518,sa1,1
323,test_en->__tpi_cp_101_new_n76290_ /0 undetected,input_edge,test_en,__tpi_cp_101_new_n76290_,__tpi_cp_101_new_n76290_,0,undetected,__tpi_cp_101_new_n76290_,__tpi_cp_101_new_n76290_,__tpi_cp_101_new_n76290_,sa0,1
324,__tpi_not_test_en->__tpi_cp_3_new_n47885_ /1 undetected,input_edge,__tpi_not_test_en,__tpi_cp_3_new_n47885_,__tpi_cp_3_new_n47885_,1,undetected,__tpi_cp_3_new_n47885_,__tpi_cp_3_new_n47885_,__tpi_cp_3_new_n47885_,sa1,1
325,__tpi_cp_3_new_n47885_ /1 undetected,output,,__tpi_cp_3_new_n47885_,__tpi_cp_3_new_n47885_,1,undetected,__tpi_cp_3_new_n47885_,__tpi_cp_3_new_n47885_,__tpi_cp_3_new_n47885_,sa1,1
326,__tpi_cp_3_new_n47885_ /0 undetected,output,,__tpi_cp_3_new_n47885_,__tpi_cp_3_new_n47885_,0,undetected,__tpi_cp_3_new_n47885_,__tpi_cp_3_new_n47885_,__tpi_cp_3_new_n47885_,sa0,1
327,new_n47885_ /1 undetected,output,,new_n47885_,new_n47885_,1,undetected,new_n47885_,new_n47885_,new_n47885_,sa1,1
328,__buf_split_13511 /1 undetected,output,,__buf_split_13511,__buf_split_13511,1,undetected,__buf_split_13511,__buf_split_13511,__buf_split_13511,sa1,1
329,new_n47884_->__tpi_cp_122_new_n47884_ /1 undetected,input_edge,new_n47884_,__tpi_cp_122_new_n47884_,__tpi_cp_122_new_n47884_,1,undetected,__tpi_cp_122_new_n47884_,__tpi_cp_122_new_n47884_,__tpi_cp_122_new_n47884_,sa1,1
330,__tpi_not_test_en->__tpi_cp_122_new_n47884_ /1 undetected,input_edge,__tpi_not_test_en,__tpi_cp_122_new_n47884_,__tpi_cp_122_new_n47884_,1,undetected,__tpi_cp_122_new_n47884_,__tpi_cp_122_new_n47884_,__tpi_cp_122_new_n47884_,sa1,1
331,__buf_split_13510 /1 undetected,output,,__buf_split_13510,__buf_split_13510,1,undetected,__buf_split_13510,__buf_split_13510,__buf_split_13510,sa1,1
332,new_n47883_->__tpi_cp_121_new_n47883_ /1 undetected,input_edge,new_n47883_,__tpi_cp_121_new_n47883_,__tpi_cp_121_new_n47883_,1,undetected,__tpi_cp_121_new_n47883_,__tpi_cp_121_new_n47883_,__tpi_cp_121_new_n47883_,sa1,1
333,__tpi_not_test_en->__tpi_cp_121_new_n47883_ /1 undetected,input_edge,__tpi_not_test_en,__tpi_cp_121_new_n47883_,__tpi_cp_121_new_n47883_,1,undetected,__tpi_cp_121_new_n47883_,__tpi_cp_121_new_n47883_,__tpi_cp_121_new_n47883_,sa1,1
334,__tpi_not_test_en->__tpi_cp_88_new_n22322_ /1 undetected,input_edge,__tpi_not_test_en,__tpi_cp_88_new_n22322_,__tpi_cp_88_new_n22322_,1,undetected,__tpi_cp_88_new_n22322_,__tpi_cp_88_new_n22322_,__tpi_cp_88_new_n22322_,sa1,1
335,__tpi_not_test_en->__tpi_cp_84_new_n22321_ /1 undetected,input_edge,__tpi_not_test_en,__tpi_cp_84_new_n22321_,__tpi_cp_84_new_n22321_,1,undetected,__tpi_cp_84_new_n22321_,__tpi_cp_84_new_n22321_,__tpi_cp_84_new_n22321_,sa1,1
336,new_n47882_ /1 undetected,output,,new_n47882_,new_n47882_,1,undetected,new_n47882_,new_n47882_,new_n47882_,sa1,1
337,new_n47882_ /0 undetected,output,,new_n47882_,new_n47882_,0,undetected,new_n47882_,new_n47882_,new_n47882_,sa0,1
338,__tpi_not_test_en->__tpi_cp_124_new_n47881_ /1 undetected,input_edge,__tpi_not_test_en,__tpi_cp_124_new_n47881_,__tpi_cp_124_new_n47881_,1,undetected,__tpi_cp_124_new_n47881_,__tpi_cp_124_new_n47881_,__tpi_cp_124_new_n47881_,sa1,1
339,__tpi_cp_124_new_n47881_ /1 undetected,output,,__tpi_cp_124_new_n47881_,__tpi_cp_124_new_n47881_,1,undetected,__tpi_cp_124_new_n47881_,__tpi_cp_124_new_n47881_,__tpi_cp_124_new_n47881_,sa1,1
340,new_n47881_ /1 undetected,output,,new_n47881_,new_n47881_,1,undetected,new_n47881_,new_n47881_,new_n47881_,sa1,1
341,__buf_split_13504 /1 undetected,output,,__buf_split_13504,__buf_split_13504,1,undetected,__buf_split_13504,__buf_split_13504,__buf_split_13504,sa1,1
342,__buf_split_13503 /1 undetected,output,,__buf_split_13503,__buf_split_13503,1,undetected,__buf_split_13503,__buf_split_13503,__buf_split_13503,sa1,1
343,__buf_split_13505 /1 undetected,output,,__buf_split_13505,__buf_split_13505,1,undetected,__buf_split_13505,__buf_split_13505,__buf_split_13505,sa1,1
344,test_en->__tpi_cp_116_new_n75118_ /0 undetected,input_edge,test_en,__tpi_cp_116_new_n75118_,__tpi_cp_116_new_n75118_,0,undetected,__tpi_cp_116_new_n75118_,__tpi_cp_116_new_n75118_,__tpi_cp_116_new_n75118_,sa0,1
345,__tpi_not_test_en->__tpi_cp_100_new_n48658_ /1 undetected,input_edge,__tpi_not_test_en,__tpi_cp_100_new_n48658_,__tpi_cp_100_new_n48658_,1,undetected,__tpi_cp_100_new_n48658_,__tpi_cp_100_new_n48658_,__tpi_cp_100_new_n48658_,sa1,1
346,__tpi_not_test_en->__tpi_cp_12___buf_split_60 /1 undetected,input_edge,__tpi_not_test_en,__tpi_cp_12___buf_split_60,__tpi_cp_12___buf_split_60,1,undetected,__tpi_cp_12___buf_split_60,__tpi_cp_12___buf_split_60,__tpi_cp_12___buf_split_60,sa1,1
347,__tpi_not_test_en->__tpi_cp_106___buf_split_14045 /1 undetected,input_edge,__tpi_not_test_en,__tpi_cp_106___buf_split_14045,__tpi_cp_106___buf_split_14045,1,undetected,__tpi_cp_106___buf_split_14045,__tpi_cp_106___buf_split_14045,__tpi_cp_106___buf_split_14045,sa1,1
348,__tpi_not_test_en->__tpi_cp_102_new_n48653_ /1 undetected,input_edge,__tpi_not_test_en,__tpi_cp_102_new_n48653_,__tpi_cp_102_new_n48653_,1,undetected,__tpi_cp_102_new_n48653_,__tpi_cp_102_new_n48653_,__tpi_cp_102_new_n48653_,sa1,1
349,__tpi_not_test_en->__tpi_cp_13___buf_split_63 /1 undetected,input_edge,__tpi_not_test_en,__tpi_cp_13___buf_split_63,__tpi_cp_13___buf_split_63,1,undetected,__tpi_cp_13___buf_split_63,__tpi_cp_13___buf_split_63,__tpi_cp_13___buf_split_63,sa1,1
350,__tpi_not_test_en->__tpi_cp_107___buf_split_14042 /1 undetected,input_edge,__tpi_not_test_en,__tpi_cp_107___buf_split_14042,__tpi_cp_107___buf_split_14042,1,undetected,__tpi_cp_107___buf_split_14042,__tpi_cp_107___buf_split_14042,__tpi_cp_107___buf_split_14042,sa1,1
351,__tpi_not_test_en->__tpi_cp_10___buf_split_13997 /1 undetected,input_edge,__tpi_not_test_en,__tpi_cp_10___buf_split_13997,__tpi_cp_10___buf_split_13997,1,undetected,__tpi_cp_10___buf_split_13997,__tpi_cp_10___buf_split_13997,__tpi_cp_10___buf_split_13997,sa1,1
352,__tpi_not_test_en->__tpi_cp_93___buf_split_13996 /1 undetected,input_edge,__tpi_not_test_en,__tpi_cp_93___buf_split_13996,__tpi_cp_93___buf_split_13996,1,undetected,__tpi_cp_93___buf_split_13996,__tpi_cp_93___buf_split_13996,__tpi_cp_93___buf_split_13996,sa1,1
353,__tpi_not_test_en->__tpi_cp_110_new_n22320_ /1 undetected,input_edge,__tpi_not_test_en,__tpi_cp_110_new_n22320_,__tpi_cp_110_new_n22320_,1,undetected,__tpi_cp_110_new_n22320_,__tpi_cp_110_new_n22320_,__tpi_cp_110_new_n22320_,sa1,1
354,__tpi_not_test_en->__tpi_cp_111___buf_split_210 /1 undetected,input_edge,__tpi_not_test_en,__tpi_cp_111___buf_split_210,__tpi_cp_111___buf_split_210,1,undetected,__tpi_cp_111___buf_split_210,__tpi_cp_111___buf_split_210,__tpi_cp_111___buf_split_210,sa1,1
355,__tpi_not_test_en->__tpi_cp_4___buf_split_15402 /1 undetected,input_edge,__tpi_not_test_en,__tpi_cp_4___buf_split_15402,__tpi_cp_4___buf_split_15402,1,undetected,__tpi_cp_4___buf_split_15402,__tpi_cp_4___buf_split_15402,__tpi_cp_4___buf_split_15402,sa1,1
356,__tpi_not_test_en->__tpi_cp_86_new_n22319_ /1 undetected,input_edge,__tpi_not_test_en,__tpi_cp_86_new_n22319_,__tpi_cp_86_new_n22319_,1,undetected,__tpi_cp_86_new_n22319_,__tpi_cp_86_new_n22319_,__tpi_cp_86_new_n22319_,sa1,1
357,new_n47878_ /1 undetected,output,,new_n47878_,new_n47878_,1,undetected,new_n47878_,new_n47878_,new_n47878_,sa1,1
358,__tpi_not_test_en->__tpi_cp_109_new_n47877_ /1 undetected,input_edge,__tpi_not_test_en,__tpi_cp_109_new_n47877_,__tpi_cp_109_new_n47877_,1,undetected,__tpi_cp_109_new_n47877_,__tpi_cp_109_new_n47877_,__tpi_cp_109_new_n47877_,sa1,1
359,__tpi_cp_109_new_n47877_ /1 undetected,output,,__tpi_cp_109_new_n47877_,__tpi_cp_109_new_n47877_,1,undetected,__tpi_cp_109_new_n47877_,__tpi_cp_109_new_n47877_,__tpi_cp_109_new_n47877_,sa1,1
360,new_n47877_ /1 undetected,output,,new_n47877_,new_n47877_,1,undetected,new_n47877_,new_n47877_,new_n47877_,sa1,1
361,__buf_split_13498 /1 undetected,output,,__buf_split_13498,__buf_split_13498,1,undetected,__buf_split_13498,__buf_split_13498,__buf_split_13498,sa1,1
362,__buf_split_13497 /1 undetected,output,,__buf_split_13497,__buf_split_13497,1,undetected,__buf_split_13497,__buf_split_13497,__buf_split_13497,sa1,1
363,__tpi_not_test_en->__tpi_cp_30_new_n47876_ /1 undetected,input_edge,__tpi_not_test_en,__tpi_cp_30_new_n47876_,__tpi_cp_30_new_n47876_,1,undetected,__tpi_cp_30_new_n47876_,__tpi_cp_30_new_n47876_,__tpi_cp_30_new_n47876_,sa1,1
364,__tpi_cp_30_new_n47876_ /1 undetected,output,,__tpi_cp_30_new_n47876_,__tpi_cp_30_new_n47876_,1,undetected,__tpi_cp_30_new_n47876_,__tpi_cp_30_new_n47876_,__tpi_cp_30_new_n47876_,sa1,1
365,new_n47876_ /1 undetected,output,,new_n47876_,new_n47876_,1,undetected,new_n47876_,new_n47876_,new_n47876_,sa1,1
366,__buf_split_13496 /1 undetected,output,,__buf_split_13496,__buf_split_13496,1,undetected,__buf_split_13496,__buf_split_13496,__buf_split_13496,sa1,1
367,__buf_split_13495 /1 undetected,output,,__buf_split_13495,__buf_split_13495,1,undetected,__buf_split_13495,__buf_split_13495,__buf_split_13495,sa1,1
368,__tpi_not_test_en->__tpi_cp_5_new_n47870_ /1 undetected,input_edge,__tpi_not_test_en,__tpi_cp_5_new_n47870_,__tpi_cp_5_new_n47870_,1,undetected,__tpi_cp_5_new_n47870_,__tpi_cp_5_new_n47870_,__tpi_cp_5_new_n47870_,sa1,1
369,__tpi_not_test_en->__tpi_cp_130_new_n47869_ /1 undetected,input_edge,__tpi_not_test_en,__tpi_cp_130_new_n47869_,__tpi_cp_130_new_n47869_,1,undetected,__tpi_cp_130_new_n47869_,__tpi_cp_130_new_n47869_,__tpi_cp_130_new_n47869_,sa1,1
370,__tpi_not_test_en->__tpi_cp_128_new_n47868_ /1 undetected,input_edge,__tpi_not_test_en,__tpi_cp_128_new_n47868_,__tpi_cp_128_new_n47868_,1,undetected,__tpi_cp_128_new_n47868_,__tpi_cp_128_new_n47868_,__tpi_cp_128_new_n47868_,sa1,1
371,__tpi_not_test_en->__tpi_cp_54_new_n47886_ /1 undetected,input_edge,__tpi_not_test_en,__tpi_cp_54_new_n47886_,__tpi_cp_54_new_n47886_,1,undetected,__tpi_cp_54_new_n47886_,__tpi_cp_54_new_n47886_,__tpi_cp_54_new_n47886_,sa1,1
372,__tpi_cp_54_new_n47886_ /1 undetected,output,,__tpi_cp_54_new_n47886_,__tpi_cp_54_new_n47886_,1,undetected,__tpi_cp_54_new_n47886_,__tpi_cp_54_new_n47886_,__tpi_cp_54_new_n47886_,sa1,1
373,__tpi_cp_54_new_n47886_ /0 undetected,output,,__tpi_cp_54_new_n47886_,__tpi_cp_54_new_n47886_,0,undetected,__tpi_cp_54_new_n47886_,__tpi_cp_54_new_n47886_,__tpi_cp_54_new_n47886_,sa0,1
374,new_n47886_ /1 undetected,output,,new_n47886_,new_n47886_,1,undetected,new_n47886_,new_n47886_,new_n47886_,sa1,1
375,__buf_split_13513 /1 undetected,output,,__buf_split_13513,__buf_split_13513,1,undetected,__buf_split_13513,__buf_split_13513,__buf_split_13513,sa1,1
376,__buf_split_13512 /1 undetected,output,,__buf_split_13512,__buf_split_13512,1,undetected,__buf_split_13512,__buf_split_13512,__buf_split_13512,sa1,1
377,__tpi_not_test_en->__tpi_cp_104___buf_split_15412 /1 undetected,input_edge,__tpi_not_test_en,__tpi_cp_104___buf_split_15412,__tpi_cp_104___buf_split_15412,1,undetected,__tpi_cp_104___buf_split_15412,__tpi_cp_104___buf_split_15412,__tpi_cp_104___buf_split_15412,sa1,1
378,new_n47879_ /1 undetected,output,,new_n47879_,new_n47879_,1,undetected,new_n47879_,new_n47879_,new_n47879_,sa1,1
379,__buf_split_13500 /1 undetected,output,,__buf_split_13500,__buf_split_13500,1,undetected,__buf_split_13500,__buf_split_13500,__buf_split_13500,sa1,1
380,__buf_split_13499 /1 undetected,output,,__buf_split_13499,__buf_split_13499,1,undetected,__buf_split_13499,__buf_split_13499,__buf_split_13499,sa1,1
381,test_en->__tpi_cp_132___buf_split_771 /0 undetected,input_edge,test_en,__tpi_cp_132___buf_split_771,__tpi_cp_132___buf_split_771,0,undetected,__tpi_cp_132___buf_split_771,__tpi_cp_132___buf_split_771,__tpi_cp_132___buf_split_771,sa0,1
382,new_n22140_->__tpi_cp_44_new_n22140_ /1 undetected,input_edge,new_n22140_,__tpi_cp_44_new_n22140_,__tpi_cp_44_new_n22140_,1,undetected,__tpi_cp_44_new_n22140_,__tpi_cp_44_new_n22140_,__tpi_cp_44_new_n22140_,sa1,1
383,__tpi_not_test_en->__tpi_cp_44_new_n22140_ /1 undetected,input_edge,__tpi_not_test_en,__tpi_cp_44_new_n22140_,__tpi_cp_44_new_n22140_,1,undetected,__tpi_cp_44_new_n22140_,__tpi_cp_44_new_n22140_,__tpi_cp_44_new_n22140_,sa1,1
384,__tpi_cp_44_new_n22140_ /1 undetected,output,,__tpi_cp_44_new_n22140_,__tpi_cp_44_new_n22140_,1,undetected,__tpi_cp_44_new_n22140_,__tpi_cp_44_new_n22140_,__tpi_cp_44_new_n22140_,sa1,1
385,__tpi_not_test_en->__tpi_cp_37_new_n22897_ /1 undetected,input_edge,__tpi_not_test_en,__tpi_cp_37_new_n22897_,__tpi_cp_37_new_n22897_,1,undetected,__tpi_cp_37_new_n22897_,__tpi_cp_37_new_n22897_,__tpi_cp_37_new_n22897_,sa1,1
386,__tpi_cp_37_new_n22897_ /1 undetected,output,,__tpi_cp_37_new_n22897_,__tpi_cp_37_new_n22897_,1,undetected,__tpi_cp_37_new_n22897_,__tpi_cp_37_new_n22897_,__tpi_cp_37_new_n22897_,sa1,1
387,new_n22897_ /1 undetected,output,,new_n22897_,new_n22897_,1,undetected,new_n22897_,new_n22897_,new_n22897_,sa1,1
388,__tpi_not_test_en->__tpi_cp_92___buf_split_772 /1 undetected,input_edge,__tpi_not_test_en,__tpi_cp_92___buf_split_772,__tpi_cp_92___buf_split_772,1,undetected,__tpi_cp_92___buf_split_772,__tpi_cp_92___buf_split_772,__tpi_cp_92___buf_split_772,sa1,1
389,ys__n8581 /1 undetected,output,,ys__n8581,ys__n8581,1,undetected,ys__n8581,ys__n8581,ys__n8581,sa1,1
390,ys__n8581 /0 undetected,output,,ys__n8581,ys__n8581,0,undetected,ys__n8581,ys__n8581,ys__n8581,sa0,1
