line_no,raw,site_type,src_node,dst_node,node,sa_value,status,original_node,net,tmax_site,fault_type,is_hard
1,__tpi_op_55_N26267 /0 undetected,output,,__tpi_op_55_N26267,__tpi_op_55_N26267,0,undetected,__tpi_op_55_N26267,__tpi_op_55_N26267,__tpi_op_55_N26267,sa0,1
2,__tpi_op_11_N28639 /0 undetected,output,,__tpi_op_11_N28639,__tpi_op_11_N28639,0,undetected,__tpi_op_11_N28639,__tpi_op_11_N28639,__tpi_op_11_N28639,sa0,1
3,N21765 /1 undetected,output,,N21765,N21765,1,undetected,N21765,N21765,N21765,sa1,1
4,N5155 /1 undetected,output,,N5155,N5155,1,undetected,N5155,N5155,N5155,sa1,1
5,N5154 /1 undetected,output,,N5154,N5154,1,undetected,N5154,N5154,N5154,sa1,1
6,N14875 /1 undetected,output,,N14875,N14875,1,undetected,N14875,N14875,N14875,sa1,1
7,N14840 /1 undetected,output,,N14840,N14840,1,undetected,N14840,N14840,N14840,sa1,1
8,N14795 /1 undetected,output,,N14795,N14795,1,undetected,N14795,N14795,N14795,sa1,1
9,N59196 /1 undetected,output,,N59196,N59196,1,undetected,N59196,N59196,N59196,sa1,1
10,N41206 /1 undetected,output,,N41206,N41206,1,undetected,N41206,N41206,N41206,sa1,1
11,N20868 /1 undetected,output,,N20868,N20868,1,undetected,N20868,N20868,N20868,sa1,1
12,N1943 /1 undetected,output,,N1943,N1943,1,undetected,N1943,N1943,N1943,sa1,1
13,N1942 /1 undetected,output,,N1942,N1942,1,undetected,N1942,N1942,N1942,sa1,1
14,N8848 /1 undetected,output,,N8848,N8848,1,undetected,N8848,N8848,N8848,sa1,1
15,N40148 /1 undetected,output,,N40148,N40148,1,undetected,N40148,N40148,N40148,sa1,1
16,N55381 /1 undetected,output,,N55381,N55381,1,undetected,N55381,N55381,N55381,sa1,1
17,N8847 /1 undetected,output,,N8847,N8847,1,undetected,N8847,N8847,N8847,sa1,1
18,N8839 /1 undetected,output,,N8839,N8839,1,undetected,N8839,N8839,N8839,sa1,1
19,N55435 /1 undetected,output,,N55435,N55435,1,undetected,N55435,N55435,N55435,sa1,1
20,N55379 /1 undetected,output,,N55379,N55379,1,undetected,N55379,N55379,N55379,sa1,1
21,test_en->__tpi_cp_219_N21336 /0 undetected,input_edge,test_en,__tpi_cp_219_N21336,__tpi_cp_219_N21336,0,undetected,__tpi_cp_219_N21336,__tpi_cp_219_N21336,__tpi_cp_219_N21336,sa0,1
22,N58033 /1 undetected,output,,N58033,N58033,1,undetected,N58033,N58033,N58033,sa1,1
23,N46638 /1 undetected,output,,N46638,N46638,1,undetected,N46638,N46638,N46638,sa1,1
24,N21340 /0 undetected,output,,N21340,N21340,0,undetected,N21340,N21340,N21340,sa0,1
25,__tpi_not_test_en->__tpi_cp_404_N2961 /1 undetected,input_edge,__tpi_not_test_en,__tpi_cp_404_N2961,__tpi_cp_404_N2961,1,undetected,__tpi_cp_404_N2961,__tpi_cp_404_N2961,__tpi_cp_404_N2961,sa1,1
26,test_en->__tpi_cp_58_N25294 /0 undetected,input_edge,test_en,__tpi_cp_58_N25294,__tpi_cp_58_N25294,0,undetected,__tpi_cp_58_N25294,__tpi_cp_58_N25294,__tpi_cp_58_N25294,sa0,1
27,__tpi_not_test_en->__tpi_cp_126_N11327 /1 undetected,input_edge,__tpi_not_test_en,__tpi_cp_126_N11327,__tpi_cp_126_N11327,1,undetected,__tpi_cp_126_N11327,__tpi_cp_126_N11327,__tpi_cp_126_N11327,sa1,1
28,__tpi_not_test_en->__tpi_cp_414_N2970 /1 undetected,input_edge,__tpi_not_test_en,__tpi_cp_414_N2970,__tpi_cp_414_N2970,1,undetected,__tpi_cp_414_N2970,__tpi_cp_414_N2970,__tpi_cp_414_N2970,sa1,1
29,test_en->__tpi_cp_68_N25302 /0 undetected,input_edge,test_en,__tpi_cp_68_N25302,__tpi_cp_68_N25302,0,undetected,__tpi_cp_68_N25302,__tpi_cp_68_N25302,__tpi_cp_68_N25302,sa0,1
30,__tpi_not_test_en->__tpi_cp_417_N2979 /1 undetected,input_edge,__tpi_not_test_en,__tpi_cp_417_N2979,__tpi_cp_417_N2979,1,undetected,__tpi_cp_417_N2979,__tpi_cp_417_N2979,__tpi_cp_417_N2979,sa1,1
31,test_en->__tpi_cp_70_N25310 /0 undetected,input_edge,test_en,__tpi_cp_70_N25310,__tpi_cp_70_N25310,0,undetected,__tpi_cp_70_N25310,__tpi_cp_70_N25310,__tpi_cp_70_N25310,sa0,1
32,test_en->__tpi_cp_12_N31739 /0 undetected,input_edge,test_en,__tpi_cp_12_N31739,__tpi_cp_12_N31739,0,undetected,__tpi_cp_12_N31739,__tpi_cp_12_N31739,__tpi_cp_12_N31739,sa0,1
33,__tpi_not_test_en->__tpi_cp_410_N2997 /1 undetected,input_edge,__tpi_not_test_en,__tpi_cp_410_N2997,__tpi_cp_410_N2997,1,undetected,__tpi_cp_410_N2997,__tpi_cp_410_N2997,__tpi_cp_410_N2997,sa1,1
34,test_en->__tpi_cp_62_N25326 /0 undetected,input_edge,test_en,__tpi_cp_62_N25326,__tpi_cp_62_N25326,0,undetected,__tpi_cp_62_N25326,__tpi_cp_62_N25326,__tpi_cp_62_N25326,sa0,1
35,__tpi_not_test_en->__tpi_cp_402_N3006 /1 undetected,input_edge,__tpi_not_test_en,__tpi_cp_402_N3006,__tpi_cp_402_N3006,1,undetected,__tpi_cp_402_N3006,__tpi_cp_402_N3006,__tpi_cp_402_N3006,sa1,1
36,test_en->__tpi_cp_54_N25334 /0 undetected,input_edge,test_en,__tpi_cp_54_N25334,__tpi_cp_54_N25334,0,undetected,__tpi_cp_54_N25334,__tpi_cp_54_N25334,__tpi_cp_54_N25334,sa0,1
37,__tpi_not_test_en->__tpi_cp_15_N11498 /1 undetected,input_edge,__tpi_not_test_en,__tpi_cp_15_N11498,__tpi_cp_15_N11498,1,undetected,__tpi_cp_15_N11498,__tpi_cp_15_N11498,__tpi_cp_15_N11498,sa1,1
38,test_en->__tpi_cp_299_N31711 /0 undetected,input_edge,test_en,__tpi_cp_299_N31711,__tpi_cp_299_N31711,0,undetected,__tpi_cp_299_N31711,__tpi_cp_299_N31711,__tpi_cp_299_N31711,sa0,1
39,test_en->__tpi_cp_95_N31712 /0 undetected,input_edge,test_en,__tpi_cp_95_N31712,__tpi_cp_95_N31712,0,undetected,__tpi_cp_95_N31712,__tpi_cp_95_N31712,__tpi_cp_95_N31712,sa0,1
40,test_en->__tpi_cp_16_N31633 /0 undetected,input_edge,test_en,__tpi_cp_16_N31633,__tpi_cp_16_N31633,0,undetected,__tpi_cp_16_N31633,__tpi_cp_16_N31633,__tpi_cp_16_N31633,sa0,1
41,__tpi_not_test_en->__tpi_cp_19_N11297 /1 undetected,input_edge,__tpi_not_test_en,__tpi_cp_19_N11297,__tpi_cp_19_N11297,1,undetected,__tpi_cp_19_N11297,__tpi_cp_19_N11297,__tpi_cp_19_N11297,sa1,1
42,test_en->__tpi_cp_103_N31548 /0 undetected,input_edge,test_en,__tpi_cp_103_N31548,__tpi_cp_103_N31548,0,undetected,__tpi_cp_103_N31548,__tpi_cp_103_N31548,__tpi_cp_103_N31548,sa0,1
43,test_en->__tpi_cp_271_N31549 /0 undetected,input_edge,test_en,__tpi_cp_271_N31549,__tpi_cp_271_N31549,0,undetected,__tpi_cp_271_N31549,__tpi_cp_271_N31549,__tpi_cp_271_N31549,sa0,1
44,__tpi_not_test_en->__tpi_cp_413_N3086 /1 undetected,input_edge,__tpi_not_test_en,__tpi_cp_413_N3086,__tpi_cp_413_N3086,1,undetected,__tpi_cp_413_N3086,__tpi_cp_413_N3086,__tpi_cp_413_N3086,sa1,1
45,test_en->__tpi_cp_66_N25406 /0 undetected,input_edge,test_en,__tpi_cp_66_N25406,__tpi_cp_66_N25406,0,undetected,__tpi_cp_66_N25406,__tpi_cp_66_N25406,__tpi_cp_66_N25406,sa0,1
46,__tpi_not_test_en->__tpi_cp_406_N3104 /1 undetected,input_edge,__tpi_not_test_en,__tpi_cp_406_N3104,__tpi_cp_406_N3104,1,undetected,__tpi_cp_406_N3104,__tpi_cp_406_N3104,__tpi_cp_406_N3104,sa1,1
47,test_en->__tpi_cp_64_N25422 /0 undetected,input_edge,test_en,__tpi_cp_64_N25422,__tpi_cp_64_N25422,0,undetected,__tpi_cp_64_N25422,__tpi_cp_64_N25422,__tpi_cp_64_N25422,sa0,1
48,test_en->__tpi_cp_14_N31612 /0 undetected,input_edge,test_en,__tpi_cp_14_N31612,__tpi_cp_14_N31612,0,undetected,__tpi_cp_14_N31612,__tpi_cp_14_N31612,__tpi_cp_14_N31612,sa0,1
49,__tpi_not_test_en->__tpi_cp_399_N3140 /1 undetected,input_edge,__tpi_not_test_en,__tpi_cp_399_N3140,__tpi_cp_399_N3140,1,undetected,__tpi_cp_399_N3140,__tpi_cp_399_N3140,__tpi_cp_399_N3140,sa1,1
50,test_en->__tpi_cp_52_N25454 /0 undetected,input_edge,test_en,__tpi_cp_52_N25454,__tpi_cp_52_N25454,0,undetected,__tpi_cp_52_N25454,__tpi_cp_52_N25454,__tpi_cp_52_N25454,sa0,1
51,__tpi_not_test_en->__tpi_cp_154_N11318 /1 undetected,input_edge,__tpi_not_test_en,__tpi_cp_154_N11318,__tpi_cp_154_N11318,1,undetected,__tpi_cp_154_N11318,__tpi_cp_154_N11318,__tpi_cp_154_N11318,sa1,1
52,__tpi_not_test_en->__tpi_cp_409_N3149 /1 undetected,input_edge,__tpi_not_test_en,__tpi_cp_409_N3149,__tpi_cp_409_N3149,1,undetected,__tpi_cp_409_N3149,__tpi_cp_409_N3149,__tpi_cp_409_N3149,sa1,1
53,test_en->__tpi_cp_60_N25462 /0 undetected,input_edge,test_en,__tpi_cp_60_N25462,__tpi_cp_60_N25462,0,undetected,__tpi_cp_60_N25462,__tpi_cp_60_N25462,__tpi_cp_60_N25462,sa0,1
54,__tpi_not_test_en->__tpi_cp_23_N11212 /1 undetected,input_edge,__tpi_not_test_en,__tpi_cp_23_N11212,__tpi_cp_23_N11212,1,undetected,__tpi_cp_23_N11212,__tpi_cp_23_N11212,__tpi_cp_23_N11212,sa1,1
55,test_en->__tpi_cp_113_N31478 /0 undetected,input_edge,test_en,__tpi_cp_113_N31478,__tpi_cp_113_N31478,0,undetected,__tpi_cp_113_N31478,__tpi_cp_113_N31478,__tpi_cp_113_N31478,sa0,1
56,test_en->__tpi_cp_331_N31479 /0 undetected,input_edge,test_en,__tpi_cp_331_N31479,__tpi_cp_331_N31479,0,undetected,__tpi_cp_331_N31479,__tpi_cp_331_N31479,__tpi_cp_331_N31479,sa0,1
57,__tpi_not_test_en->__tpi_cp_394_N3185 /1 undetected,input_edge,__tpi_not_test_en,__tpi_cp_394_N3185,__tpi_cp_394_N3185,1,undetected,__tpi_cp_394_N3185,__tpi_cp_394_N3185,__tpi_cp_394_N3185,sa1,1
58,test_en->__tpi_cp_50_N25494 /0 undetected,input_edge,test_en,__tpi_cp_50_N25494,__tpi_cp_50_N25494,0,undetected,__tpi_cp_50_N25494,__tpi_cp_50_N25494,__tpi_cp_50_N25494,sa0,1
59,test_en->__tpi_cp_10_N31760 /0 undetected,input_edge,test_en,__tpi_cp_10_N31760,__tpi_cp_10_N31760,0,undetected,__tpi_cp_10_N31760,__tpi_cp_10_N31760,__tpi_cp_10_N31760,sa0,1
60,__tpi_not_test_en->__tpi_cp_61_N11544 /1 undetected,input_edge,__tpi_not_test_en,__tpi_cp_61_N11544,__tpi_cp_61_N11544,1,undetected,__tpi_cp_61_N11544,__tpi_cp_61_N11544,__tpi_cp_61_N11544,sa1,1
61,test_en->__tpi_cp_347_N31755 /0 undetected,input_edge,test_en,__tpi_cp_347_N31755,__tpi_cp_347_N31755,0,undetected,__tpi_cp_347_N31755,__tpi_cp_347_N31755,__tpi_cp_347_N31755,sa0,1
62,test_en->__tpi_cp_412_N31754 /0 undetected,input_edge,test_en,__tpi_cp_412_N31754,__tpi_cp_412_N31754,0,undetected,__tpi_cp_412_N31754,__tpi_cp_412_N31754,__tpi_cp_412_N31754,sa0,1
63,__tpi_not_test_en->__tpi_cp_104_N11472 /1 undetected,input_edge,__tpi_not_test_en,__tpi_cp_104_N11472,__tpi_cp_104_N11472,1,undetected,__tpi_cp_104_N11472,__tpi_cp_104_N11472,__tpi_cp_104_N11472,sa1,1
64,__tpi_not_test_en->__tpi_cp_21_N11205 /1 undetected,input_edge,__tpi_not_test_en,__tpi_cp_21_N11205,__tpi_cp_21_N11205,1,undetected,__tpi_cp_21_N11205,__tpi_cp_21_N11205,__tpi_cp_21_N11205,sa1,1
65,test_en->__tpi_cp_109_N31471 /0 undetected,input_edge,test_en,__tpi_cp_109_N31471,__tpi_cp_109_N31471,0,undetected,__tpi_cp_109_N31471,__tpi_cp_109_N31471,__tpi_cp_109_N31471,sa0,1
66,test_en->__tpi_cp_285_N31472 /0 undetected,input_edge,test_en,__tpi_cp_285_N31472,__tpi_cp_285_N31472,0,undetected,__tpi_cp_285_N31472,__tpi_cp_285_N31472,__tpi_cp_285_N31472,sa0,1
67,test_en->__tpi_cp_295_N31685 /0 undetected,input_edge,test_en,__tpi_cp_295_N31685,__tpi_cp_295_N31685,0,undetected,__tpi_cp_295_N31685,__tpi_cp_295_N31685,__tpi_cp_295_N31685,sa0,1
68,test_en->__tpi_cp_416_N11277 /0 undetected,input_edge,test_en,__tpi_cp_416_N11277,__tpi_cp_416_N11277,0,undetected,__tpi_cp_416_N11277,__tpi_cp_416_N11277,__tpi_cp_416_N11277,sa0,1
69,__tpi_not_test_en->__tpi_cp_164_N31535 /1 undetected,input_edge,__tpi_not_test_en,__tpi_cp_164_N31535,__tpi_cp_164_N31535,1,undetected,__tpi_cp_164_N31535,__tpi_cp_164_N31535,__tpi_cp_164_N31535,sa1,1
70,test_en->__tpi_cp_349_N31534 /0 undetected,input_edge,test_en,__tpi_cp_349_N31534,__tpi_cp_349_N31534,0,undetected,__tpi_cp_349_N31534,__tpi_cp_349_N31534,__tpi_cp_349_N31534,sa0,1
71,__tpi_not_test_en->__tpi_cp_57_N11271 /1 undetected,input_edge,__tpi_not_test_en,__tpi_cp_57_N11271,__tpi_cp_57_N11271,1,undetected,__tpi_cp_57_N11271,__tpi_cp_57_N11271,__tpi_cp_57_N11271,sa1,1
72,N7264 /1 undetected,output,,N7264,N7264,1,undetected,N7264,N7264,N7264,sa1,1
73,N52998 /1 undetected,output,,N52998,N52998,1,undetected,N52998,N52998,N52998,sa1,1
74,N51419 /1 undetected,output,,N51419,N51419,1,undetected,N51419,N51419,N51419,sa1,1
75,N16046 /1 undetected,output,,N16046,N16046,1,undetected,N16046,N16046,N16046,sa1,1
76,N52775 /1 undetected,output,,N52775,N52775,1,undetected,N52775,N52775,N52775,sa1,1
77,N15927 /1 undetected,output,,N15927,N15927,1,undetected,N15927,N15927,N15927,sa1,1
78,N54295 /1 undetected,output,,N54295,N54295,1,undetected,N54295,N54295,N54295,sa1,1
79,__tpi_not_test_en->__tpi_cp_188_N11143 /1 undetected,input_edge,__tpi_not_test_en,__tpi_cp_188_N11143,__tpi_cp_188_N11143,1,undetected,__tpi_cp_188_N11143,__tpi_cp_188_N11143,__tpi_cp_188_N11143,sa1,1
80,test_en->__tpi_cp_229_N31524 /0 undetected,input_edge,test_en,__tpi_cp_229_N31524,__tpi_cp_229_N31524,0,undetected,__tpi_cp_229_N31524,__tpi_cp_229_N31524,__tpi_cp_229_N31524,sa0,1
81,test_en->__tpi_cp_217_N31523 /0 undetected,input_edge,test_en,__tpi_cp_217_N31523,__tpi_cp_217_N31523,0,undetected,__tpi_cp_217_N31523,__tpi_cp_217_N31523,__tpi_cp_217_N31523,sa0,1
82,N8928 /1 undetected,output,,N8928,N8928,1,undetected,N8928,N8928,N8928,sa1,1
83,N15775 /1 undetected,output,,N15775,N15775,1,undetected,N15775,N15775,N15775,sa1,1
84,N59882 /1 undetected,output,,N59882,N59882,1,undetected,N59882,N59882,N59882,sa1,1
85,N56781 /1 undetected,output,,N56781,N56781,1,undetected,N56781,N56781,N56781,sa1,1
86,N56338 /1 undetected,output,,N56338,N56338,1,undetected,N56338,N56338,N56338,sa1,1
87,N56380 /1 undetected,output,,N56380,N56380,1,undetected,N56380,N56380,N56380,sa1,1
88,__tpi_not_test_en->__tpi_cp_144_N15018 /1 undetected,input_edge,__tpi_not_test_en,__tpi_cp_144_N15018,__tpi_cp_144_N15018,1,undetected,__tpi_cp_144_N15018,__tpi_cp_144_N15018,__tpi_cp_144_N15018,sa1,1
89,N50782 /1 undetected,output,,N50782,N50782,1,undetected,N50782,N50782,N50782,sa1,1
90,N15098 /1 undetected,output,,N15098,N15098,1,undetected,N15098,N15098,N15098,sa1,1
91,N34242 /1 undetected,output,,N34242,N34242,1,undetected,N34242,N34242,N34242,sa1,1
92,N50648 /1 undetected,output,,N50648,N50648,1,undetected,N50648,N50648,N50648,sa1,1
93,test_en->__tpi_cp_115_N23258 /0 undetected,input_edge,test_en,__tpi_cp_115_N23258,__tpi_cp_115_N23258,0,undetected,__tpi_cp_115_N23258,__tpi_cp_115_N23258,__tpi_cp_115_N23258,sa0,1
94,N2715 /1 undetected,output,,N2715,N2715,1,undetected,N2715,N2715,N2715,sa1,1
95,N42777 /1 undetected,output,,N42777,N42777,1,undetected,N42777,N42777,N42777,sa1,1
96,__tpi_not_test_en->__tpi_cp_258_N31427 /1 undetected,input_edge,__tpi_not_test_en,__tpi_cp_258_N31427,__tpi_cp_258_N31427,1,undetected,__tpi_cp_258_N31427,__tpi_cp_258_N31427,__tpi_cp_258_N31427,sa1,1
97,__tpi_not_test_en->__tpi_cp_13_N12713 /1 undetected,input_edge,__tpi_not_test_en,__tpi_cp_13_N12713,__tpi_cp_13_N12713,1,undetected,__tpi_cp_13_N12713,__tpi_cp_13_N12713,__tpi_cp_13_N12713,sa1,1
98,test_en->__tpi_cp_403_N22991 /0 undetected,input_edge,test_en,__tpi_cp_403_N22991,__tpi_cp_403_N22991,0,undetected,__tpi_cp_403_N22991,__tpi_cp_403_N22991,__tpi_cp_403_N22991,sa0,1
99,N12877 /1 undetected,output,,N12877,N12877,1,undetected,N12877,N12877,N12877,sa1,1
100,N12876 /1 undetected,output,,N12876,N12876,1,undetected,N12876,N12876,N12876,sa1,1
101,N12875 /1 undetected,output,,N12875,N12875,1,undetected,N12875,N12875,N12875,sa1,1
102,N44701 /1 undetected,output,,N44701,N44701,1,undetected,N44701,N44701,N44701,sa1,1
103,N12725 /1 undetected,output,,N12725,N12725,1,undetected,N12725,N12725,N12725,sa1,1
104,N12874 /1 undetected,output,,N12874,N12874,1,undetected,N12874,N12874,N12874,sa1,1
105,N12873 /1 undetected,output,,N12873,N12873,1,undetected,N12873,N12873,N12873,sa1,1
106,N12872 /1 undetected,output,,N12872,N12872,1,undetected,N12872,N12872,N12872,sa1,1
107,N44703 /1 undetected,output,,N44703,N44703,1,undetected,N44703,N44703,N44703,sa1,1
108,N12762 /1 undetected,output,,N12762,N12762,1,undetected,N12762,N12762,N12762,sa1,1
109,N12871 /1 undetected,output,,N12871,N12871,1,undetected,N12871,N12871,N12871,sa1,1
110,N12865 /1 undetected,output,,N12865,N12865,1,undetected,N12865,N12865,N12865,sa1,1
111,N12862 /1 undetected,output,,N12862,N12862,1,undetected,N12862,N12862,N12862,sa1,1
112,N12861 /1 undetected,output,,N12861,N12861,1,undetected,N12861,N12861,N12861,sa1,1
113,N12860 /1 undetected,output,,N12860,N12860,1,undetected,N12860,N12860,N12860,sa1,1
114,N44714 /1 undetected,output,,N44714,N44714,1,undetected,N44714,N44714,N44714,sa1,1
115,N12729 /1 undetected,output,,N12729,N12729,1,undetected,N12729,N12729,N12729,sa1,1
116,N12859 /1 undetected,output,,N12859,N12859,1,undetected,N12859,N12859,N12859,sa1,1
117,N12858 /1 undetected,output,,N12858,N12858,1,undetected,N12858,N12858,N12858,sa1,1
118,N12857 /1 undetected,output,,N12857,N12857,1,undetected,N12857,N12857,N12857,sa1,1
119,N44716 /1 undetected,output,,N44716,N44716,1,undetected,N44716,N44716,N44716,sa1,1
120,N12754 /1 undetected,output,,N12754,N12754,1,undetected,N12754,N12754,N12754,sa1,1
121,N12856 /1 undetected,output,,N12856,N12856,1,undetected,N12856,N12856,N12856,sa1,1
122,N12850->N32561 /1 undetected,input_edge,N12850,N32561,N32561,1,undetected,N32561,N32561,N32561,sa1,1
123,N12792 /1 undetected,output,,N12792,N12792,1,undetected,N12792,N12792,N12792,sa1,1
124,N22996 /1 undetected,output,,N22996,N22996,1,undetected,N22996,N22996,N22996,sa1,1
125,N12852 /1 undetected,output,,N12852,N12852,1,undetected,N12852,N12852,N12852,sa1,1
126,N44654 /1 undetected,output,,N44654,N44654,1,undetected,N44654,N44654,N44654,sa1,1
127,N12731 /1 undetected,output,,N12731,N12731,1,undetected,N12731,N12731,N12731,sa1,1
128,N12851 /1 undetected,output,,N12851,N12851,1,undetected,N12851,N12851,N12851,sa1,1
129,N58044 /1 undetected,output,,N58044,N58044,1,undetected,N58044,N58044,N58044,sa1,1
130,N12790 /1 undetected,output,,N12790,N12790,1,undetected,N12790,N12790,N12790,sa1,1
131,N44658 /1 undetected,output,,N44658,N44658,1,undetected,N44658,N44658,N44658,sa1,1
132,N12750 /1 undetected,output,,N12750,N12750,1,undetected,N12750,N12750,N12750,sa1,1
133,N12793 /1 undetected,output,,N12793,N12793,1,undetected,N12793,N12793,N12793,sa1,1
134,N12855 /1 undetected,output,,N12855,N12855,1,undetected,N12855,N12855,N12855,sa1,1
135,N44652 /1 undetected,output,,N44652,N44652,1,undetected,N44652,N44652,N44652,sa1,1
136,N12755 /1 undetected,output,,N12755,N12755,1,undetected,N12755,N12755,N12755,sa1,1
137,N12854 /1 undetected,output,,N12854,N12854,1,undetected,N12854,N12854,N12854,sa1,1
138,N12853 /1 undetected,output,,N12853,N12853,1,undetected,N12853,N12853,N12853,sa1,1
139,N58055 /1 undetected,output,,N58055,N58055,1,undetected,N58055,N58055,N58055,sa1,1
140,N44719 /1 undetected,output,,N44719,N44719,1,undetected,N44719,N44719,N44719,sa1,1
141,N12791 /1 undetected,output,,N12791,N12791,1,undetected,N12791,N12791,N12791,sa1,1
142,N44656 /1 undetected,output,,N44656,N44656,1,undetected,N44656,N44656,N44656,sa1,1
143,N12730 /1 undetected,output,,N12730,N12730,1,undetected,N12730,N12730,N12730,sa1,1
144,N12816 /1 undetected,output,,N12816,N12816,1,undetected,N12816,N12816,N12816,sa1,1
145,N44650 /1 undetected,output,,N44650,N44650,1,undetected,N44650,N44650,N44650,sa1,1
146,N12756 /1 undetected,output,,N12756,N12756,1,undetected,N12756,N12756,N12756,sa1,1
147,N12813 /1 undetected,output,,N12813,N12813,1,undetected,N12813,N12813,N12813,sa1,1
148,N44648 /1 undetected,output,,N44648,N44648,1,undetected,N44648,N44648,N44648,sa1,1
149,N12757 /1 undetected,output,,N12757,N12757,1,undetected,N12757,N12757,N12757,sa1,1
150,N12794 /1 undetected,output,,N12794,N12794,1,undetected,N12794,N12794,N12794,sa1,1
151,N58039 /1 undetected,output,,N58039,N58039,1,undetected,N58039,N58039,N58039,sa1,1
152,N12795 /1 undetected,output,,N12795,N12795,1,undetected,N12795,N12795,N12795,sa1,1
153,N12864 /1 undetected,output,,N12864,N12864,1,undetected,N12864,N12864,N12864,sa1,1
154,N44710 /1 undetected,output,,N44710,N44710,1,undetected,N44710,N44710,N44710,sa1,1
155,N12759 /1 undetected,output,,N12759,N12759,1,undetected,N12759,N12759,N12759,sa1,1
156,N12863 /1 undetected,output,,N12863,N12863,1,undetected,N12863,N12863,N12863,sa1,1
157,N44712 /1 undetected,output,,N44712,N44712,1,undetected,N44712,N44712,N44712,sa1,1
158,N12728 /1 undetected,output,,N12728,N12728,1,undetected,N12728,N12728,N12728,sa1,1
159,N12798 /1 undetected,output,,N12798,N12798,1,undetected,N12798,N12798,N12798,sa1,1
160,N22997 /1 undetected,output,,N22997,N22997,1,undetected,N22997,N22997,N22997,sa1,1
161,N12868 /1 undetected,output,,N12868,N12868,1,undetected,N12868,N12868,N12868,sa1,1
162,N12867 /1 undetected,output,,N12867,N12867,1,undetected,N12867,N12867,N12867,sa1,1
163,N58057 /1 undetected,output,,N58057,N58057,1,undetected,N58057,N58057,N58057,sa1,1
164,N44706 /1 undetected,output,,N44706,N44706,1,undetected,N44706,N44706,N44706,sa1,1
165,N12797 /1 undetected,output,,N12797,N12797,1,undetected,N12797,N12797,N12797,sa1,1
166,N44644 /1 undetected,output,,N44644,N44644,1,undetected,N44644,N44644,N44644,sa1,1
167,N12726 /1 undetected,output,,N12726,N12726,1,undetected,N12726,N12726,N12726,sa1,1
168,N12866 /1 undetected,output,,N12866,N12866,1,undetected,N12866,N12866,N12866,sa1,1
169,N58040 /1 undetected,output,,N58040,N58040,1,undetected,N58040,N58040,N58040,sa1,1
170,N12796 /1 undetected,output,,N12796,N12796,1,undetected,N12796,N12796,N12796,sa1,1
171,N44646 /1 undetected,output,,N44646,N44646,1,undetected,N44646,N44646,N44646,sa1,1
172,N12758 /1 undetected,output,,N12758,N12758,1,undetected,N12758,N12758,N12758,sa1,1
173,N12799 /1 undetected,output,,N12799,N12799,1,undetected,N12799,N12799,N12799,sa1,1
174,N12870 /1 undetected,output,,N12870,N12870,1,undetected,N12870,N12870,N12870,sa1,1
175,N44640 /1 undetected,output,,N44640,N44640,1,undetected,N44640,N44640,N44640,sa1,1
176,N12763 /1 undetected,output,,N12763,N12763,1,undetected,N12763,N12763,N12763,sa1,1
177,N12869 /1 undetected,output,,N12869,N12869,1,undetected,N12869,N12869,N12869,sa1,1
178,N44642 /1 undetected,output,,N44642,N44642,1,undetected,N44642,N44642,N44642,sa1,1
179,N12727 /1 undetected,output,,N12727,N12727,1,undetected,N12727,N12727,N12727,sa1,1
180,N12812 /1 undetected,output,,N12812,N12812,1,undetected,N12812,N12812,N12812,sa1,1
181,N44638 /1 undetected,output,,N44638,N44638,1,undetected,N44638,N44638,N44638,sa1,1
182,N12764 /1 undetected,output,,N12764,N12764,1,undetected,N12764,N12764,N12764,sa1,1
183,N44636 /1 undetected,output,,N44636,N44636,1,undetected,N44636,N44636,N44636,sa1,1
184,N12765 /1 undetected,output,,N12765,N12765,1,undetected,N12765,N12765,N12765,sa1,1
185,N12800 /1 undetected,output,,N12800,N12800,1,undetected,N12800,N12800,N12800,sa1,1
186,N12879 /1 undetected,output,,N12879,N12879,1,undetected,N12879,N12879,N12879,sa1,1
187,N12878 /1 undetected,output,,N12878,N12878,1,undetected,N12878,N12878,N12878,sa1,1
188,N44699 /1 undetected,output,,N44699,N44699,1,undetected,N44699,N44699,N44699,sa1,1
189,N12724 /1 undetected,output,,N12724,N12724,1,undetected,N12724,N12724,N12724,sa1,1
190,N12887 /1 undetected,output,,N12887,N12887,1,undetected,N12887,N12887,N12887,sa1,1
191,N44634 /1 undetected,output,,N44634,N44634,1,undetected,N44634,N44634,N44634,sa1,1
192,N12766 /1 undetected,output,,N12766,N12766,1,undetected,N12766,N12766,N12766,sa1,1
193,N12722 /1 undetected,output,,N12722,N12722,1,undetected,N12722,N12722,N12722,sa1,1
194,N12723 /1 undetected,output,,N12723,N12723,1,undetected,N12723,N12723,N12723,sa1,1
195,N12888 /1 undetected,output,,N12888,N12888,1,undetected,N12888,N12888,N12888,sa1,1
196,N12904 /1 undetected,output,,N12904,N12904,1,undetected,N12904,N12904,N12904,sa1,1
197,N44679 /1 undetected,output,,N44679,N44679,1,undetected,N44679,N44679,N44679,sa1,1
198,N58053 /1 undetected,output,,N58053,N58053,1,undetected,N58053,N58053,N58053,sa1,1
199,N44747 /1 undetected,output,,N44747,N44747,1,undetected,N44747,N44747,N44747,sa1,1
200,N5923 /1 undetected,output,,N5923,N5923,1,undetected,N5923,N5923,N5923,sa1,1
201,N48913 /1 undetected,output,,N48913,N48913,1,undetected,N48913,N48913,N48913,sa1,1
202,N8974 /1 undetected,output,,N8974,N8974,1,undetected,N8974,N8974,N8974,sa1,1
203,N15821 /1 undetected,output,,N15821,N15821,1,undetected,N15821,N15821,N15821,sa1,1
204,__tpi_not_test_en->__tpi_cp_102_N8929 /1 undetected,input_edge,__tpi_not_test_en,__tpi_cp_102_N8929,__tpi_cp_102_N8929,1,undetected,__tpi_cp_102_N8929,__tpi_cp_102_N8929,__tpi_cp_102_N8929,sa1,1
205,N8909 /1 undetected,output,,N8909,N8909,1,undetected,N8909,N8909,N8909,sa1,1
206,N46903->N26268 /1 undetected,input_edge,N46903,N26268,N26268,1,undetected,N26268,N26268,N26268,sa1,1
207,N4001 /1 undetected,output,,N4001,N4001,1,undetected,N4001,N4001,N4001,sa1,1
208,__tpi_not_test_en->__tpi_cp_112_N15776 /1 undetected,input_edge,__tpi_not_test_en,__tpi_cp_112_N15776,__tpi_cp_112_N15776,1,undetected,__tpi_cp_112_N15776,__tpi_cp_112_N15776,__tpi_cp_112_N15776,sa1,1
209,test_en->__tpi_cp_357_N59887 /0 undetected,input_edge,test_en,__tpi_cp_357_N59887,__tpi_cp_357_N59887,0,undetected,__tpi_cp_357_N59887,__tpi_cp_357_N59887,__tpi_cp_357_N59887,sa0,1
210,__tpi_cp_357_N59887 /1 undetected,output,,__tpi_cp_357_N59887,__tpi_cp_357_N59887,1,undetected,__tpi_cp_357_N59887,__tpi_cp_357_N59887,__tpi_cp_357_N59887,sa1,1
211,N15756 /1 undetected,output,,N15756,N15756,1,undetected,N15756,N15756,N15756,sa1,1
212,N55551 /1 undetected,output,,N55551,N55551,1,undetected,N55551,N55551,N55551,sa1,1
213,N55534 /1 undetected,output,,N55534,N55534,1,undetected,N55534,N55534,N55534,sa1,1
214,N59886 /1 undetected,output,,N59886,N59886,1,undetected,N59886,N59886,N59886,sa1,1
215,N59869 /1 undetected,output,,N59869,N59869,1,undetected,N59869,N59869,N59869,sa1,1
216,N55550 /1 undetected,output,,N55550,N55550,1,undetected,N55550,N55550,N55550,sa1,1
217,test_en->__tpi_cp_361_N55552 /0 undetected,input_edge,test_en,__tpi_cp_361_N55552,__tpi_cp_361_N55552,0,undetected,__tpi_cp_361_N55552,__tpi_cp_361_N55552,__tpi_cp_361_N55552,sa0,1
218,__tpi_cp_361_N55552 /1 undetected,output,,__tpi_cp_361_N55552,__tpi_cp_361_N55552,1,undetected,__tpi_cp_361_N55552,__tpi_cp_361_N55552,__tpi_cp_361_N55552,sa1,1
219,test_en->__tpi_cp_155_N31518 /0 undetected,input_edge,test_en,__tpi_cp_155_N31518,__tpi_cp_155_N31518,0,undetected,__tpi_cp_155_N31518,__tpi_cp_155_N31518,__tpi_cp_155_N31518,sa0,1
220,__tpi_not_test_en->__tpi_cp_25_N11251 /1 undetected,input_edge,__tpi_not_test_en,__tpi_cp_25_N11251,__tpi_cp_25_N11251,1,undetected,__tpi_cp_25_N11251,__tpi_cp_25_N11251,__tpi_cp_25_N11251,sa1,1
221,__tpi_not_test_en->__tpi_cp_67_N11256 /1 undetected,input_edge,__tpi_not_test_en,__tpi_cp_67_N11256,__tpi_cp_67_N11256,1,undetected,__tpi_cp_67_N11256,__tpi_cp_67_N11256,__tpi_cp_67_N11256,sa1,1
222,N62134 /1 undetected,output,,N62134,N62134,1,undetected,N62134,N62134,N62134,sa1,1
223,N59885 /1 undetected,output,,N59885,N59885,1,undetected,N59885,N59885,N59885,sa1,1
224,N26267 /0 undetected,output,,N26267,N26267,0,undetected,N26267,N26267,N26267,sa0,1
225,__tpi_not_test_en->__tpi_cp_178_N11052 /1 undetected,input_edge,__tpi_not_test_en,__tpi_cp_178_N11052,__tpi_cp_178_N11052,1,undetected,__tpi_cp_178_N11052,__tpi_cp_178_N11052,__tpi_cp_178_N11052,sa1,1
226,test_en->__tpi_cp_291_N31679 /0 undetected,input_edge,test_en,__tpi_cp_291_N31679,__tpi_cp_291_N31679,0,undetected,__tpi_cp_291_N31679,__tpi_cp_291_N31679,__tpi_cp_291_N31679,sa0,1
227,test_en->__tpi_cp_111_N36763 /0 undetected,input_edge,test_en,__tpi_cp_111_N36763,__tpi_cp_111_N36763,0,undetected,__tpi_cp_111_N36763,__tpi_cp_111_N36763,__tpi_cp_111_N36763,sa0,1
228,N10484 /1 undetected,output,,N10484,N10484,1,undetected,N10484,N10484,N10484,sa1,1
229,N10363 /1 undetected,output,,N10363,N10363,1,undetected,N10363,N10363,N10363,sa1,1
230,N10477 /1 undetected,output,,N10477,N10477,1,undetected,N10477,N10477,N10477,sa1,1
231,N10474 /1 undetected,output,,N10474,N10474,1,undetected,N10474,N10474,N10474,sa1,1
232,N10473 /1 undetected,output,,N10473,N10473,1,undetected,N10473,N10473,N10473,sa1,1
233,N10472 /1 undetected,output,,N10472,N10472,1,undetected,N10472,N10472,N10472,sa1,1
234,N46277 /1 undetected,output,,N46277,N46277,1,undetected,N46277,N46277,N46277,sa1,1
235,N10328 /1 undetected,output,,N10328,N10328,1,undetected,N10328,N10328,N10328,sa1,1
236,N10471 /1 undetected,output,,N10471,N10471,1,undetected,N10471,N10471,N10471,sa1,1
237,N10470 /1 undetected,output,,N10470,N10470,1,undetected,N10470,N10470,N10470,sa1,1
238,N10469 /1 undetected,output,,N10469,N10469,1,undetected,N10469,N10469,N10469,sa1,1
239,N46213 /1 undetected,output,,N46213,N46213,1,undetected,N46213,N46213,N46213,sa1,1
240,N10355 /1 undetected,output,,N10355,N10355,1,undetected,N10355,N10355,N10355,sa1,1
241,N10468 /1 undetected,output,,N10468,N10468,1,undetected,N10468,N10468,N10468,sa1,1
242,N10462->N31005 /1 undetected,input_edge,N10462,N31005,N31005,1,undetected,N31005,N31005,N31005,sa1,1
243,N10391 /1 undetected,output,,N10391,N10391,1,undetected,N10391,N10391,N10391,sa1,1
244,N22834 /1 undetected,output,,N22834,N22834,1,undetected,N22834,N22834,N22834,sa1,1
245,N10464 /1 undetected,output,,N10464,N10464,1,undetected,N10464,N10464,N10464,sa1,1
246,N43944 /1 undetected,output,,N43944,N43944,1,undetected,N43944,N43944,N43944,sa1,1
247,N10343 /1 undetected,output,,N10343,N10343,1,undetected,N10343,N10343,N10343,sa1,1
248,N10463 /1 undetected,output,,N10463,N10463,1,undetected,N10463,N10463,N10463,sa1,1
249,N56396 /1 undetected,output,,N56396,N56396,1,undetected,N56396,N56396,N56396,sa1,1
250,N10389 /1 undetected,output,,N10389,N10389,1,undetected,N10389,N10389,N10389,sa1,1
251,N43448 /1 undetected,output,,N43448,N43448,1,undetected,N43448,N43448,N43448,sa1,1
252,N10351 /1 undetected,output,,N10351,N10351,1,undetected,N10351,N10351,N10351,sa1,1
253,N10392 /1 undetected,output,,N10392,N10392,1,undetected,N10392,N10392,N10392,sa1,1
254,N10467 /1 undetected,output,,N10467,N10467,1,undetected,N10467,N10467,N10467,sa1,1
255,N44312 /1 undetected,output,,N44312,N44312,1,undetected,N44312,N44312,N44312,sa1,1
256,N10356 /1 undetected,output,,N10356,N10356,1,undetected,N10356,N10356,N10356,sa1,1
257,N10466 /1 undetected,output,,N10466,N10466,1,undetected,N10466,N10466,N10466,sa1,1
258,N10465 /1 undetected,output,,N10465,N10465,1,undetected,N10465,N10465,N10465,sa1,1
259,N56413 /1 undetected,output,,N56413,N56413,1,undetected,N56413,N56413,N56413,sa1,1
260,N46146 /1 undetected,output,,N46146,N46146,1,undetected,N46146,N46146,N46146,sa1,1
261,N10390 /1 undetected,output,,N10390,N10390,1,undetected,N10390,N10390,N10390,sa1,1
262,N43503 /1 undetected,output,,N43503,N43503,1,undetected,N43503,N43503,N43503,sa1,1
263,N10342 /1 undetected,output,,N10342,N10342,1,undetected,N10342,N10342,N10342,sa1,1
264,N10428 /1 undetected,output,,N10428,N10428,1,undetected,N10428,N10428,N10428,sa1,1
265,N44264 /1 undetected,output,,N44264,N44264,1,undetected,N44264,N44264,N44264,sa1,1
266,N10357 /1 undetected,output,,N10357,N10357,1,undetected,N10357,N10357,N10357,sa1,1
267,N10425 /1 undetected,output,,N10425,N10425,1,undetected,N10425,N10425,N10425,sa1,1
268,N44047 /1 undetected,output,,N44047,N44047,1,undetected,N44047,N44047,N44047,sa1,1
269,N10358 /1 undetected,output,,N10358,N10358,1,undetected,N10358,N10358,N10358,sa1,1
270,N10393 /1 undetected,output,,N10393,N10393,1,undetected,N10393,N10393,N10393,sa1,1
271,N56391 /1 undetected,output,,N56391,N56391,1,undetected,N56391,N56391,N56391,sa1,1
272,N10394 /1 undetected,output,,N10394,N10394,1,undetected,N10394,N10394,N10394,sa1,1
273,N10476 /1 undetected,output,,N10476,N10476,1,undetected,N10476,N10476,N10476,sa1,1
274,N46402 /1 undetected,output,,N46402,N46402,1,undetected,N46402,N46402,N46402,sa1,1
275,N10360 /1 undetected,output,,N10360,N10360,1,undetected,N10360,N10360,N10360,sa1,1
276,N10475 /1 undetected,output,,N10475,N10475,1,undetected,N10475,N10475,N10475,sa1,1
277,N46337 /1 undetected,output,,N46337,N46337,1,undetected,N46337,N46337,N46337,sa1,1
278,N10327 /1 undetected,output,,N10327,N10327,1,undetected,N10327,N10327,N10327,sa1,1
279,N10479 /1 undetected,output,,N10479,N10479,1,undetected,N10479,N10479,N10479,sa1,1
280,N56415 /1 undetected,output,,N56415,N56415,1,undetected,N56415,N56415,N56415,sa1,1
281,N10396 /1 undetected,output,,N10396,N10396,1,undetected,N10396,N10396,N10396,sa1,1
282,N43798 /1 undetected,output,,N43798,N43798,1,undetected,N43798,N43798,N43798,sa1,1
283,N10325 /1 undetected,output,,N10325,N10325,1,undetected,N10325,N10325,N10325,sa1,1
284,N10478 /1 undetected,output,,N10478,N10478,1,undetected,N10478,N10478,N10478,sa1,1
285,N10395 /1 undetected,output,,N10395,N10395,1,undetected,N10395,N10395,N10395,sa1,1
286,N43995 /1 undetected,output,,N43995,N43995,1,undetected,N43995,N43995,N43995,sa1,1
287,N10359 /1 undetected,output,,N10359,N10359,1,undetected,N10359,N10359,N10359,sa1,1
288,N10398 /1 undetected,output,,N10398,N10398,1,undetected,N10398,N10398,N10398,sa1,1
289,N10482 /1 undetected,output,,N10482,N10482,1,undetected,N10482,N10482,N10482,sa1,1
290,N44363 /1 undetected,output,,N44363,N44363,1,undetected,N44363,N44363,N44363,sa1,1
291,N10481 /1 undetected,output,,N10481,N10481,1,undetected,N10481,N10481,N10481,sa1,1
292,N44412 /1 undetected,output,,N44412,N44412,1,undetected,N44412,N44412,N44412,sa1,1
293,N10326 /1 undetected,output,,N10326,N10326,1,undetected,N10326,N10326,N10326,sa1,1
294,N10399 /1 undetected,output,,N10399,N10399,1,undetected,N10399,N10399,N10399,sa1,1
295,N56442 /1 undetected,output,,N56442,N56442,1,undetected,N56442,N56442,N56442,sa1,1
296,N10424 /1 undetected,output,,N10424,N10424,1,undetected,N10424,N10424,N10424,sa1,1
297,N10365 /1 undetected,output,,N10365,N10365,1,undetected,N10365,N10365,N10365,sa1,1
298,N10415 /1 undetected,output,,N10415,N10415,1,undetected,N10415,N10415,N10415,sa1,1
299,N22823 /1 undetected,output,,N22823,N22823,1,undetected,N22823,N22823,N22823,sa1,1
300,N10487 /1 undetected,output,,N10487,N10487,1,undetected,N10487,N10487,N10487,sa1,1
301,N10323 /1 undetected,output,,N10323,N10323,1,undetected,N10323,N10323,N10323,sa1,1
302,N10486 /1 undetected,output,,N10486,N10486,1,undetected,N10486,N10486,N10486,sa1,1
303,N56443 /1 undetected,output,,N56443,N56443,1,undetected,N56443,N56443,N56443,sa1,1
304,N47696 /1 undetected,output,,N47696,N47696,1,undetected,N47696,N47696,N47696,sa1,1
305,N10320 /1 undetected,output,,N10320,N10320,1,undetected,N10320,N10320,N10320,sa1,1
306,N10414 /1 undetected,output,,N10414,N10414,1,undetected,N10414,N10414,N10414,sa1,1
307,N10412 /1 undetected,output,,N10412,N10412,1,undetected,N10412,N10412,N10412,sa1,1
308,N10367 /1 undetected,output,,N10367,N10367,1,undetected,N10367,N10367,N10367,sa1,1
309,N43645 /1 undetected,output,,N43645,N43645,1,undetected,N43645,N43645,N43645,sa1,1
310,N8978 /1 undetected,output,,N8978,N8978,1,undetected,N8978,N8978,N8978,sa1,1
311,N28639 /0 undetected,output,,N28639,N28639,0,undetected,N28639,N28639,N28639,sa0,1
312,N15825 /1 undetected,output,,N15825,N15825,1,undetected,N15825,N15825,N15825,sa1,1
313,__tpi_not_test_en->__tpi_cp_77_N8908 /1 undetected,input_edge,__tpi_not_test_en,__tpi_cp_77_N8908,__tpi_cp_77_N8908,1,undetected,__tpi_cp_77_N8908,__tpi_cp_77_N8908,__tpi_cp_77_N8908,sa1,1
314,test_en->__tpi_cp_179_N55614 /0 undetected,input_edge,test_en,__tpi_cp_179_N55614,__tpi_cp_179_N55614,0,undetected,__tpi_cp_179_N55614,__tpi_cp_179_N55614,__tpi_cp_179_N55614,sa0,1
315,N55557 /1 undetected,output,,N55557,N55557,1,undetected,N55557,N55557,N55557,sa1,1
316,N8910 /1 undetected,output,,N8910,N8910,1,undetected,N8910,N8910,N8910,sa1,1
317,test_en->__tpi_cp_38_N21207 /0 undetected,input_edge,test_en,__tpi_cp_38_N21207,__tpi_cp_38_N21207,0,undetected,__tpi_cp_38_N21207,__tpi_cp_38_N21207,__tpi_cp_38_N21207,sa0,1
318,N1679 /1 undetected,output,,N1679,N1679,1,undetected,N1679,N1679,N1679,sa1,1
319,N4000 /1 undetected,output,,N4000,N4000,1,undetected,N4000,N4000,N4000,sa1,1
320,__tpi_not_test_en->__tpi_cp_228_N26266 /1 undetected,input_edge,__tpi_not_test_en,__tpi_cp_228_N26266,__tpi_cp_228_N26266,1,undetected,__tpi_cp_228_N26266,__tpi_cp_228_N26266,__tpi_cp_228_N26266,sa1,1
321,N45073 /1 undetected,output,,N45073,N45073,1,undetected,N45073,N45073,N45073,sa1,1
322,N2539 /1 undetected,output,,N2539,N2539,1,undetected,N2539,N2539,N2539,sa1,1
323,N3998 /1 undetected,output,,N3998,N3998,1,undetected,N3998,N3998,N3998,sa1,1
324,N47738 /1 undetected,output,,N47738,N47738,1,undetected,N47738,N47738,N47738,sa1,1
325,N43309 /1 undetected,output,,N43309,N43309,1,undetected,N43309,N43309,N43309,sa1,1
326,N3997 /1 undetected,output,,N3997,N3997,1,undetected,N3997,N3997,N3997,sa1,1
327,__tpi_not_test_en->__tpi_cp_218_N26263 /1 undetected,input_edge,__tpi_not_test_en,__tpi_cp_218_N26263,__tpi_cp_218_N26263,1,undetected,__tpi_cp_218_N26263,__tpi_cp_218_N26263,__tpi_cp_218_N26263,sa1,1
328,N45069 /1 undetected,output,,N45069,N45069,1,undetected,N45069,N45069,N45069,sa1,1
329,N2521 /1 undetected,output,,N2521,N2521,1,undetected,N2521,N2521,N2521,sa1,1
330,N3995 /1 undetected,output,,N3995,N3995,1,undetected,N3995,N3995,N3995,sa1,1
331,N47750 /1 undetected,output,,N47750,N47750,1,undetected,N47750,N47750,N47750,sa1,1
332,N43169 /1 undetected,output,,N43169,N43169,1,undetected,N43169,N43169,N43169,sa1,1
333,N21202 /1 undetected,output,,N21202,N21202,1,undetected,N21202,N21202,N21202,sa1,1
334,test_en->__tpi_cp_85_N21201 /0 undetected,input_edge,test_en,__tpi_cp_85_N21201,__tpi_cp_85_N21201,0,undetected,__tpi_cp_85_N21201,__tpi_cp_85_N21201,__tpi_cp_85_N21201,sa0,1
335,__tpi_cp_85_N21201 /1 undetected,output,,__tpi_cp_85_N21201,__tpi_cp_85_N21201,1,undetected,__tpi_cp_85_N21201,__tpi_cp_85_N21201,__tpi_cp_85_N21201,sa1,1
336,N1683 /1 undetected,output,,N1683,N1683,1,undetected,N1683,N1683,N1683,sa1,1
337,N3928 /1 undetected,output,,N3928,N3928,1,undetected,N3928,N3928,N3928,sa1,1
338,__tpi_not_test_en->__tpi_cp_290_N26194 /1 undetected,input_edge,__tpi_not_test_en,__tpi_cp_290_N26194,__tpi_cp_290_N26194,1,undetected,__tpi_cp_290_N26194,__tpi_cp_290_N26194,__tpi_cp_290_N26194,sa1,1
339,N45057 /1 undetected,output,,N45057,N45057,1,undetected,N45057,N45057,N45057,sa1,1
340,N2464 /1 undetected,output,,N2464,N2464,1,undetected,N2464,N2464,N2464,sa1,1
341,N3926 /1 undetected,output,,N3926,N3926,1,undetected,N3926,N3926,N3926,sa1,1
342,N47395 /1 undetected,output,,N47395,N47395,1,undetected,N47395,N47395,N47395,sa1,1
343,N43218 /1 undetected,output,,N43218,N43218,1,undetected,N43218,N43218,N43218,sa1,1
344,N3925 /1 undetected,output,,N3925,N3925,1,undetected,N3925,N3925,N3925,sa1,1
345,__tpi_not_test_en->__tpi_cp_292_N26191 /1 undetected,input_edge,__tpi_not_test_en,__tpi_cp_292_N26191,__tpi_cp_292_N26191,1,undetected,__tpi_cp_292_N26191,__tpi_cp_292_N26191,__tpi_cp_292_N26191,sa1,1
346,N45053 /1 undetected,output,,N45053,N45053,1,undetected,N45053,N45053,N45053,sa1,1
347,N2445 /1 undetected,output,,N2445,N2445,1,undetected,N2445,N2445,N2445,sa1,1
348,N3923 /1 undetected,output,,N3923,N3923,1,undetected,N3923,N3923,N3923,sa1,1
349,N47441 /1 undetected,output,,N47441,N47441,1,undetected,N47441,N47441,N47441,sa1,1
350,N43265 /1 undetected,output,,N43265,N43265,1,undetected,N43265,N43265,N43265,sa1,1
351,N1682 /1 undetected,output,,N1682,N1682,1,undetected,N1682,N1682,N1682,sa1,1
352,N21200 /1 undetected,output,,N21200,N21200,1,undetected,N21200,N21200,N21200,sa1,1
353,__tpi_not_test_en->__tpi_cp_252_N21199 /1 undetected,input_edge,__tpi_not_test_en,__tpi_cp_252_N21199,__tpi_cp_252_N21199,1,undetected,__tpi_cp_252_N21199,__tpi_cp_252_N21199,__tpi_cp_252_N21199,sa1,1
354,__tpi_cp_252_N21199 /1 undetected,output,,__tpi_cp_252_N21199,__tpi_cp_252_N21199,1,undetected,__tpi_cp_252_N21199,__tpi_cp_252_N21199,__tpi_cp_252_N21199,sa1,1
355,N21199 /1 undetected,output,,N21199,N21199,1,undetected,N21199,N21199,N21199,sa1,1
356,N3922 /1 undetected,output,,N3922,N3922,1,undetected,N3922,N3922,N3922,sa1,1
357,N45041 /1 undetected,output,,N45041,N45041,1,undetected,N45041,N45041,N45041,sa1,1
358,N2388 /1 undetected,output,,N2388,N2388,1,undetected,N2388,N2388,N2388,sa1,1
359,N3920 /1 undetected,output,,N3920,N3920,1,undetected,N3920,N3920,N3920,sa1,1
360,N47588 /1 undetected,output,,N47588,N47588,1,undetected,N47588,N47588,N47588,sa1,1
361,N43378 /1 undetected,output,,N43378,N43378,1,undetected,N43378,N43378,N43378,sa1,1
362,N3919 /1 undetected,output,,N3919,N3919,1,undetected,N3919,N3919,N3919,sa1,1
363,N45037 /1 undetected,output,,N45037,N45037,1,undetected,N45037,N45037,N45037,sa1,1
364,N2369 /1 undetected,output,,N2369,N2369,1,undetected,N2369,N2369,N2369,sa1,1
365,N3917 /1 undetected,output,,N3917,N3917,1,undetected,N3917,N3917,N3917,sa1,1
366,N47634 /1 undetected,output,,N47634,N47634,1,undetected,N47634,N47634,N47634,sa1,1
367,N44088 /1 undetected,output,,N44088,N44088,1,undetected,N44088,N44088,N44088,sa1,1
368,N3916 /1 undetected,output,,N3916,N3916,1,undetected,N3916,N3916,N3916,sa1,1
369,test_en->__tpi_cp_341_N26182 /0 undetected,input_edge,test_en,__tpi_cp_341_N26182,__tpi_cp_341_N26182,0,undetected,__tpi_cp_341_N26182,__tpi_cp_341_N26182,__tpi_cp_341_N26182,sa0,1
370,N26182 /0 undetected,output,,N26182,N26182,0,undetected,N26182,N26182,N26182,sa0,1
371,N45045 /1 undetected,output,,N45045,N45045,1,undetected,N45045,N45045,N45045,sa1,1
372,N2407 /1 undetected,output,,N2407,N2407,1,undetected,N2407,N2407,N2407,sa1,1
373,N3914 /1 undetected,output,,N3914,N3914,1,undetected,N3914,N3914,N3914,sa1,1
374,N47534 /1 undetected,output,,N47534,N47534,1,undetected,N47534,N47534,N47534,sa1,1
375,N43633 /1 undetected,output,,N43633,N43633,1,undetected,N43633,N43633,N43633,sa1,1
376,N3913 /1 undetected,output,,N3913,N3913,1,undetected,N3913,N3913,N3913,sa1,1
377,__tpi_not_test_en->__tpi_cp_282_N26179 /1 undetected,input_edge,__tpi_not_test_en,__tpi_cp_282_N26179,__tpi_cp_282_N26179,1,undetected,__tpi_cp_282_N26179,__tpi_cp_282_N26179,__tpi_cp_282_N26179,sa1,1
378,N45049 /1 undetected,output,,N45049,N45049,1,undetected,N45049,N45049,N45049,sa1,1
379,N2426 /1 undetected,output,,N2426,N2426,1,undetected,N2426,N2426,N2426,sa1,1
380,N3911 /1 undetected,output,,N3911,N3911,1,undetected,N3911,N3911,N3911,sa1,1
381,N47492 /1 undetected,output,,N47492,N47492,1,undetected,N47492,N47492,N47492,sa1,1
382,N43590 /1 undetected,output,,N43590,N43590,1,undetected,N43590,N43590,N43590,sa1,1
383,N3910 /1 undetected,output,,N3910,N3910,1,undetected,N3910,N3910,N3910,sa1,1
384,__tpi_not_test_en->__tpi_cp_222_N26176 /1 undetected,input_edge,__tpi_not_test_en,__tpi_cp_222_N26176,__tpi_cp_222_N26176,1,undetected,__tpi_cp_222_N26176,__tpi_cp_222_N26176,__tpi_cp_222_N26176,sa1,1
385,N45061 /1 undetected,output,,N45061,N45061,1,undetected,N45061,N45061,N45061,sa1,1
386,N2483 /1 undetected,output,,N2483,N2483,1,undetected,N2483,N2483,N2483,sa1,1
387,N3908 /1 undetected,output,,N3908,N3908,1,undetected,N3908,N3908,N3908,sa1,1
388,N47344 /1 undetected,output,,N47344,N47344,1,undetected,N47344,N47344,N47344,sa1,1
389,N43073 /1 undetected,output,,N43073,N43073,1,undetected,N43073,N43073,N43073,sa1,1
390,N3907 /1 undetected,output,,N3907,N3907,1,undetected,N3907,N3907,N3907,sa1,1
391,test_en->__tpi_cp_337_N26172 /0 undetected,input_edge,test_en,__tpi_cp_337_N26172,__tpi_cp_337_N26172,0,undetected,__tpi_cp_337_N26172,__tpi_cp_337_N26172,__tpi_cp_337_N26172,sa0,1
392,N45065 /1 undetected,output,,N45065,N45065,1,undetected,N45065,N45065,N45065,sa1,1
393,N2502 /1 undetected,output,,N2502,N2502,1,undetected,N2502,N2502,N2502,sa1,1
394,N3905 /1 undetected,output,,N3905,N3905,1,undetected,N3905,N3905,N3905,sa1,1
395,N47294 /1 undetected,output,,N47294,N47294,1,undetected,N47294,N47294,N47294,sa1,1
396,N43123 /1 undetected,output,,N43123,N43123,1,undetected,N43123,N43123,N43123,sa1,1
397,test_en->__tpi_cp_181_N59947 /0 undetected,input_edge,test_en,__tpi_cp_181_N59947,__tpi_cp_181_N59947,0,undetected,__tpi_cp_181_N59947,__tpi_cp_181_N59947,__tpi_cp_181_N59947,sa0,1
398,N59892 /1 undetected,output,,N59892,N59892,1,undetected,N59892,N59892,N59892,sa1,1
399,N15757 /1 undetected,output,,N15757,N15757,1,undetected,N15757,N15757,N15757,sa1,1
400,__tpi_not_test_en->__tpi_cp_194_N31530 /1 undetected,input_edge,__tpi_not_test_en,__tpi_cp_194_N31530,__tpi_cp_194_N31530,1,undetected,__tpi_cp_194_N31530,__tpi_cp_194_N31530,__tpi_cp_194_N31530,sa1,1
401,N55556 /1 undetected,output,,N55556,N55556,1,undetected,N55556,N55556,N55556,sa1,1
402,N55531 /1 undetected,output,,N55531,N55531,1,undetected,N55531,N55531,N55531,sa1,1
403,N5010 /1 undetected,output,,N5010,N5010,1,undetected,N5010,N5010,N5010,sa1,1
404,__tpi_not_test_en->__tpi_cp_82_N11319 /1 undetected,input_edge,__tpi_not_test_en,__tpi_cp_82_N11319,__tpi_cp_82_N11319,1,undetected,__tpi_cp_82_N11319,__tpi_cp_82_N11319,__tpi_cp_82_N11319,sa1,1
405,N7199 /1 undetected,output,,N7199,N7199,1,undetected,N7199,N7199,N7199,sa1,1
406,__tpi_not_test_en->__tpi_cp_190_N28574 /1 undetected,input_edge,__tpi_not_test_en,__tpi_cp_190_N28574,__tpi_cp_190_N28574,1,undetected,__tpi_cp_190_N28574,__tpi_cp_190_N28574,__tpi_cp_190_N28574,sa1,1
407,N51181 /1 undetected,output,,N51181,N51181,1,undetected,N51181,N51181,N51181,sa1,1
408,N5765 /1 undetected,output,,N5765,N5765,1,undetected,N5765,N5765,N5765,sa1,1
409,N7197 /1 undetected,output,,N7197,N7197,1,undetected,N7197,N7197,N7197,sa1,1
410,N53713 /1 undetected,output,,N53713,N53713,1,undetected,N53713,N53713,N53713,sa1,1
411,N49309 /1 undetected,output,,N49309,N49309,1,undetected,N49309,N49309,N49309,sa1,1
412,test_en->__tpi_cp_78_N22092 /0 undetected,input_edge,test_en,__tpi_cp_78_N22092,__tpi_cp_78_N22092,0,undetected,__tpi_cp_78_N22092,__tpi_cp_78_N22092,__tpi_cp_78_N22092,sa0,1
413,__tpi_cp_78_N22092 /1 undetected,output,,__tpi_cp_78_N22092,__tpi_cp_78_N22092,1,undetected,__tpi_cp_78_N22092,__tpi_cp_78_N22092,__tpi_cp_78_N22092,sa1,1
414,N4941 /1 undetected,output,,N4941,N4941,1,undetected,N4941,N4941,N4941,sa1,1
415,N22085 /1 undetected,output,,N22085,N22085,1,undetected,N22085,N22085,N22085,sa1,1
416,N4940 /1 undetected,output,,N4940,N4940,1,undetected,N4940,N4940,N4940,sa1,1
417,test_en->__tpi_cp_209_N22084 /0 undetected,input_edge,test_en,__tpi_cp_209_N22084,__tpi_cp_209_N22084,0,undetected,__tpi_cp_209_N22084,__tpi_cp_209_N22084,__tpi_cp_209_N22084,sa0,1
418,__tpi_cp_209_N22084 /1 undetected,output,,__tpi_cp_209_N22084,__tpi_cp_209_N22084,1,undetected,__tpi_cp_209_N22084,__tpi_cp_209_N22084,__tpi_cp_209_N22084,sa1,1
419,N7241 /1 undetected,output,,N7241,N7241,1,undetected,N7241,N7241,N7241,sa1,1
420,N7240 /1 undetected,output,,N7240,N7240,1,undetected,N7240,N7240,N7240,sa1,1
421,N51656 /1 undetected,output,,N51656,N51656,1,undetected,N51656,N51656,N51656,sa1,1
422,N49643 /1 undetected,output,,N49643,N49643,1,undetected,N49643,N49643,N49643,sa1,1
423,N6832 /1 undetected,output,,N6832,N6832,1,undetected,N6832,N6832,N6832,sa1,1
424,N5233 /1 undetected,output,,N5233,N5233,1,undetected,N5233,N5233,N5233,sa1,1
425,N7238 /1 undetected,output,,N7238,N7238,1,undetected,N7238,N7238,N7238,sa1,1
426,N7237 /1 undetected,output,,N7237,N7237,1,undetected,N7237,N7237,N7237,sa1,1
427,N51792 /1 undetected,output,,N51792,N51792,1,undetected,N51792,N51792,N51792,sa1,1
428,N49788 /1 undetected,output,,N49788,N49788,1,undetected,N49788,N49788,N49788,sa1,1
429,N6846 /1 undetected,output,,N6846,N6846,1,undetected,N6846,N6846,N6846,sa1,1
430,N5271 /1 undetected,output,,N5271,N5271,1,undetected,N5271,N5271,N5271,sa1,1
431,N7244 /1 undetected,output,,N7244,N7244,1,undetected,N7244,N7244,N7244,sa1,1
432,__tpi_not_test_en->__tpi_cp_268_N28619 /1 undetected,input_edge,__tpi_not_test_en,__tpi_cp_268_N28619,__tpi_cp_268_N28619,1,undetected,__tpi_cp_268_N28619,__tpi_cp_268_N28619,__tpi_cp_268_N28619,sa1,1
433,N7243 /1 undetected,output,,N7243,N7243,1,undetected,N7243,N7243,N7243,sa1,1
434,N51589 /1 undetected,output,,N51589,N51589,1,undetected,N51589,N51589,N51589,sa1,1
435,N49843 /1 undetected,output,,N49843,N49843,1,undetected,N49843,N49843,N49843,sa1,1
436,N6825 /1 undetected,output,,N6825,N6825,1,undetected,N6825,N6825,N6825,sa1,1
437,N5211 /1 undetected,output,,N5211,N5211,1,undetected,N5211,N5211,N5211,sa1,1
438,N4939 /1 undetected,output,,N4939,N4939,1,undetected,N4939,N4939,N4939,sa1,1
439,test_en->__tpi_cp_201_N22083 /0 undetected,input_edge,test_en,__tpi_cp_201_N22083,__tpi_cp_201_N22083,0,undetected,__tpi_cp_201_N22083,__tpi_cp_201_N22083,__tpi_cp_201_N22083,sa0,1
440,__tpi_cp_201_N22083 /1 undetected,output,,__tpi_cp_201_N22083,__tpi_cp_201_N22083,1,undetected,__tpi_cp_201_N22083,__tpi_cp_201_N22083,__tpi_cp_201_N22083,sa1,1
441,N7232 /1 undetected,output,,N7232,N7232,1,undetected,N7232,N7232,N7232,sa1,1
442,N7231 /1 undetected,output,,N7231,N7231,1,undetected,N7231,N7231,N7231,sa1,1
443,N51929 /1 undetected,output,,N51929,N51929,1,undetected,N51929,N51929,N51929,sa1,1
444,N49941 /1 undetected,output,,N49941,N49941,1,undetected,N49941,N49941,N49941,sa1,1
445,N6860 /1 undetected,output,,N6860,N6860,1,undetected,N6860,N6860,N6860,sa1,1
446,N5309 /1 undetected,output,,N5309,N5309,1,undetected,N5309,N5309,N5309,sa1,1
447,N7229 /1 undetected,output,,N7229,N7229,1,undetected,N7229,N7229,N7229,sa1,1
448,N7228 /1 undetected,output,,N7228,N7228,1,undetected,N7228,N7228,N7228,sa1,1
449,N51856 /1 undetected,output,,N51856,N51856,1,undetected,N51856,N51856,N51856,sa1,1
450,N49988 /1 undetected,output,,N49988,N49988,1,undetected,N49988,N49988,N49988,sa1,1
451,N6853 /1 undetected,output,,N6853,N6853,1,undetected,N6853,N6853,N6853,sa1,1
452,N5290 /1 undetected,output,,N5290,N5290,1,undetected,N5290,N5290,N5290,sa1,1
453,N7235 /1 undetected,output,,N7235,N7235,1,undetected,N7235,N7235,N7235,sa1,1
454,__tpi_not_test_en->__tpi_cp_244_N28610 /1 undetected,input_edge,__tpi_not_test_en,__tpi_cp_244_N28610,__tpi_cp_244_N28610,1,undetected,__tpi_cp_244_N28610,__tpi_cp_244_N28610,__tpi_cp_244_N28610,sa1,1
455,N7234 /1 undetected,output,,N7234,N7234,1,undetected,N7234,N7234,N7234,sa1,1
456,N52249 /1 undetected,output,,N52249,N52249,1,undetected,N52249,N52249,N52249,sa1,1
457,N50039 /1 undetected,output,,N50039,N50039,1,undetected,N50039,N50039,N50039,sa1,1
458,N6895 /1 undetected,output,,N6895,N6895,1,undetected,N6895,N6895,N6895,sa1,1
459,N5404 /1 undetected,output,,N5404,N5404,1,undetected,N5404,N5404,N5404,sa1,1
460,N7226 /1 undetected,output,,N7226,N7226,1,undetected,N7226,N7226,N7226,sa1,1
461,__tpi_not_test_en->__tpi_cp_162_N28601 /1 undetected,input_edge,__tpi_not_test_en,__tpi_cp_162_N28601,__tpi_cp_162_N28601,1,undetected,__tpi_cp_162_N28601,__tpi_cp_162_N28601,__tpi_cp_162_N28601,sa1,1
462,N7225 /1 undetected,output,,N7225,N7225,1,undetected,N7225,N7225,N7225,sa1,1
463,N52506 /1 undetected,output,,N52506,N52506,1,undetected,N52506,N52506,N52506,sa1,1
464,N50090 /1 undetected,output,,N50090,N50090,1,undetected,N50090,N50090,N50090,sa1,1
465,N6923 /1 undetected,output,,N6923,N6923,1,undetected,N6923,N6923,N6923,sa1,1
466,N5480 /1 undetected,output,,N5480,N5480,1,undetected,N5480,N5480,N5480,sa1,1
467,N4937 /1 undetected,output,,N4937,N4937,1,undetected,N4937,N4937,N4937,sa1,1
468,N4938 /1 undetected,output,,N4938,N4938,1,undetected,N4938,N4938,N4938,sa1,1
469,N22082 /1 undetected,output,,N22082,N22082,1,undetected,N22082,N22082,N22082,sa1,1
470,test_en->__tpi_cp_227_N22081 /0 undetected,input_edge,test_en,__tpi_cp_227_N22081,__tpi_cp_227_N22081,0,undetected,__tpi_cp_227_N22081,__tpi_cp_227_N22081,__tpi_cp_227_N22081,sa0,1
471,__tpi_cp_227_N22081 /1 undetected,output,,__tpi_cp_227_N22081,__tpi_cp_227_N22081,1,undetected,__tpi_cp_227_N22081,__tpi_cp_227_N22081,__tpi_cp_227_N22081,sa1,1
472,N7214 /1 undetected,output,,N7214,N7214,1,undetected,N7214,N7214,N7214,sa1,1
473,N7213 /1 undetected,output,,N7213,N7213,1,undetected,N7213,N7213,N7213,sa1,1
474,N52443 /1 undetected,output,,N52443,N52443,1,undetected,N52443,N52443,N52443,sa1,1
475,N50141 /1 undetected,output,,N50141,N50141,1,undetected,N50141,N50141,N50141,sa1,1
476,N6916 /1 undetected,output,,N6916,N6916,1,undetected,N6916,N6916,N6916,sa1,1
477,N5461 /1 undetected,output,,N5461,N5461,1,undetected,N5461,N5461,N5461,sa1,1
478,N7211 /1 undetected,output,,N7211,N7211,1,undetected,N7211,N7211,N7211,sa1,1
479,N7210 /1 undetected,output,,N7210,N7210,1,undetected,N7210,N7210,N7210,sa1,1
480,N51484 /1 undetected,output,,N51484,N51484,1,undetected,N51484,N51484,N51484,sa1,1
481,N50287 /1 undetected,output,,N50287,N50287,1,undetected,N50287,N50287,N50287,sa1,1
482,N6799 /1 undetected,output,,N6799,N6799,1,undetected,N6799,N6799,N6799,sa1,1
483,N5214 /1 undetected,output,,N5214,N5214,1,undetected,N5214,N5214,N5214,sa1,1
484,N7208 /1 undetected,output,,N7208,N7208,1,undetected,N7208,N7208,N7208,sa1,1
485,__tpi_not_test_en->__tpi_cp_278_N28583 /1 undetected,input_edge,__tpi_not_test_en,__tpi_cp_278_N28583,__tpi_cp_278_N28583,1,undetected,__tpi_cp_278_N28583,__tpi_cp_278_N28583,__tpi_cp_278_N28583,sa1,1
486,N7207 /1 undetected,output,,N7207,N7207,1,undetected,N7207,N7207,N7207,sa1,1
487,N51536 /1 undetected,output,,N51536,N51536,1,undetected,N51536,N51536,N51536,sa1,1
488,N50322 /1 undetected,output,,N50322,N50322,1,undetected,N50322,N50322,N50322,sa1,1
489,N6816 /1 undetected,output,,N6816,N6816,1,undetected,N6816,N6816,N6816,sa1,1
490,N5193 /1 undetected,output,,N5193,N5193,1,undetected,N5193,N5193,N5193,sa1,1
491,__tpi_not_test_en->__tpi_cp_186_N7205 /1 undetected,input_edge,__tpi_not_test_en,__tpi_cp_186_N7205,__tpi_cp_186_N7205,1,undetected,__tpi_cp_186_N7205,__tpi_cp_186_N7205,__tpi_cp_186_N7205,sa1,1
492,__tpi_cp_186_N7205 /1 undetected,output,,__tpi_cp_186_N7205,__tpi_cp_186_N7205,1,undetected,__tpi_cp_186_N7205,__tpi_cp_186_N7205,__tpi_cp_186_N7205,sa1,1
493,N7205 /1 undetected,output,,N7205,N7205,1,undetected,N7205,N7205,N7205,sa1,1
494,N7204 /1 undetected,output,,N7204,N7204,1,undetected,N7204,N7204,N7204,sa1,1
495,test_en->__tpi_cp_339_N28579 /0 undetected,input_edge,test_en,__tpi_cp_339_N28579,__tpi_cp_339_N28579,0,undetected,__tpi_cp_339_N28579,__tpi_cp_339_N28579,__tpi_cp_339_N28579,sa0,1
496,N28579 /0 undetected,output,,N28579,N28579,0,undetected,N28579,N28579,N28579,sa0,1
497,N52382 /1 undetected,output,,N52382,N52382,1,undetected,N52382,N52382,N52382,sa1,1
498,N50365 /1 undetected,output,,N50365,N50365,1,undetected,N50365,N50365,N50365,sa1,1
499,test_en->__tpi_cp_333_N28578 /0 undetected,input_edge,test_en,__tpi_cp_333_N28578,__tpi_cp_333_N28578,0,undetected,__tpi_cp_333_N28578,__tpi_cp_333_N28578,__tpi_cp_333_N28578,sa0,1
500,N6909 /1 undetected,output,,N6909,N6909,1,undetected,N6909,N6909,N6909,sa1,1
501,N5442 /1 undetected,output,,N5442,N5442,1,undetected,N5442,N5442,N5442,sa1,1
502,N4936 /1 undetected,output,,N4936,N4936,1,undetected,N4936,N4936,N4936,sa1,1
503,__tpi_not_test_en->__tpi_cp_168_N22080 /1 undetected,input_edge,__tpi_not_test_en,__tpi_cp_168_N22080,__tpi_cp_168_N22080,1,undetected,__tpi_cp_168_N22080,__tpi_cp_168_N22080,__tpi_cp_168_N22080,sa1,1
504,__tpi_cp_168_N22080 /1 undetected,output,,__tpi_cp_168_N22080,__tpi_cp_168_N22080,1,undetected,__tpi_cp_168_N22080,__tpi_cp_168_N22080,__tpi_cp_168_N22080,sa1,1
505,N22080 /1 undetected,output,,N22080,N22080,1,undetected,N22080,N22080,N22080,sa1,1
506,N7220 /1 undetected,output,,N7220,N7220,1,undetected,N7220,N7220,N7220,sa1,1
507,N7219 /1 undetected,output,,N7219,N7219,1,undetected,N7219,N7219,N7219,sa1,1
508,test_en->__tpi_cp_385_N28594 /0 undetected,input_edge,test_en,__tpi_cp_385_N28594,__tpi_cp_385_N28594,0,undetected,__tpi_cp_385_N28594,__tpi_cp_385_N28594,__tpi_cp_385_N28594,sa0,1
509,N28594 /0 undetected,output,,N28594,N28594,0,undetected,N28594,N28594,N28594,sa0,1
510,N52051 /1 undetected,output,,N52051,N52051,1,undetected,N52051,N52051,N52051,sa1,1
511,N50561 /1 undetected,output,,N50561,N50561,1,undetected,N50561,N50561,N50561,sa1,1
512,test_en->__tpi_cp_375_N28593 /0 undetected,input_edge,test_en,__tpi_cp_375_N28593,__tpi_cp_375_N28593,0,undetected,__tpi_cp_375_N28593,__tpi_cp_375_N28593,__tpi_cp_375_N28593,sa0,1
513,N6874 /1 undetected,output,,N6874,N6874,1,undetected,N6874,N6874,N6874,sa1,1
514,N5347 /1 undetected,output,,N5347,N5347,1,undetected,N5347,N5347,N5347,sa1,1
515,N7217 /1 undetected,output,,N7217,N7217,1,undetected,N7217,N7217,N7217,sa1,1
516,N7216 /1 undetected,output,,N7216,N7216,1,undetected,N7216,N7216,N7216,sa1,1
517,N51988 /1 undetected,output,,N51988,N51988,1,undetected,N51988,N51988,N51988,sa1,1
518,N50612 /1 undetected,output,,N50612,N50612,1,undetected,N50612,N50612,N50612,sa1,1
519,test_en->__tpi_cp_371_N28590 /0 undetected,input_edge,test_en,__tpi_cp_371_N28590,__tpi_cp_371_N28590,0,undetected,__tpi_cp_371_N28590,__tpi_cp_371_N28590,__tpi_cp_371_N28590,sa0,1
520,N6867 /1 undetected,output,,N6867,N6867,1,undetected,N6867,N6867,N6867,sa1,1
521,N5328 /1 undetected,output,,N5328,N5328,1,undetected,N5328,N5328,N5328,sa1,1
522,N7223 /1 undetected,output,,N7223,N7223,1,undetected,N7223,N7223,N7223,sa1,1
523,test_en->__tpi_cp_233_N28598 /0 undetected,input_edge,test_en,__tpi_cp_233_N28598,__tpi_cp_233_N28598,0,undetected,__tpi_cp_233_N28598,__tpi_cp_233_N28598,__tpi_cp_233_N28598,sa0,1
524,N28598 /0 undetected,output,,N28598,N28598,0,undetected,N28598,N28598,N28598,sa0,1
525,N7222 /1 undetected,output,,N7222,N7222,1,undetected,N7222,N7222,N7222,sa1,1
526,N52316 /1 undetected,output,,N52316,N52316,1,undetected,N52316,N52316,N52316,sa1,1
527,N50412 /1 undetected,output,,N50412,N50412,1,undetected,N50412,N50412,N50412,sa1,1
528,N6902 /1 undetected,output,,N6902,N6902,1,undetected,N6902,N6902,N6902,sa1,1
529,N5423 /1 undetected,output,,N5423,N5423,1,undetected,N5423,N5423,N5423,sa1,1
530,N7202 /1 undetected,output,,N7202,N7202,1,undetected,N7202,N7202,N7202,sa1,1
531,__tpi_not_test_en->__tpi_cp_128_N28577 /1 undetected,input_edge,__tpi_not_test_en,__tpi_cp_128_N28577,__tpi_cp_128_N28577,1,undetected,__tpi_cp_128_N28577,__tpi_cp_128_N28577,__tpi_cp_128_N28577,sa1,1
532,N7201 /1 undetected,output,,N7201,N7201,1,undetected,N7201,N7201,N7201,sa1,1
533,N52579 /1 undetected,output,,N52579,N52579,1,undetected,N52579,N52579,N52579,sa1,1
534,N49894 /1 undetected,output,,N49894,N49894,1,undetected,N49894,N49894,N49894,sa1,1
535,N6930 /1 undetected,output,,N6930,N6930,1,undetected,N6930,N6930,N6930,sa1,1
536,N5499 /1 undetected,output,,N5499,N5499,1,undetected,N5499,N5499,N5499,sa1,1
537,N7247 /1 undetected,output,,N7247,N7247,1,undetected,N7247,N7247,N7247,sa1,1
538,N7246 /1 undetected,output,,N7246,N7246,1,undetected,N7246,N7246,N7246,sa1,1
539,test_en->__tpi_cp_237_N28621 /0 undetected,input_edge,test_en,__tpi_cp_237_N28621,__tpi_cp_237_N28621,0,undetected,__tpi_cp_237_N28621,__tpi_cp_237_N28621,__tpi_cp_237_N28621,sa0,1
540,N28621 /0 undetected,output,,N28621,N28621,0,undetected,N28621,N28621,N28621,sa0,1
541,N52645 /1 undetected,output,,N52645,N52645,1,undetected,N52645,N52645,N52645,sa1,1
542,N50514 /1 undetected,output,,N50514,N50514,1,undetected,N50514,N50514,N50514,sa1,1
543,test_en->__tpi_cp_261_N28620 /0 undetected,input_edge,test_en,__tpi_cp_261_N28620,__tpi_cp_261_N28620,0,undetected,__tpi_cp_261_N28620,__tpi_cp_261_N28620,__tpi_cp_261_N28620,sa0,1
544,N6937 /1 undetected,output,,N6937,N6937,1,undetected,N6937,N6937,N6937,sa1,1
545,N5518 /1 undetected,output,,N5518,N5518,1,undetected,N5518,N5518,N5518,sa1,1
546,test_en->__tpi_cp_143_N4943 /0 undetected,input_edge,test_en,__tpi_cp_143_N4943,__tpi_cp_143_N4943,0,undetected,__tpi_cp_143_N4943,__tpi_cp_143_N4943,__tpi_cp_143_N4943,sa0,1
547,__tpi_cp_143_N4943 /1 undetected,output,,__tpi_cp_143_N4943,__tpi_cp_143_N4943,1,undetected,__tpi_cp_143_N4943,__tpi_cp_143_N4943,__tpi_cp_143_N4943,sa1,1
548,N22091 /1 undetected,output,,N22091,N22091,1,undetected,N22091,N22091,N22091,sa1,1
549,N22090 /1 undetected,output,,N22090,N22090,1,undetected,N22090,N22090,N22090,sa1,1
550,N22089 /1 undetected,output,,N22089,N22089,1,undetected,N22089,N22089,N22089,sa1,1
551,N7259 /1 undetected,output,,N7259,N7259,1,undetected,N7259,N7259,N7259,sa1,1
552,test_en->__tpi_cp_323_N28634 /0 undetected,input_edge,test_en,__tpi_cp_323_N28634,__tpi_cp_323_N28634,0,undetected,__tpi_cp_323_N28634,__tpi_cp_323_N28634,__tpi_cp_323_N28634,sa0,1
553,N28634 /0 undetected,output,,N28634,N28634,0,undetected,N28634,N28634,N28634,sa0,1
554,N7258 /1 undetected,output,,N7258,N7258,1,undetected,N7258,N7258,N7258,sa1,1
555,N52119 /1 undetected,output,,N52119,N52119,1,undetected,N52119,N52119,N52119,sa1,1
556,N49541 /1 undetected,output,,N49541,N49541,1,undetected,N49541,N49541,N49541,sa1,1
557,N6881 /1 undetected,output,,N6881,N6881,1,undetected,N6881,N6881,N6881,sa1,1
558,N5366 /1 undetected,output,,N5366,N5366,1,undetected,N5366,N5366,N5366,sa1,1
559,__tpi_not_test_en->__tpi_cp_288_N7256 /1 undetected,input_edge,__tpi_not_test_en,__tpi_cp_288_N7256,__tpi_cp_288_N7256,1,undetected,__tpi_cp_288_N7256,__tpi_cp_288_N7256,__tpi_cp_288_N7256,sa1,1
560,__tpi_cp_288_N7256 /1 undetected,output,,__tpi_cp_288_N7256,__tpi_cp_288_N7256,1,undetected,__tpi_cp_288_N7256,__tpi_cp_288_N7256,__tpi_cp_288_N7256,sa1,1
561,N7256 /1 undetected,output,,N7256,N7256,1,undetected,N7256,N7256,N7256,sa1,1
562,N7255 /1 undetected,output,,N7255,N7255,1,undetected,N7255,N7255,N7255,sa1,1
563,N52182 /1 undetected,output,,N52182,N52182,1,undetected,N52182,N52182,N52182,sa1,1
564,N49600 /1 undetected,output,,N49600,N49600,1,undetected,N49600,N49600,N49600,sa1,1
565,N6888 /1 undetected,output,,N6888,N6888,1,undetected,N6888,N6888,N6888,sa1,1
566,N5385 /1 undetected,output,,N5385,N5385,1,undetected,N5385,N5385,N5385,sa1,1
567,N7253 /1 undetected,output,,N7253,N7253,1,undetected,N7253,N7253,N7253,sa1,1
568,__tpi_not_test_en->__tpi_cp_254_N28628 /1 undetected,input_edge,__tpi_not_test_en,__tpi_cp_254_N28628,__tpi_cp_254_N28628,1,undetected,__tpi_cp_254_N28628,__tpi_cp_254_N28628,__tpi_cp_254_N28628,sa1,1
569,N7252 /1 undetected,output,,N7252,N7252,1,undetected,N7252,N7252,N7252,sa1,1
570,N51727 /1 undetected,output,,N51727,N51727,1,undetected,N51727,N51727,N51727,sa1,1
571,N49435 /1 undetected,output,,N49435,N49435,1,undetected,N49435,N49435,N49435,sa1,1
572,N6839 /1 undetected,output,,N6839,N6839,1,undetected,N6839,N6839,N6839,sa1,1
573,N5252 /1 undetected,output,,N5252,N5252,1,undetected,N5252,N5252,N5252,sa1,1
574,N7250 /1 undetected,output,,N7250,N7250,1,undetected,N7250,N7250,N7250,sa1,1
575,__tpi_not_test_en->__tpi_cp_214_N28625 /1 undetected,input_edge,__tpi_not_test_en,__tpi_cp_214_N28625,__tpi_cp_214_N28625,1,undetected,__tpi_cp_214_N28625,__tpi_cp_214_N28625,__tpi_cp_214_N28625,sa1,1
576,N7249 /1 undetected,output,,N7249,N7249,1,undetected,N7249,N7249,N7249,sa1,1
577,N52684 /1 undetected,output,,N52684,N52684,1,undetected,N52684,N52684,N52684,sa1,1
578,N50463 /1 undetected,output,,N50463,N50463,1,undetected,N50463,N50463,N50463,sa1,1
579,N6942 /1 undetected,output,,N6942,N6942,1,undetected,N6942,N6942,N6942,sa1,1
580,N5537 /1 undetected,output,,N5537,N5537,1,undetected,N5537,N5537,N5537,sa1,1
581,N7262 /1 undetected,output,,N7262,N7262,1,undetected,N7262,N7262,N7262,sa1,1
582,test_en->__tpi_cp_313_N28636 /0 undetected,input_edge,test_en,__tpi_cp_313_N28636,__tpi_cp_313_N28636,0,undetected,__tpi_cp_313_N28636,__tpi_cp_313_N28636,__tpi_cp_313_N28636,sa0,1
583,N51138 /1 undetected,output,,N51138,N51138,1,undetected,N51138,N51138,N51138,sa1,1
584,N5556 /1 undetected,output,,N5556,N5556,1,undetected,N5556,N5556,N5556,sa1,1
585,__tpi_not_test_en->__tpi_cp_248_N7260 /1 undetected,input_edge,__tpi_not_test_en,__tpi_cp_248_N7260,__tpi_cp_248_N7260,1,undetected,__tpi_cp_248_N7260,__tpi_cp_248_N7260,__tpi_cp_248_N7260,sa1,1
586,__tpi_cp_248_N7260 /1 undetected,output,,__tpi_cp_248_N7260,__tpi_cp_248_N7260,1,undetected,__tpi_cp_248_N7260,__tpi_cp_248_N7260,__tpi_cp_248_N7260,sa1,1
587,N7260 /1 undetected,output,,N7260,N7260,1,undetected,N7260,N7260,N7260,sa1,1
588,N53668 /1 undetected,output,,N53668,N53668,1,undetected,N53668,N53668,N53668,sa1,1
589,N50247 /1 undetected,output,,N50247,N50247,1,undetected,N50247,N50247,N50247,sa1,1
590,N4945 /1 undetected,output,,N4945,N4945,1,undetected,N4945,N4945,N4945,sa1,1
591,N7196 /1 undetected,output,,N7196,N7196,1,undetected,N7196,N7196,N7196,sa1,1
592,__tpi_not_test_en->__tpi_cp_196_N28571 /1 undetected,input_edge,__tpi_not_test_en,__tpi_cp_196_N28571,__tpi_cp_196_N28571,1,undetected,__tpi_cp_196_N28571,__tpi_cp_196_N28571,__tpi_cp_196_N28571,sa1,1
593,N51179 /1 undetected,output,,N51179,N51179,1,undetected,N51179,N51179,N51179,sa1,1
594,N5745 /1 undetected,output,,N5745,N5745,1,undetected,N5745,N5745,N5745,sa1,1
595,N7194 /1 undetected,output,,N7194,N7194,1,undetected,N7194,N7194,N7194,sa1,1
596,N53723 /1 undetected,output,,N53723,N53723,1,undetected,N53723,N53723,N53723,sa1,1
597,N49418 /1 undetected,output,,N49418,N49418,1,undetected,N49418,N49418,N49418,sa1,1
598,N4942 /1 undetected,output,,N4942,N4942,1,undetected,N4942,N4942,N4942,sa1,1
599,test_en->__tpi_cp_91_N22088 /0 undetected,input_edge,test_en,__tpi_cp_91_N22088,__tpi_cp_91_N22088,0,undetected,__tpi_cp_91_N22088,__tpi_cp_91_N22088,__tpi_cp_91_N22088,sa0,1
600,__tpi_cp_91_N22088 /1 undetected,output,,__tpi_cp_91_N22088,__tpi_cp_91_N22088,1,undetected,__tpi_cp_91_N22088,__tpi_cp_91_N22088,__tpi_cp_91_N22088,sa1,1
601,N22087 /1 undetected,output,,N22087,N22087,1,undetected,N22087,N22087,N22087,sa1,1
602,N22086 /1 undetected,output,,N22086,N22086,1,undetected,N22086,N22086,N22086,sa1,1
603,__tpi_not_test_en->__tpi_cp_176_N4947 /1 undetected,input_edge,__tpi_not_test_en,__tpi_cp_176_N4947,__tpi_cp_176_N4947,1,undetected,__tpi_cp_176_N4947,__tpi_cp_176_N4947,__tpi_cp_176_N4947,sa1,1
604,__tpi_cp_176_N4947 /1 undetected,output,,__tpi_cp_176_N4947,__tpi_cp_176_N4947,1,undetected,__tpi_cp_176_N4947,__tpi_cp_176_N4947,__tpi_cp_176_N4947,sa1,1
605,N4947 /1 undetected,output,,N4947,N4947,1,undetected,N4947,N4947,N4947,sa1,1
606,N7193 /1 undetected,output,,N7193,N7193,1,undetected,N7193,N7193,N7193,sa1,1
607,N51162 /1 undetected,output,,N51162,N51162,1,undetected,N51162,N51162,N51162,sa1,1
608,N5670 /1 undetected,output,,N5670,N5670,1,undetected,N5670,N5670,N5670,sa1,1
609,N7191 /1 undetected,output,,N7191,N7191,1,undetected,N7191,N7191,N7191,sa1,1
610,N53380 /1 undetected,output,,N53380,N53380,1,undetected,N53380,N53380,N53380,sa1,1
611,N49326 /1 undetected,output,,N49326,N49326,1,undetected,N49326,N49326,N49326,sa1,1
612,N7190 /1 undetected,output,,N7190,N7190,1,undetected,N7190,N7190,N7190,sa1,1
613,N51158 /1 undetected,output,,N51158,N51158,1,undetected,N51158,N51158,N51158,sa1,1
614,N5651 /1 undetected,output,,N5651,N5651,1,undetected,N5651,N5651,N5651,sa1,1
615,N7188 /1 undetected,output,,N7188,N7188,1,undetected,N7188,N7188,N7188,sa1,1
616,N53426 /1 undetected,output,,N53426,N53426,1,undetected,N53426,N53426,N53426,sa1,1
617,N49373 /1 undetected,output,,N49373,N49373,1,undetected,N49373,N49373,N49373,sa1,1
618,N4946 /1 undetected,output,,N4946,N4946,1,undetected,N4946,N4946,N4946,sa1,1
619,test_en->__tpi_cp_215_N22096 /0 undetected,input_edge,test_en,__tpi_cp_215_N22096,__tpi_cp_215_N22096,0,undetected,__tpi_cp_215_N22096,__tpi_cp_215_N22096,__tpi_cp_215_N22096,sa0,1
620,__tpi_cp_215_N22096 /1 undetected,output,,__tpi_cp_215_N22096,__tpi_cp_215_N22096,1,undetected,__tpi_cp_215_N22096,__tpi_cp_215_N22096,__tpi_cp_215_N22096,sa1,1
621,N22095 /1 undetected,output,,N22095,N22095,1,undetected,N22095,N22095,N22095,sa1,1
622,N7187 /1 undetected,output,,N7187,N7187,1,undetected,N7187,N7187,N7187,sa1,1
623,N51146 /1 undetected,output,,N51146,N51146,1,undetected,N51146,N51146,N51146,sa1,1
624,N5594 /1 undetected,output,,N5594,N5594,1,undetected,N5594,N5594,N5594,sa1,1
625,N7185 /1 undetected,output,,N7185,N7185,1,undetected,N7185,N7185,N7185,sa1,1
626,N53571 /1 undetected,output,,N53571,N53571,1,undetected,N53571,N53571,N53571,sa1,1
627,N49486 /1 undetected,output,,N49486,N49486,1,undetected,N49486,N49486,N49486,sa1,1
628,N7184 /1 undetected,output,,N7184,N7184,1,undetected,N7184,N7184,N7184,sa1,1
629,N51142 /1 undetected,output,,N51142,N51142,1,undetected,N51142,N51142,N51142,sa1,1
630,N5575 /1 undetected,output,,N5575,N5575,1,undetected,N5575,N5575,N5575,sa1,1
631,N7182 /1 undetected,output,,N7182,N7182,1,undetected,N7182,N7182,N7182,sa1,1
632,N53617 /1 undetected,output,,N53617,N53617,1,undetected,N53617,N53617,N53617,sa1,1
633,N50196 /1 undetected,output,,N50196,N50196,1,undetected,N50196,N50196,N50196,sa1,1
634,N7181 /1 undetected,output,,N7181,N7181,1,undetected,N7181,N7181,N7181,sa1,1
635,N51150 /1 undetected,output,,N51150,N51150,1,undetected,N51150,N51150,N51150,sa1,1
636,N5613 /1 undetected,output,,N5613,N5613,1,undetected,N5613,N5613,N5613,sa1,1
637,N7179 /1 undetected,output,,N7179,N7179,1,undetected,N7179,N7179,N7179,sa1,1
638,N53517 /1 undetected,output,,N53517,N53517,1,undetected,N53517,N53517,N53517,sa1,1
639,N49741 /1 undetected,output,,N49741,N49741,1,undetected,N49741,N49741,N49741,sa1,1
640,N7178 /1 undetected,output,,N7178,N7178,1,undetected,N7178,N7178,N7178,sa1,1
641,__tpi_not_test_en->__tpi_cp_274_N28553 /1 undetected,input_edge,__tpi_not_test_en,__tpi_cp_274_N28553,__tpi_cp_274_N28553,1,undetected,__tpi_cp_274_N28553,__tpi_cp_274_N28553,__tpi_cp_274_N28553,sa1,1
642,N51154 /1 undetected,output,,N51154,N51154,1,undetected,N51154,N51154,N51154,sa1,1
643,N5632 /1 undetected,output,,N5632,N5632,1,undetected,N5632,N5632,N5632,sa1,1
644,N7176 /1 undetected,output,,N7176,N7176,1,undetected,N7176,N7176,N7176,sa1,1
645,N53475 /1 undetected,output,,N53475,N53475,1,undetected,N53475,N53475,N53475,sa1,1
646,N49698 /1 undetected,output,,N49698,N49698,1,undetected,N49698,N49698,N49698,sa1,1
647,N7175 /1 undetected,output,,N7175,N7175,1,undetected,N7175,N7175,N7175,sa1,1
648,__tpi_not_test_en->__tpi_cp_206_N28550 /1 undetected,input_edge,__tpi_not_test_en,__tpi_cp_206_N28550,__tpi_cp_206_N28550,1,undetected,__tpi_cp_206_N28550,__tpi_cp_206_N28550,__tpi_cp_206_N28550,sa1,1
649,N51166 /1 undetected,output,,N51166,N51166,1,undetected,N51166,N51166,N51166,sa1,1
650,N5689 /1 undetected,output,,N5689,N5689,1,undetected,N5689,N5689,N5689,sa1,1
651,N7173 /1 undetected,output,,N7173,N7173,1,undetected,N7173,N7173,N7173,sa1,1
652,N53330 /1 undetected,output,,N53330,N53330,1,undetected,N53330,N53330,N53330,sa1,1
653,N49179 /1 undetected,output,,N49179,N49179,1,undetected,N49179,N49179,N49179,sa1,1
654,N7172 /1 undetected,output,,N7172,N7172,1,undetected,N7172,N7172,N7172,sa1,1
655,test_en->__tpi_cp_319_N28546 /0 undetected,input_edge,test_en,__tpi_cp_319_N28546,__tpi_cp_319_N28546,0,undetected,__tpi_cp_319_N28546,__tpi_cp_319_N28546,__tpi_cp_319_N28546,sa0,1
656,N51170 /1 undetected,output,,N51170,N51170,1,undetected,N51170,N51170,N51170,sa1,1
657,N5708 /1 undetected,output,,N5708,N5708,1,undetected,N5708,N5708,N5708,sa1,1
658,__tpi_not_test_en->__tpi_cp_260_N7170 /1 undetected,input_edge,__tpi_not_test_en,__tpi_cp_260_N7170,__tpi_cp_260_N7170,1,undetected,__tpi_cp_260_N7170,__tpi_cp_260_N7170,__tpi_cp_260_N7170,sa1,1
659,__tpi_cp_260_N7170 /1 undetected,output,,__tpi_cp_260_N7170,__tpi_cp_260_N7170,1,undetected,__tpi_cp_260_N7170,__tpi_cp_260_N7170,__tpi_cp_260_N7170,sa1,1
660,N7170 /1 undetected,output,,N7170,N7170,1,undetected,N7170,N7170,N7170,sa1,1
661,N53280 /1 undetected,output,,N53280,N53280,1,undetected,N53280,N53280,N53280,sa1,1
662,N49229 /1 undetected,output,,N49229,N49229,1,undetected,N49229,N49229,N49229,sa1,1
663,N7169 /1 undetected,output,,N7169,N7169,1,undetected,N7169,N7169,N7169,sa1,1
664,__tpi_not_test_en->__tpi_cp_182_N28544 /1 undetected,input_edge,__tpi_not_test_en,__tpi_cp_182_N28544,__tpi_cp_182_N28544,1,undetected,__tpi_cp_182_N28544,__tpi_cp_182_N28544,__tpi_cp_182_N28544,sa1,1
665,N51174 /1 undetected,output,,N51174,N51174,1,undetected,N51174,N51174,N51174,sa1,1
666,N5727 /1 undetected,output,,N5727,N5727,1,undetected,N5727,N5727,N5727,sa1,1
667,N7167 /1 undetected,output,,N7167,N7167,1,undetected,N7167,N7167,N7167,sa1,1
668,N53733 /1 undetected,output,,N53733,N53733,1,undetected,N53733,N53733,N53733,sa1,1
669,N49276 /1 undetected,output,,N49276,N49276,1,undetected,N49276,N49276,N49276,sa1,1
670,test_en->__tpi_cp_401_N59891 /0 undetected,input_edge,test_en,__tpi_cp_401_N59891,__tpi_cp_401_N59891,0,undetected,__tpi_cp_401_N59891,__tpi_cp_401_N59891,__tpi_cp_401_N59891,sa0,1
671,__tpi_cp_401_N59891 /1 undetected,output,,__tpi_cp_401_N59891,__tpi_cp_401_N59891,1,undetected,__tpi_cp_401_N59891,__tpi_cp_401_N59891,__tpi_cp_401_N59891,sa1,1
672,N59866 /1 undetected,output,,N59866,N59866,1,undetected,N59866,N59866,N59866,sa1,1
673,N55555 /1 undetected,output,,N55555,N55555,1,undetected,N55555,N55555,N55555,sa1,1
674,N59890 /1 undetected,output,,N59890,N59890,1,undetected,N59890,N59890,N59890,sa1,1
675,N1681 /1 undetected,output,,N1681,N1681,1,undetected,N1681,N1681,N1681,sa1,1
676,__tpi_not_test_en->__tpi_cp_180_N3979 /1 undetected,input_edge,__tpi_not_test_en,__tpi_cp_180_N3979,__tpi_cp_180_N3979,1,undetected,__tpi_cp_180_N3979,__tpi_cp_180_N3979,__tpi_cp_180_N3979,sa1,1
677,__tpi_cp_180_N3979 /1 undetected,output,,__tpi_cp_180_N3979,__tpi_cp_180_N3979,1,undetected,__tpi_cp_180_N3979,__tpi_cp_180_N3979,__tpi_cp_180_N3979,sa1,1
678,N3979 /1 undetected,output,,N3979,N3979,1,undetected,N3979,N3979,N3979,sa1,1
679,test_en->__tpi_cp_325_N26244 /0 undetected,input_edge,test_en,__tpi_cp_325_N26244,__tpi_cp_325_N26244,0,undetected,__tpi_cp_325_N26244,__tpi_cp_325_N26244,__tpi_cp_325_N26244,sa0,1
680,N45075 /1 undetected,output,,N45075,N45075,1,undetected,N45075,N45075,N45075,sa1,1
681,N2559 /1 undetected,output,,N2559,N2559,1,undetected,N2559,N2559,N2559,sa1,1
682,N3977 /1 undetected,output,,N3977,N3977,1,undetected,N3977,N3977,N3977,sa1,1
683,test_en->__tpi_cp_269_N26243 /0 undetected,input_edge,test_en,__tpi_cp_269_N26243,__tpi_cp_269_N26243,0,undetected,__tpi_cp_269_N26243,__tpi_cp_269_N26243,__tpi_cp_269_N26243,sa0,1
684,N26243 /0 undetected,output,,N26243,N26243,0,undetected,N26243,N26243,N26243,sa0,1
685,N47727 /1 undetected,output,,N47727,N47727,1,undetected,N47727,N47727,N47727,sa1,1
686,N43201 /1 undetected,output,,N43201,N43201,1,undetected,N43201,N43201,N43201,sa1,1
687,N1680 /1 undetected,output,,N1680,N1680,1,undetected,N1680,N1680,N1680,sa1,1
688,test_en->__tpi_cp_157_N21198 /0 undetected,input_edge,test_en,__tpi_cp_157_N21198,__tpi_cp_157_N21198,0,undetected,__tpi_cp_157_N21198,__tpi_cp_157_N21198,__tpi_cp_157_N21198,sa0,1
689,__tpi_cp_157_N21198 /1 undetected,output,,__tpi_cp_157_N21198,__tpi_cp_157_N21198,1,undetected,__tpi_cp_157_N21198,__tpi_cp_157_N21198,__tpi_cp_157_N21198,sa1,1
690,N21197 /1 undetected,output,,N21197,N21197,1,undetected,N21197,N21197,N21197,sa1,1
691,N21196 /1 undetected,output,,N21196,N21196,1,undetected,N21196,N21196,N21196,sa1,1
692,__tpi_not_test_en->__tpi_cp_302_N3991 /1 undetected,input_edge,__tpi_not_test_en,__tpi_cp_302_N3991,__tpi_cp_302_N3991,1,undetected,__tpi_cp_302_N3991,__tpi_cp_302_N3991,__tpi_cp_302_N3991,sa1,1
693,__tpi_cp_302_N3991 /1 undetected,output,,__tpi_cp_302_N3991,__tpi_cp_302_N3991,1,undetected,__tpi_cp_302_N3991,__tpi_cp_302_N3991,__tpi_cp_302_N3991,sa1,1
694,N3991 /1 undetected,output,,N3991,N3991,1,undetected,N3991,N3991,N3991,sa1,1
695,N3990 /1 undetected,output,,N3990,N3990,1,undetected,N3990,N3990,N3990,sa1,1
696,N46004 /1 undetected,output,,N46004,N46004,1,undetected,N46004,N46004,N46004,sa1,1
697,N43433 /1 undetected,output,,N43433,N43433,1,undetected,N43433,N43433,N43433,sa1,1
698,N3625 /1 undetected,output,,N3625,N3625,1,undetected,N3625,N3625,N3625,sa1,1
699,N2160 /1 undetected,output,,N2160,N2160,1,undetected,N2160,N2160,N2160,sa1,1
700,N3988 /1 undetected,output,,N3988,N3988,1,undetected,N3988,N3988,N3988,sa1,1
701,test_en->__tpi_cp_351_N26254 /0 undetected,input_edge,test_en,__tpi_cp_351_N26254,__tpi_cp_351_N26254,0,undetected,__tpi_cp_351_N26254,__tpi_cp_351_N26254,__tpi_cp_351_N26254,sa0,1
702,N26254 /0 undetected,output,,N26254,N26254,0,undetected,N26254,N26254,N26254,sa0,1
703,N3987 /1 undetected,output,,N3987,N3987,1,undetected,N3987,N3987,N3987,sa1,1
704,N45616 /1 undetected,output,,N45616,N45616,1,undetected,N45616,N45616,N45616,sa1,1
705,N43327 /1 undetected,output,,N43327,N43327,1,undetected,N43327,N43327,N43327,sa1,1
706,N3583 /1 undetected,output,,N3583,N3583,1,undetected,N3583,N3583,N3583,sa1,1
707,N2046 /1 undetected,output,,N2046,N2046,1,undetected,N2046,N2046,N2046,sa1,1
708,N3985 /1 undetected,output,,N3985,N3985,1,undetected,N3985,N3985,N3985,sa1,1
709,__tpi_not_test_en->__tpi_cp_276_N26251 /1 undetected,input_edge,__tpi_not_test_en,__tpi_cp_276_N26251,__tpi_cp_276_N26251,1,undetected,__tpi_cp_276_N26251,__tpi_cp_276_N26251,__tpi_cp_276_N26251,sa1,1
710,N3984 /1 undetected,output,,N3984,N3984,1,undetected,N3984,N3984,N3984,sa1,1
711,N46066 /1 undetected,output,,N46066,N46066,1,undetected,N46066,N46066,N46066,sa1,1
712,N43492 /1 undetected,output,,N43492,N43492,1,undetected,N43492,N43492,N43492,sa1,1
713,N3632 /1 undetected,output,,N3632,N3632,1,undetected,N3632,N3632,N3632,sa1,1
714,N2179 /1 undetected,output,,N2179,N2179,1,undetected,N2179,N2179,N2179,sa1,1
715,N3982 /1 undetected,output,,N3982,N3982,1,undetected,N3982,N3982,N3982,sa1,1
716,__tpi_not_test_en->__tpi_cp_298_N3981 /1 undetected,input_edge,__tpi_not_test_en,__tpi_cp_298_N3981,__tpi_cp_298_N3981,1,undetected,__tpi_cp_298_N3981,__tpi_cp_298_N3981,__tpi_cp_298_N3981,sa1,1
717,__tpi_cp_298_N3981 /1 undetected,output,,__tpi_cp_298_N3981,__tpi_cp_298_N3981,1,undetected,__tpi_cp_298_N3981,__tpi_cp_298_N3981,__tpi_cp_298_N3981,sa1,1
718,N3981 /1 undetected,output,,N3981,N3981,1,undetected,N3981,N3981,N3981,sa1,1
719,N46564 /1 undetected,output,,N46564,N46564,1,undetected,N46564,N46564,N46564,sa1,1
720,N44350 /1 undetected,output,,N44350,N44350,1,undetected,N44350,N44350,N44350,sa1,1
721,test_en->__tpi_cp_345_N26246 /0 undetected,input_edge,test_en,__tpi_cp_345_N26246,__tpi_cp_345_N26246,0,undetected,__tpi_cp_345_N26246,__tpi_cp_345_N26246,__tpi_cp_345_N26246,sa0,1
722,N3686 /1 undetected,output,,N3686,N3686,1,undetected,N3686,N3686,N3686,sa1,1
723,N2331 /1 undetected,output,,N2331,N2331,1,undetected,N2331,N2331,N2331,sa1,1
724,N3994 /1 undetected,output,,N3994,N3994,1,undetected,N3994,N3994,N3994,sa1,1
725,__tpi_not_test_en->__tpi_cp_202_N26260 /1 undetected,input_edge,__tpi_not_test_en,__tpi_cp_202_N26260,__tpi_cp_202_N26260,1,undetected,__tpi_cp_202_N26260,__tpi_cp_202_N26260,__tpi_cp_202_N26260,sa1,1
726,N45033 /1 undetected,output,,N45033,N45033,1,undetected,N45033,N45033,N45033,sa1,1
727,N2350 /1 undetected,output,,N2350,N2350,1,undetected,N2350,N2350,N2350,sa1,1
728,N3992 /1 undetected,output,,N3992,N3992,1,undetected,N3992,N3992,N3992,sa1,1
729,N47684 /1 undetected,output,,N47684,N47684,1,undetected,N47684,N47684,N47684,sa1,1
730,N44139 /1 undetected,output,,N44139,N44139,1,undetected,N44139,N44139,N44139,sa1,1
731,test_en->__tpi_cp_2_N21194 /0 undetected,input_edge,test_en,__tpi_cp_2_N21194,__tpi_cp_2_N21194,0,undetected,__tpi_cp_2_N21194,__tpi_cp_2_N21194,__tpi_cp_2_N21194,sa0,1
732,N1676 /1 undetected,output,,N1676,N1676,1,undetected,N1676,N1676,N1676,sa1,1
733,test_en->__tpi_cp_207_N21192 /0 undetected,input_edge,test_en,__tpi_cp_207_N21192,__tpi_cp_207_N21192,0,undetected,__tpi_cp_207_N21192,__tpi_cp_207_N21192,__tpi_cp_207_N21192,sa0,1
734,__tpi_cp_207_N21192 /1 undetected,output,,__tpi_cp_207_N21192,__tpi_cp_207_N21192,1,undetected,__tpi_cp_207_N21192,__tpi_cp_207_N21192,__tpi_cp_207_N21192,sa1,1
735,N3970 /1 undetected,output,,N3970,N3970,1,undetected,N3970,N3970,N3970,sa1,1
736,N3969 /1 undetected,output,,N3969,N3969,1,undetected,N3969,N3969,N3969,sa1,1
737,N45546 /1 undetected,output,,N45546,N45546,1,undetected,N45546,N45546,N45546,sa1,1
738,N43535 /1 undetected,output,,N43535,N43535,1,undetected,N43535,N43535,N43535,sa1,1
739,N3576 /1 undetected,output,,N3576,N3576,1,undetected,N3576,N3576,N3576,sa1,1
740,N2027 /1 undetected,output,,N2027,N2027,1,undetected,N2027,N2027,N2027,sa1,1
741,N3967 /1 undetected,output,,N3967,N3967,1,undetected,N3967,N3967,N3967,sa1,1
742,N3966 /1 undetected,output,,N3966,N3966,1,undetected,N3966,N3966,N3966,sa1,1
743,N45480 /1 undetected,output,,N45480,N45480,1,undetected,N45480,N45480,N45480,sa1,1
744,N43735 /1 undetected,output,,N43735,N43735,1,undetected,N43735,N43735,N43735,sa1,1
745,N3569 /1 undetected,output,,N3569,N3569,1,undetected,N3569,N3569,N3569,sa1,1
746,N2003 /1 undetected,output,,N2003,N2003,1,undetected,N2003,N2003,N2003,sa1,1
747,N3973 /1 undetected,output,,N3973,N3973,1,undetected,N3973,N3973,N3973,sa1,1
748,__tpi_not_test_en->__tpi_cp_234_N26239 /1 undetected,input_edge,__tpi_not_test_en,__tpi_cp_234_N26239,__tpi_cp_234_N26239,1,undetected,__tpi_cp_234_N26239,__tpi_cp_234_N26239,__tpi_cp_234_N26239,sa1,1
749,N3972 /1 undetected,output,,N3972,N3972,1,undetected,N3972,N3972,N3972,sa1,1
750,N45680 /1 undetected,output,,N45680,N45680,1,undetected,N45680,N45680,N45680,sa1,1
751,N43680 /1 undetected,output,,N43680,N43680,1,undetected,N43680,N43680,N43680,sa1,1
752,N3590 /1 undetected,output,,N3590,N3590,1,undetected,N3590,N3590,N3590,sa1,1
753,N2065 /1 undetected,output,,N2065,N2065,1,undetected,N2065,N2065,N2065,sa1,1
754,N1675 /1 undetected,output,,N1675,N1675,1,undetected,N1675,N1675,N1675,sa1,1
755,__tpi_not_test_en->__tpi_cp_192_N21191 /1 undetected,input_edge,__tpi_not_test_en,__tpi_cp_192_N21191,__tpi_cp_192_N21191,1,undetected,__tpi_cp_192_N21191,__tpi_cp_192_N21191,__tpi_cp_192_N21191,sa1,1
756,__tpi_cp_192_N21191 /1 undetected,output,,__tpi_cp_192_N21191,__tpi_cp_192_N21191,1,undetected,__tpi_cp_192_N21191,__tpi_cp_192_N21191,__tpi_cp_192_N21191,sa1,1
757,N21191 /1 undetected,output,,N21191,N21191,1,undetected,N21191,N21191,N21191,sa1,1
758,N3961 /1 undetected,output,,N3961,N3961,1,undetected,N3961,N3961,N3961,sa1,1
759,N3960 /1 undetected,output,,N3960,N3960,1,undetected,N3960,N3960,N3960,sa1,1
760,N45816 /1 undetected,output,,N45816,N45816,1,undetected,N45816,N45816,N45816,sa1,1
761,N43833 /1 undetected,output,,N43833,N43833,1,undetected,N43833,N43833,N43833,sa1,1
762,N3604 /1 undetected,output,,N3604,N3604,1,undetected,N3604,N3604,N3604,sa1,1
763,N2103 /1 undetected,output,,N2103,N2103,1,undetected,N2103,N2103,N2103,sa1,1
764,N3958 /1 undetected,output,,N3958,N3958,1,undetected,N3958,N3958,N3958,sa1,1
765,N3957 /1 undetected,output,,N3957,N3957,1,undetected,N3957,N3957,N3957,sa1,1
766,N45743 /1 undetected,output,,N45743,N45743,1,undetected,N45743,N45743,N45743,sa1,1
767,N43880 /1 undetected,output,,N43880,N43880,1,undetected,N43880,N43880,N43880,sa1,1
768,N3597 /1 undetected,output,,N3597,N3597,1,undetected,N3597,N3597,N3597,sa1,1
769,N2084 /1 undetected,output,,N2084,N2084,1,undetected,N2084,N2084,N2084,sa1,1
770,N3964 /1 undetected,output,,N3964,N3964,1,undetected,N3964,N3964,N3964,sa1,1
771,test_en->__tpi_cp_263_N26230 /0 undetected,input_edge,test_en,__tpi_cp_263_N26230,__tpi_cp_263_N26230,0,undetected,__tpi_cp_263_N26230,__tpi_cp_263_N26230,__tpi_cp_263_N26230,sa0,1
772,N26230 /0 undetected,output,,N26230,N26230,0,undetected,N26230,N26230,N26230,sa0,1
773,N3963 /1 undetected,output,,N3963,N3963,1,undetected,N3963,N3963,N3963,sa1,1
774,N46132 /1 undetected,output,,N46132,N46132,1,undetected,N46132,N46132,N46132,sa1,1
775,N43931 /1 undetected,output,,N43931,N43931,1,undetected,N43931,N43931,N43931,sa1,1
776,N3639 /1 undetected,output,,N3639,N3639,1,undetected,N3639,N3639,N3639,sa1,1
777,N2198 /1 undetected,output,,N2198,N2198,1,undetected,N2198,N2198,N2198,sa1,1
778,N3955 /1 undetected,output,,N3955,N3955,1,undetected,N3955,N3955,N3955,sa1,1
779,__tpi_not_test_en->__tpi_cp_170_N26221 /1 undetected,input_edge,__tpi_not_test_en,__tpi_cp_170_N26221,__tpi_cp_170_N26221,1,undetected,__tpi_cp_170_N26221,__tpi_cp_170_N26221,__tpi_cp_170_N26221,sa1,1
780,N3954 /1 undetected,output,,N3954,N3954,1,undetected,N3954,N3954,N3954,sa1,1
781,N46387 /1 undetected,output,,N46387,N46387,1,undetected,N46387,N46387,N46387,sa1,1
782,N43982 /1 undetected,output,,N43982,N43982,1,undetected,N43982,N43982,N43982,sa1,1
783,N3667 /1 undetected,output,,N3667,N3667,1,undetected,N3667,N3667,N3667,sa1,1
784,N2274 /1 undetected,output,,N2274,N2274,1,undetected,N2274,N2274,N2274,sa1,1
785,N21189 /1 undetected,output,,N21189,N21189,1,undetected,N21189,N21189,N21189,sa1,1
786,N1674 /1 undetected,output,,N1674,N1674,1,undetected,N1674,N1674,N1674,sa1,1
787,test_en->__tpi_cp_211_N21190 /0 undetected,input_edge,test_en,__tpi_cp_211_N21190,__tpi_cp_211_N21190,0,undetected,__tpi_cp_211_N21190,__tpi_cp_211_N21190,__tpi_cp_211_N21190,sa0,1
788,__tpi_cp_211_N21190 /1 undetected,output,,__tpi_cp_211_N21190,__tpi_cp_211_N21190,1,undetected,__tpi_cp_211_N21190,__tpi_cp_211_N21190,__tpi_cp_211_N21190,sa1,1
789,N3949 /1 undetected,output,,N3949,N3949,1,undetected,N3949,N3949,N3949,sa1,1
790,N3948 /1 undetected,output,,N3948,N3948,1,undetected,N3948,N3948,N3948,sa1,1
791,N45428 /1 undetected,output,,N45428,N45428,1,undetected,N45428,N45428,N45428,sa1,1
792,N44214 /1 undetected,output,,N44214,N44214,1,undetected,N44214,N44214,N44214,sa1,1
793,N3562 /1 undetected,output,,N3562,N3562,1,undetected,N3562,N3562,N3562,sa1,1
794,N1984 /1 undetected,output,,N1984,N1984,1,undetected,N1984,N1984,N1984,sa1,1
795,N3946 /1 undetected,output,,N3946,N3946,1,undetected,N3946,N3946,N3946,sa1,1
796,N3945 /1 undetected,output,,N3945,N3945,1,undetected,N3945,N3945,N3945,sa1,1
797,N45377 /1 undetected,output,,N45377,N45377,1,undetected,N45377,N45377,N45377,sa1,1
798,N44179 /1 undetected,output,,N44179,N44179,1,undetected,N44179,N44179,N44179,sa1,1
799,N3547 /1 undetected,output,,N3547,N3547,1,undetected,N3547,N3547,N3547,sa1,1
800,N2008 /1 undetected,output,,N2008,N2008,1,undetected,N2008,N2008,N2008,sa1,1
801,N3943 /1 undetected,output,,N3943,N3943,1,undetected,N3943,N3943,N3943,sa1,1
802,__tpi_not_test_en->__tpi_cp_240_N26209 /1 undetected,input_edge,__tpi_not_test_en,__tpi_cp_240_N26209,__tpi_cp_240_N26209,1,undetected,__tpi_cp_240_N26209,__tpi_cp_240_N26209,__tpi_cp_240_N26209,sa1,1
803,N3942 /1 undetected,output,,N3942,N3942,1,undetected,N3942,N3942,N3942,sa1,1
804,N46265 /1 undetected,output,,N46265,N46265,1,undetected,N46265,N46265,N46265,sa1,1
805,N44252 /1 undetected,output,,N44252,N44252,1,undetected,N44252,N44252,N44252,sa1,1
806,N3653 /1 undetected,output,,N3653,N3653,1,undetected,N3653,N3653,N3653,sa1,1
807,N2236 /1 undetected,output,,N2236,N2236,1,undetected,N2236,N2236,N2236,sa1,1
808,N1672 /1 undetected,output,,N1672,N1672,1,undetected,N1672,N1672,N1672,sa1,1
809,__tpi_not_test_en->__tpi_cp_198_N21188 /1 undetected,input_edge,__tpi_not_test_en,__tpi_cp_198_N21188,__tpi_cp_198_N21188,1,undetected,__tpi_cp_198_N21188,__tpi_cp_198_N21188,__tpi_cp_198_N21188,sa1,1
810,__tpi_cp_198_N21188 /1 undetected,output,,__tpi_cp_198_N21188,__tpi_cp_198_N21188,1,undetected,__tpi_cp_198_N21188,__tpi_cp_198_N21188,__tpi_cp_198_N21188,sa1,1
811,N21188 /1 undetected,output,,N21188,N21188,1,undetected,N21188,N21188,N21188,sa1,1
812,N3937 /1 undetected,output,,N3937,N3937,1,undetected,N3937,N3937,N3937,sa1,1
813,N3936 /1 undetected,output,,N3936,N3936,1,undetected,N3936,N3936,N3936,sa1,1
814,N45937 /1 undetected,output,,N45937,N45937,1,undetected,N45937,N45937,N45937,sa1,1
815,N44444 /1 undetected,output,,N44444,N44444,1,undetected,N44444,N44444,N44444,sa1,1
816,N3618 /1 undetected,output,,N3618,N3618,1,undetected,N3618,N3618,N3618,sa1,1
817,N2141 /1 undetected,output,,N2141,N2141,1,undetected,N2141,N2141,N2141,sa1,1
818,N3934 /1 undetected,output,,N3934,N3934,1,undetected,N3934,N3934,N3934,sa1,1
819,N3933 /1 undetected,output,,N3933,N3933,1,undetected,N3933,N3933,N3933,sa1,1
820,N45875 /1 undetected,output,,N45875,N45875,1,undetected,N45875,N45875,N45875,sa1,1
821,N44495 /1 undetected,output,,N44495,N44495,1,undetected,N44495,N44495,N44495,sa1,1
822,N3611 /1 undetected,output,,N3611,N3611,1,undetected,N3611,N3611,N3611,sa1,1
823,N2122 /1 undetected,output,,N2122,N2122,1,undetected,N2122,N2122,N2122,sa1,1
824,N3940 /1 undetected,output,,N3940,N3940,1,undetected,N3940,N3940,N3940,sa1,1
825,test_en->__tpi_cp_265_N26206 /0 undetected,input_edge,test_en,__tpi_cp_265_N26206,__tpi_cp_265_N26206,0,undetected,__tpi_cp_265_N26206,__tpi_cp_265_N26206,__tpi_cp_265_N26206,sa0,1
826,N26206 /0 undetected,output,,N26206,N26206,0,undetected,N26206,N26206,N26206,sa0,1
827,N3939 /1 undetected,output,,N3939,N3939,1,undetected,N3939,N3939,N3939,sa1,1
828,N46199 /1 undetected,output,,N46199,N46199,1,undetected,N46199,N46199,N46199,sa1,1
829,N44299 /1 undetected,output,,N44299,N44299,1,undetected,N44299,N44299,N44299,sa1,1
830,N3646 /1 undetected,output,,N3646,N3646,1,undetected,N3646,N3646,N3646,sa1,1
831,N2217 /1 undetected,output,,N2217,N2217,1,undetected,N2217,N2217,N2217,sa1,1
832,N3952 /1 undetected,output,,N3952,N3952,1,undetected,N3952,N3952,N3952,sa1,1
833,__tpi_not_test_en->__tpi_cp_174_N26218 /1 undetected,input_edge,__tpi_not_test_en,__tpi_cp_174_N26218,__tpi_cp_174_N26218,1,undetected,__tpi_cp_174_N26218,__tpi_cp_174_N26218,__tpi_cp_174_N26218,sa1,1
834,N3951 /1 undetected,output,,N3951,N3951,1,undetected,N3951,N3951,N3951,sa1,1
835,N46325 /1 undetected,output,,N46325,N46325,1,undetected,N46325,N46325,N46325,sa1,1
836,N44033 /1 undetected,output,,N44033,N44033,1,undetected,N44033,N44033,N44033,sa1,1
837,N3660 /1 undetected,output,,N3660,N3660,1,undetected,N3660,N3660,N3660,sa1,1
838,N2255 /1 undetected,output,,N2255,N2255,1,undetected,N2255,N2255,N2255,sa1,1
839,N3931 /1 undetected,output,,N3931,N3931,1,undetected,N3931,N3931,N3931,sa1,1
840,__tpi_not_test_en->__tpi_cp_152_N26197 /1 undetected,input_edge,__tpi_not_test_en,__tpi_cp_152_N26197,__tpi_cp_152_N26197,1,undetected,__tpi_cp_152_N26197,__tpi_cp_152_N26197,__tpi_cp_152_N26197,sa1,1
841,N3930 /1 undetected,output,,N3930,N3930,1,undetected,N3930,N3930,N3930,sa1,1
842,N46459 /1 undetected,output,,N46459,N46459,1,undetected,N46459,N46459,N46459,sa1,1
843,N43786 /1 undetected,output,,N43786,N43786,1,undetected,N43786,N43786,N43786,sa1,1
844,N3674 /1 undetected,output,,N3674,N3674,1,undetected,N3674,N3674,N3674,sa1,1
845,N2293 /1 undetected,output,,N2293,N2293,1,undetected,N2293,N2293,N2293,sa1,1
846,__tpi_not_test_en->__tpi_cp_108_N3976 /1 undetected,input_edge,__tpi_not_test_en,__tpi_cp_108_N3976,__tpi_cp_108_N3976,1,undetected,__tpi_cp_108_N3976,__tpi_cp_108_N3976,__tpi_cp_108_N3976,sa1,1
847,__tpi_cp_108_N3976 /1 undetected,output,,__tpi_cp_108_N3976,__tpi_cp_108_N3976,1,undetected,__tpi_cp_108_N3976,__tpi_cp_108_N3976,__tpi_cp_108_N3976,sa1,1
848,N3976 /1 undetected,output,,N3976,N3976,1,undetected,N3976,N3976,N3976,sa1,1
849,N3975 /1 undetected,output,,N3975,N3975,1,undetected,N3975,N3975,N3975,sa1,1
850,test_en->__tpi_cp_255_N26241 /0 undetected,input_edge,test_en,__tpi_cp_255_N26241,__tpi_cp_255_N26241,0,undetected,__tpi_cp_255_N26241,__tpi_cp_255_N26241,__tpi_cp_255_N26241,sa0,1
851,N26241 /0 undetected,output,,N26241,N26241,0,undetected,N26241,N26241,N26241,sa0,1
852,N46524 /1 undetected,output,,N46524,N46524,1,undetected,N46524,N46524,N46524,sa1,1
853,N44401 /1 undetected,output,,N44401,N44401,1,undetected,N44401,N44401,N44401,sa1,1
854,test_en->__tpi_cp_259_N26240 /0 undetected,input_edge,test_en,__tpi_cp_259_N26240,__tpi_cp_259_N26240,0,undetected,__tpi_cp_259_N26240,__tpi_cp_259_N26240,__tpi_cp_259_N26240,sa0,1
855,N3681 /1 undetected,output,,N3681,N3681,1,undetected,N3681,N3681,N3681,sa1,1
856,N2312 /1 undetected,output,,N2312,N2312,1,undetected,N2312,N2312,N2312,sa1,1
857,N8980 /1 undetected,output,,N8980,N8980,1,undetected,N8980,N8980,N8980,sa1,1
858,test_en->__tpi_cp_139_N23121 /0 undetected,input_edge,test_en,__tpi_cp_139_N23121,__tpi_cp_139_N23121,0,undetected,__tpi_cp_139_N23121,__tpi_cp_139_N23121,__tpi_cp_139_N23121,sa0,1
859,test_en->__tpi_cp_199_N23119 /0 undetected,input_edge,test_en,__tpi_cp_199_N23119,__tpi_cp_199_N23119,0,undetected,__tpi_cp_199_N23119,__tpi_cp_199_N23119,__tpi_cp_199_N23119,sa0,1
860,test_en->__tpi_cp_127_N23087 /0 undetected,input_edge,test_en,__tpi_cp_127_N23087,__tpi_cp_127_N23087,0,undetected,__tpi_cp_127_N23087,__tpi_cp_127_N23087,__tpi_cp_127_N23087,sa0,1
861,test_en->__tpi_cp_125_N23053 /0 undetected,input_edge,test_en,__tpi_cp_125_N23053,__tpi_cp_125_N23053,0,undetected,__tpi_cp_125_N23053,__tpi_cp_125_N23053,__tpi_cp_125_N23053,sa0,1
862,test_en->__tpi_cp_123_N22733 /0 undetected,input_edge,test_en,__tpi_cp_123_N22733,__tpi_cp_123_N22733,0,undetected,__tpi_cp_123_N22733,__tpi_cp_123_N22733,__tpi_cp_123_N22733,sa0,1
863,N15827->N34832 /1 undetected,input_edge,N15827,N34832,N34832,1,undetected,N34832,N34832,N34832,sa1,1
864,N56422 /1 undetected,output,,N56422,N56422,1,undetected,N56422,N56422,N56422,sa1,1
865,N3429 /1 undetected,output,,N3429,N3429,1,undetected,N3429,N3429,N3429,sa1,1
866,N43071 /1 undetected,output,,N43071,N43071,1,undetected,N43071,N43071,N43071,sa1,1
867,__tpi_not_test_en->__tpi_cp_246_N11034 /1 undetected,input_edge,__tpi_not_test_en,__tpi_cp_246_N11034,__tpi_cp_246_N11034,1,undetected,__tpi_cp_246_N11034,__tpi_cp_246_N11034,__tpi_cp_246_N11034,sa1,1
868,__tpi_not_test_en->__tpi_cp_172_N10976 /1 undetected,input_edge,__tpi_not_test_en,__tpi_cp_172_N10976,__tpi_cp_172_N10976,1,undetected,__tpi_cp_172_N10976,__tpi_cp_172_N10976,__tpi_cp_172_N10976,sa1,1
869,__tpi_not_test_en->__tpi_cp_73_N11152 /1 undetected,input_edge,__tpi_not_test_en,__tpi_cp_73_N11152,__tpi_cp_73_N11152,1,undetected,__tpi_cp_73_N11152,__tpi_cp_73_N11152,__tpi_cp_73_N11152,sa1,1
870,test_en->__tpi_cp_317_N31505 /0 undetected,input_edge,test_en,__tpi_cp_317_N31505,__tpi_cp_317_N31505,0,undetected,__tpi_cp_317_N31505,__tpi_cp_317_N31505,__tpi_cp_317_N31505,sa0,1
871,__tpi_not_test_en->__tpi_cp_7_N8907 /1 undetected,input_edge,__tpi_not_test_en,__tpi_cp_7_N8907,__tpi_cp_7_N8907,1,undetected,__tpi_cp_7_N8907,__tpi_cp_7_N8907,__tpi_cp_7_N8907,sa1,1
872,test_en->__tpi_cp_169_N55611 /0 undetected,input_edge,test_en,__tpi_cp_169_N55611,__tpi_cp_169_N55611,0,undetected,__tpi_cp_169_N55611,__tpi_cp_169_N55611,__tpi_cp_169_N55611,sa0,1
873,N55562 /1 undetected,output,,N55562,N55562,1,undetected,N55562,N55562,N55562,sa1,1
874,N8911 /1 undetected,output,,N8911,N8911,1,undetected,N8911,N8911,N8911,sa1,1
875,N56423 /1 undetected,output,,N56423,N56423,1,undetected,N56423,N56423,N56423,sa1,1
876,N56418 /1 undetected,output,,N56418,N56418,1,undetected,N56418,N56418,N56418,sa1,1
877,N56421 /1 undetected,output,,N56421,N56421,1,undetected,N56421,N56421,N56421,sa1,1
878,N56420 /1 undetected,output,,N56420,N56420,1,undetected,N56420,N56420,N56420,sa1,1
879,N59897 /1 undetected,output,,N59897,N59897,1,undetected,N59897,N59897,N59897,sa1,1
880,N15758 /1 undetected,output,,N15758,N15758,1,undetected,N15758,N15758,N15758,sa1,1
881,N12574 /1 undetected,output,,N12574,N12574,1,undetected,N12574,N12574,N12574,sa1,1
882,N12701 /1 undetected,output,,N12701,N12701,1,undetected,N12701,N12701,N12701,sa1,1
883,N12700 /1 undetected,output,,N12700,N12700,1,undetected,N12700,N12700,N12700,sa1,1
884,N12689 /1 undetected,output,,N12689,N12689,1,undetected,N12689,N12689,N12689,sa1,1
885,N46666 /1 undetected,output,,N46666,N46666,1,undetected,N46666,N46666,N46666,sa1,1
886,N12527 /1 undetected,output,,N12527,N12527,1,undetected,N12527,N12527,N12527,sa1,1
887,N12688 /1 undetected,output,,N12688,N12688,1,undetected,N12688,N12688,N12688,sa1,1
888,N46670 /1 undetected,output,,N46670,N46670,1,undetected,N46670,N46670,N46670,sa1,1
889,N12526 /1 undetected,output,,N12526,N12526,1,undetected,N12526,N12526,N12526,sa1,1
890,N12687 /1 undetected,output,,N12687,N12687,1,undetected,N12687,N12687,N12687,sa1,1
891,N58008 /1 undetected,output,,N58008,N58008,1,undetected,N58008,N58008,N58008,sa1,1
892,N47466 /1 undetected,output,,N47466,N47466,1,undetected,N47466,N47466,N47466,sa1,1
893,N12690 /1 undetected,output,,N12690,N12690,1,undetected,N12690,N12690,N12690,sa1,1
894,N12577 /1 undetected,output,,N12577,N12577,1,undetected,N12577,N12577,N12577,sa1,1
895,N12616 /1 undetected,output,,N12616,N12616,1,undetected,N12616,N12616,N12616,sa1,1
896,__tpi_not_test_en->__tpi_cp_232_N11019 /1 undetected,input_edge,__tpi_not_test_en,__tpi_cp_232_N11019,__tpi_cp_232_N11019,1,undetected,__tpi_cp_232_N11019,__tpi_cp_232_N11019,__tpi_cp_232_N11019,sa1,1
897,N59863 /1 undetected,output,,N59863,N59863,1,undetected,N59863,N59863,N59863,sa1,1
898,N14682 /1 undetected,output,,N14682,N14682,1,undetected,N14682,N14682,N14682,sa1,1
899,N14586 /1 undetected,output,,N14586,N14586,1,undetected,N14586,N14586,N14586,sa1,1
900,N14683 /1 undetected,output,,N14683,N14683,1,undetected,N14683,N14683,N14683,sa1,1
901,N14583 /1 undetected,output,,N14583,N14583,1,undetected,N14583,N14583,N14583,sa1,1
902,N14629 /1 undetected,output,,N14629,N14629,1,undetected,N14629,N14629,N14629,sa1,1
903,N14687 /1 undetected,output,,N14687,N14687,1,undetected,N14687,N14687,N14687,sa1,1
904,N14588 /1 undetected,output,,N14588,N14588,1,undetected,N14588,N14588,N14588,sa1,1
905,N14686 /1 undetected,output,,N14686,N14686,1,undetected,N14686,N14686,N14686,sa1,1
906,N50891 /1 undetected,output,,N50891,N50891,1,undetected,N50891,N50891,N50891,sa1,1
907,N14585 /1 undetected,output,,N14585,N14585,1,undetected,N14585,N14585,N14585,sa1,1
908,N14630 /1 undetected,output,,N14630,N14630,1,undetected,N14630,N14630,N14630,sa1,1
909,N14690 /1 undetected,output,,N14690,N14690,1,undetected,N14690,N14690,N14690,sa1,1
910,N14590 /1 undetected,output,,N14590,N14590,1,undetected,N14590,N14590,N14590,sa1,1
911,N14689 /1 undetected,output,,N14689,N14689,1,undetected,N14689,N14689,N14689,sa1,1
912,N14587 /1 undetected,output,,N14587,N14587,1,undetected,N14587,N14587,N14587,sa1,1
913,N14592 /1 undetected,output,,N14592,N14592,1,undetected,N14592,N14592,N14592,sa1,1
914,N14692 /1 undetected,output,,N14692,N14692,1,undetected,N14692,N14692,N14692,sa1,1
915,N14589 /1 undetected,output,,N14589,N14589,1,undetected,N14589,N14589,N14589,sa1,1
916,N14696 /1 undetected,output,,N14696,N14696,1,undetected,N14696,N14696,N14696,sa1,1
917,N14594 /1 undetected,output,,N14594,N14594,1,undetected,N14594,N14594,N14594,sa1,1
918,N14591 /1 undetected,output,,N14591,N14591,1,undetected,N14591,N14591,N14591,sa1,1
919,N14593 /1 undetected,output,,N14593,N14593,1,undetected,N14593,N14593,N14593,sa1,1
920,N55561 /1 undetected,output,,N55561,N55561,1,undetected,N55561,N55561,N55561,sa1,1
921,N55528 /1 undetected,output,,N55528,N55528,1,undetected,N55528,N55528,N55528,sa1,1
922,N3432 /1 undetected,output,,N3432,N3432,1,undetected,N3432,N3432,N3432,sa1,1
923,N43216 /1 undetected,output,,N43216,N43216,1,undetected,N43216,N43216,N43216,sa1,1
924,__tpi_not_test_en->__tpi_cp_350_N5041 /1 undetected,input_edge,__tpi_not_test_en,__tpi_cp_350_N5041,__tpi_cp_350_N5041,1,undetected,__tpi_cp_350_N5041,__tpi_cp_350_N5041,__tpi_cp_350_N5041,sa1,1
925,__tpi_not_test_en->__tpi_cp_208_N31526 /1 undetected,input_edge,__tpi_not_test_en,__tpi_cp_208_N31526,__tpi_cp_208_N31526,1,undetected,__tpi_cp_208_N31526,__tpi_cp_208_N31526,__tpi_cp_208_N31526,sa1,1
926,N3426 /1 undetected,output,,N3426,N3426,1,undetected,N3426,N3426,N3426,sa1,1
927,N43121 /1 undetected,output,,N43121,N43121,1,undetected,N43121,N43121,N43121,sa1,1
928,N55560 /1 undetected,output,,N55560,N55560,1,undetected,N55560,N55560,N55560,sa1,1
929,N10497 /1 undetected,output,,N10497,N10497,1,undetected,N10497,N10497,N10497,sa1,1
930,N6667 /1 undetected,output,,N6667,N6667,1,undetected,N6667,N6667,N6667,sa1,1
931,N49226 /1 undetected,output,,N49226,N49226,1,undetected,N49226,N49226,N49226,sa1,1
932,N46917 /1 undetected,output,,N46917,N46917,1,undetected,N46917,N46917,N46917,sa1,1
933,N56466 /1 undetected,output,,N56466,N56466,1,undetected,N56466,N56466,N56466,sa1,1
934,__tpi_not_test_en->__tpi_cp_378_N5040 /1 undetected,input_edge,__tpi_not_test_en,__tpi_cp_378_N5040,__tpi_cp_378_N5040,1,undetected,__tpi_cp_378_N5040,__tpi_cp_378_N5040,__tpi_cp_378_N5040,sa1,1
935,__tpi_not_test_en->__tpi_cp_55_N13548 /1 undetected,input_edge,__tpi_not_test_en,__tpi_cp_55_N13548,__tpi_cp_55_N13548,1,undetected,__tpi_cp_55_N13548,__tpi_cp_55_N13548,__tpi_cp_55_N13548,sa1,1
936,__tpi_not_test_en->__tpi_cp_53_N13050 /1 undetected,input_edge,__tpi_not_test_en,__tpi_cp_53_N13050,__tpi_cp_53_N13050,1,undetected,__tpi_cp_53_N13050,__tpi_cp_53_N13050,__tpi_cp_53_N13050,sa1,1
937,__tpi_not_test_en->__tpi_cp_51_N9167 /1 undetected,input_edge,__tpi_not_test_en,__tpi_cp_51_N9167,__tpi_cp_51_N9167,1,undetected,__tpi_cp_51_N9167,__tpi_cp_51_N9167,__tpi_cp_51_N9167,sa1,1
938,test_en->__tpi_cp_48_N15817 /0 undetected,input_edge,test_en,__tpi_cp_48_N15817,__tpi_cp_48_N15817,0,undetected,__tpi_cp_48_N15817,__tpi_cp_48_N15817,__tpi_cp_48_N15817,sa0,1
939,test_en->__tpi_cp_137_N23462 /0 undetected,input_edge,test_en,__tpi_cp_137_N23462,__tpi_cp_137_N23462,0,undetected,__tpi_cp_137_N23462,__tpi_cp_137_N23462,__tpi_cp_137_N23462,sa0,1
940,test_en->__tpi_cp_121_N23558 /0 undetected,input_edge,test_en,__tpi_cp_121_N23558,__tpi_cp_121_N23558,0,undetected,__tpi_cp_121_N23558,__tpi_cp_121_N23558,__tpi_cp_121_N23558,sa0,1
941,test_en->__tpi_cp_117_N23487 /0 undetected,input_edge,test_en,__tpi_cp_117_N23487,__tpi_cp_117_N23487,0,undetected,__tpi_cp_117_N23487,__tpi_cp_117_N23487,__tpi_cp_117_N23487,sa0,1
942,test_en->__tpi_cp_119_N23512 /0 undetected,input_edge,test_en,__tpi_cp_119_N23512,__tpi_cp_119_N23512,0,undetected,__tpi_cp_119_N23512,__tpi_cp_119_N23512,__tpi_cp_119_N23512,sa0,1
943,__tpi_not_test_en->__tpi_cp_250_N31379 /1 undetected,input_edge,__tpi_not_test_en,__tpi_cp_250_N31379,__tpi_cp_250_N31379,1,undetected,__tpi_cp_250_N31379,__tpi_cp_250_N31379,__tpi_cp_250_N31379,sa1,1
944,N8982->N29883 /1 undetected,input_edge,N8982,N29883,N29883,1,undetected,N29883,N29883,N29883,sa1,1
945,__tpi_not_test_en->__tpi_cp_262_N23972 /1 undetected,input_edge,__tpi_not_test_en,__tpi_cp_262_N23972,__tpi_cp_262_N23972,1,undetected,__tpi_cp_262_N23972,__tpi_cp_262_N23972,__tpi_cp_262_N23972,sa1,1
946,N15778 /1 undetected,output,,N15778,N15778,1,undetected,N15778,N15778,N15778,sa1,1
947,N15829 /1 undetected,output,,N15829,N15829,1,undetected,N15829,N15829,N15829,sa1,1
948,N59900 /1 undetected,output,,N59900,N59900,1,undetected,N59900,N59900,N59900,sa1,1
949,test_en->__tpi_cp_273_N31439 /0 undetected,input_edge,test_en,__tpi_cp_273_N31439,__tpi_cp_273_N31439,0,undetected,__tpi_cp_273_N31439,__tpi_cp_273_N31439,__tpi_cp_273_N31439,sa0,1
950,__tpi_not_test_en->__tpi_cp_134_N31365 /1 undetected,input_edge,__tpi_not_test_en,__tpi_cp_134_N31365,__tpi_cp_134_N31365,1,undetected,__tpi_cp_134_N31365,__tpi_cp_134_N31365,__tpi_cp_134_N31365,sa1,1
951,N8931 /1 undetected,output,,N8931,N8931,1,undetected,N8931,N8931,N8931,sa1,1
952,N46918 /1 undetected,output,,N46918,N46918,1,undetected,N46918,N46918,N46918,sa1,1
953,N56467 /1 undetected,output,,N56467,N56467,1,undetected,N56467,N56467,N56467,sa1,1
954,N55567 /1 undetected,output,,N55567,N55567,1,undetected,N55567,N55567,N55567,sa1,1
955,N8912 /1 undetected,output,,N8912,N8912,1,undetected,N8912,N8912,N8912,sa1,1
956,test_en->__tpi_cp_145_N36808 /0 undetected,input_edge,test_en,__tpi_cp_145_N36808,__tpi_cp_145_N36808,0,undetected,__tpi_cp_145_N36808,__tpi_cp_145_N36808,__tpi_cp_145_N36808,sa0,1
957,N3435 /1 undetected,output,,N3435,N3435,1,undetected,N3435,N3435,N3435,sa1,1
958,N43263 /1 undetected,output,,N43263,N43263,1,undetected,N43263,N43263,N43263,sa1,1
959,__tpi_not_test_en->__tpi_cp_314_N5042 /1 undetected,input_edge,__tpi_not_test_en,__tpi_cp_314_N5042,__tpi_cp_314_N5042,1,undetected,__tpi_cp_314_N5042,__tpi_cp_314_N5042,__tpi_cp_314_N5042,sa1,1
960,N59860 /1 undetected,output,,N59860,N59860,1,undetected,N59860,N59860,N59860,sa1,1
961,N59902 /1 undetected,output,,N59902,N59902,1,undetected,N59902,N59902,N59902,sa1,1
962,__tpi_not_test_en->__tpi_cp_256_N15759 /1 undetected,input_edge,__tpi_not_test_en,__tpi_cp_256_N15759,__tpi_cp_256_N15759,1,undetected,__tpi_cp_256_N15759,__tpi_cp_256_N15759,__tpi_cp_256_N15759,sa1,1
963,__tpi_cp_256_N15759 /1 undetected,output,,__tpi_cp_256_N15759,__tpi_cp_256_N15759,1,undetected,__tpi_cp_256_N15759,__tpi_cp_256_N15759,__tpi_cp_256_N15759,sa1,1
964,N15759 /1 undetected,output,,N15759,N15759,1,undetected,N15759,N15759,N15759,sa1,1
965,N55566 /1 undetected,output,,N55566,N55566,1,undetected,N55566,N55566,N55566,sa1,1
966,N55525 /1 undetected,output,,N55525,N55525,1,undetected,N55525,N55525,N55525,sa1,1
967,N6670 /1 undetected,output,,N6670,N6670,1,undetected,N6670,N6670,N6670,sa1,1
968,N49176 /1 undetected,output,,N49176,N49176,1,undetected,N49176,N49176,N49176,sa1,1
969,N46916 /1 undetected,output,,N46916,N46916,1,undetected,N46916,N46916,N46916,sa1,1
970,N56465 /1 undetected,output,,N56465,N56465,1,undetected,N56465,N56465,N56465,sa1,1
971,__tpi_not_test_en->__tpi_cp_200_N11270 /1 undetected,input_edge,__tpi_not_test_en,__tpi_cp_200_N11270,__tpi_cp_200_N11270,1,undetected,__tpi_cp_200_N11270,__tpi_cp_200_N11270,__tpi_cp_200_N11270,sa1,1
972,__tpi_not_test_en->__tpi_cp_49_N18782 /1 undetected,input_edge,__tpi_not_test_en,__tpi_cp_49_N18782,__tpi_cp_49_N18782,1,undetected,__tpi_cp_49_N18782,__tpi_cp_49_N18782,__tpi_cp_49_N18782,sa1,1
973,__tpi_not_test_en->__tpi_cp_47_N17682 /1 undetected,input_edge,__tpi_not_test_en,__tpi_cp_47_N17682,__tpi_cp_47_N17682,1,undetected,__tpi_cp_47_N17682,__tpi_cp_47_N17682,__tpi_cp_47_N17682,sa1,1
974,__tpi_not_test_en->__tpi_cp_45_N17181 /1 undetected,input_edge,__tpi_not_test_en,__tpi_cp_45_N17181,__tpi_cp_45_N17181,1,undetected,__tpi_cp_45_N17181,__tpi_cp_45_N17181,__tpi_cp_45_N17181,sa1,1
975,N12811 /1 undetected,output,,N12811,N12811,1,undetected,N12811,N12811,N12811,sa1,1
976,N12769 /1 undetected,output,,N12769,N12769,1,undetected,N12769,N12769,N12769,sa1,1
977,__tpi_not_test_en->__tpi_cp_266_N23973 /1 undetected,input_edge,__tpi_not_test_en,__tpi_cp_266_N23973,__tpi_cp_266_N23973,1,undetected,__tpi_cp_266_N23973,__tpi_cp_266_N23973,__tpi_cp_266_N23973,sa1,1
978,N3361 /1 undetected,output,,N3361,N3361,1,undetected,N3361,N3361,N3361,sa1,1
979,N48170 /1 undetected,output,,N48170,N48170,1,undetected,N48170,N48170,N48170,sa1,1
980,N45271 /1 undetected,output,,N45271,N45271,1,undetected,N45271,N45271,N45271,sa1,1
981,N46954 /1 undetected,output,,N46954,N46954,1,undetected,N46954,N46954,N46954,sa1,1
982,N3437 /1 undetected,output,,N3437,N3437,1,undetected,N3437,N3437,N3437,sa1,1
983,N46986 /1 undetected,output,,N46986,N46986,1,undetected,N46986,N46986,N46986,sa1,1
984,N3438 /1 undetected,output,,N3438,N3438,1,undetected,N3438,N3438,N3438,sa1,1
985,N43588 /1 undetected,output,,N43588,N43588,1,undetected,N43588,N43588,N43588,sa1,1
986,test_en->__tpi_cp_36_N8969 /0 undetected,input_edge,test_en,__tpi_cp_36_N8969,__tpi_cp_36_N8969,0,undetected,__tpi_cp_36_N8969,__tpi_cp_36_N8969,__tpi_cp_36_N8969,sa0,1
987,test_en->__tpi_cp_34_N15816 /0 undetected,input_edge,test_en,__tpi_cp_34_N15816,__tpi_cp_34_N15816,0,undetected,__tpi_cp_34_N15816,__tpi_cp_34_N15816,__tpi_cp_34_N15816,sa0,1
988,test_en->__tpi_cp_6_N23253 /0 undetected,input_edge,test_en,__tpi_cp_6_N23253,__tpi_cp_6_N23253,0,undetected,__tpi_cp_6_N23253,__tpi_cp_6_N23253,__tpi_cp_6_N23253,sa0,1
989,__tpi_not_test_en->__tpi_cp_124_N23251 /1 undetected,input_edge,__tpi_not_test_en,__tpi_cp_124_N23251,__tpi_cp_124_N23251,1,undetected,__tpi_cp_124_N23251,__tpi_cp_124_N23251,__tpi_cp_124_N23251,sa1,1
990,test_en->__tpi_cp_231_N34174 /0 undetected,input_edge,test_en,__tpi_cp_231_N34174,__tpi_cp_231_N34174,0,undetected,__tpi_cp_231_N34174,__tpi_cp_231_N34174,__tpi_cp_231_N34174,sa0,1
991,__tpi_not_test_en->__tpi_cp_86_N15076 /1 undetected,input_edge,__tpi_not_test_en,__tpi_cp_86_N15076,__tpi_cp_86_N15076,1,undetected,__tpi_cp_86_N15076,__tpi_cp_86_N15076,__tpi_cp_86_N15076,sa1,1
992,test_en->__tpi_cp_173_N34220 /0 undetected,input_edge,test_en,__tpi_cp_173_N34220,__tpi_cp_173_N34220,0,undetected,__tpi_cp_173_N34220,__tpi_cp_173_N34220,__tpi_cp_173_N34220,sa0,1
993,test_en->__tpi_cp_253_N34225 /0 undetected,input_edge,test_en,__tpi_cp_253_N34225,__tpi_cp_253_N34225,0,undetected,__tpi_cp_253_N34225,__tpi_cp_253_N34225,__tpi_cp_253_N34225,sa0,1
994,test_en->__tpi_cp_245_N34224 /0 undetected,input_edge,test_en,__tpi_cp_245_N34224,__tpi_cp_245_N34224,0,undetected,__tpi_cp_245_N34224,__tpi_cp_245_N34224,__tpi_cp_245_N34224,sa0,1
995,__tpi_not_test_en->__tpi_cp_148_N15075 /1 undetected,input_edge,__tpi_not_test_en,__tpi_cp_148_N15075,__tpi_cp_148_N15075,1,undetected,__tpi_cp_148_N15075,__tpi_cp_148_N15075,__tpi_cp_148_N15075,sa1,1
996,test_en->__tpi_cp_189_N34221 /0 undetected,input_edge,test_en,__tpi_cp_189_N34221,__tpi_cp_189_N34221,0,undetected,__tpi_cp_189_N34221,__tpi_cp_189_N34221,__tpi_cp_189_N34221,sa0,1
997,N59905 /1 undetected,output,,N59905,N59905,1,undetected,N59905,N59905,N59905,sa1,1
998,__tpi_not_test_en->__tpi_cp_90_N11230 /1 undetected,input_edge,__tpi_not_test_en,__tpi_cp_90_N11230,__tpi_cp_90_N11230,1,undetected,__tpi_cp_90_N11230,__tpi_cp_90_N11230,__tpi_cp_90_N11230,sa1,1
999,N46919 /1 undetected,output,,N46919,N46919,1,undetected,N46919,N46919,N46919,sa1,1
1000,N56468 /1 undetected,output,,N56468,N56468,1,undetected,N56468,N56468,N56468,sa1,1
1001,N8984 /1 undetected,output,,N8984,N8984,1,undetected,N8984,N8984,N8984,sa1,1
1002,N8275 /1 undetected,output,,N8275,N8275,1,undetected,N8275,N8275,N8275,sa1,1
1003,N8210 /1 undetected,output,,N8210,N8210,1,undetected,N8210,N8210,N8210,sa1,1
1004,N55064 /1 undetected,output,,N55064,N55064,1,undetected,N55064,N55064,N55064,sa1,1
1005,N59906 /1 undetected,output,,N59906,N59906,1,undetected,N59906,N59906,N59906,sa1,1
1006,N59857 /1 undetected,output,,N59857,N59857,1,undetected,N59857,N59857,N59857,sa1,1
1007,N2517 /1 undetected,output,,N2517,N2517,1,undetected,N2517,N2517,N2517,sa1,1
1008,N42331 /1 undetected,output,,N42331,N42331,1,undetected,N42331,N42331,N42331,sa1,1
1009,__tpi_not_test_en->__tpi_cp_212_N15770 /1 undetected,input_edge,__tpi_not_test_en,__tpi_cp_212_N15770,__tpi_cp_212_N15770,1,undetected,__tpi_cp_212_N15770,__tpi_cp_212_N15770,__tpi_cp_212_N15770,sa1,1
1010,N15770 /1 undetected,output,,N15770,N15770,1,undetected,N15770,N15770,N15770,sa1,1
1011,N34816 /1 undetected,output,,N34816,N34816,1,undetected,N34816,N34816,N34816,sa1,1
1012,N34815 /1 undetected,output,,N34815,N34815,1,undetected,N34815,N34815,N34815,sa1,1
1013,N55572 /1 undetected,output,,N55572,N55572,1,undetected,N55572,N55572,N55572,sa1,1
1014,__tpi_not_test_en->__tpi_cp_242_N8913 /1 undetected,input_edge,__tpi_not_test_en,__tpi_cp_242_N8913,__tpi_cp_242_N8913,1,undetected,__tpi_cp_242_N8913,__tpi_cp_242_N8913,__tpi_cp_242_N8913,sa1,1
1015,__tpi_cp_242_N8913 /1 undetected,output,,__tpi_cp_242_N8913,__tpi_cp_242_N8913,1,undetected,__tpi_cp_242_N8913,__tpi_cp_242_N8913,__tpi_cp_242_N8913,sa1,1
1016,N8913 /1 undetected,output,,N8913,N8913,1,undetected,N8913,N8913,N8913,sa1,1
1017,N15780 /1 undetected,output,,N15780,N15780,1,undetected,N15780,N15780,N15780,sa1,1
1018,N8933 /1 undetected,output,,N8933,N8933,1,undetected,N8933,N8933,N8933,sa1,1
1019,N46920 /1 undetected,output,,N46920,N46920,1,undetected,N46920,N46920,N46920,sa1,1
1020,N56469 /1 undetected,output,,N56469,N56469,1,undetected,N56469,N56469,N56469,sa1,1
1021,N8277 /1 undetected,output,,N8277,N8277,1,undetected,N8277,N8277,N8277,sa1,1
1022,N8211 /1 undetected,output,,N8211,N8211,1,undetected,N8211,N8211,N8211,sa1,1
1023,N54962 /1 undetected,output,,N54962,N54962,1,undetected,N54962,N54962,N54962,sa1,1
1024,N1713 /1 undetected,output,,N1713,N1713,1,undetected,N1713,N1713,N1713,sa1,1
1025,N45272 /1 undetected,output,,N45272,N45272,1,undetected,N45272,N45272,N45272,sa1,1
1026,N3364 /1 undetected,output,,N3364,N3364,1,undetected,N3364,N3364,N3364,sa1,1
1027,N3441 /1 undetected,output,,N3441,N3441,1,undetected,N3441,N3441,N3441,sa1,1
1028,N43631 /1 undetected,output,,N43631,N43631,1,undetected,N43631,N43631,N43631,sa1,1
1029,N48203 /1 undetected,output,,N48203,N48203,1,undetected,N48203,N48203,N48203,sa1,1
1030,__tpi_not_test_en->__tpi_cp_300_N5032 /1 undetected,input_edge,__tpi_not_test_en,__tpi_cp_300_N5032,__tpi_cp_300_N5032,1,undetected,__tpi_cp_300_N5032,__tpi_cp_300_N5032,__tpi_cp_300_N5032,sa1,1
1031,test_en->__tpi_cp_163_N31494 /0 undetected,input_edge,test_en,__tpi_cp_163_N31494,__tpi_cp_163_N31494,0,undetected,__tpi_cp_163_N31494,__tpi_cp_163_N31494,__tpi_cp_163_N31494,sa0,1
1032,__tpi_not_test_en->__tpi_cp_110_N11226 /1 undetected,input_edge,__tpi_not_test_en,__tpi_cp_110_N11226,__tpi_cp_110_N11226,1,undetected,__tpi_cp_110_N11226,__tpi_cp_110_N11226,__tpi_cp_110_N11226,sa1,1
1033,test_en->__tpi_cp_56_N8968 /0 undetected,input_edge,test_en,__tpi_cp_56_N8968,__tpi_cp_56_N8968,0,undetected,__tpi_cp_56_N8968,__tpi_cp_56_N8968,__tpi_cp_56_N8968,sa0,1
1034,N15833 /1 undetected,output,,N15833,N15833,1,undetected,N15833,N15833,N15833,sa1,1
1035,N8237 /1 undetected,output,,N8237,N8237,1,undetected,N8237,N8237,N8237,sa1,1
1036,N40962 /1 undetected,output,,N40962,N40962,1,undetected,N40962,N40962,N40962,sa1,1
1037,N8163 /0 undetected,output,,N8163,N8163,0,undetected,N8163,N8163,N8163,sa0,1
1038,N40964 /1 undetected,output,,N40964,N40964,1,undetected,N40964,N40964,N40964,sa1,1
1039,N40935 /1 undetected,output,,N40935,N40935,1,undetected,N40935,N40935,N40935,sa1,1
1040,__tpi_not_test_en->__tpi_cp_130_N22975 /1 undetected,input_edge,__tpi_not_test_en,__tpi_cp_130_N22975,__tpi_cp_130_N22975,1,undetected,__tpi_cp_130_N22975,__tpi_cp_130_N22975,__tpi_cp_130_N22975,sa1,1
1041,__tpi_not_test_en->__tpi_cp_118_N12678 /1 undetected,input_edge,__tpi_not_test_en,__tpi_cp_118_N12678,__tpi_cp_118_N12678,1,undetected,__tpi_cp_118_N12678,__tpi_cp_118_N12678,__tpi_cp_118_N12678,sa1,1
1042,N8986 /1 undetected,output,,N8986,N8986,1,undetected,N8986,N8986,N8986,sa1,1
1043,N54326 /1 undetected,output,,N54326,N54326,1,undetected,N54326,N54326,N54326,sa1,1
1044,N51323 /1 undetected,output,,N51323,N51323,1,undetected,N51323,N51323,N51323,sa1,1
1045,test_en->__tpi_cp_387_N59910 /0 undetected,input_edge,test_en,__tpi_cp_387_N59910,__tpi_cp_387_N59910,0,undetected,__tpi_cp_387_N59910,__tpi_cp_387_N59910,__tpi_cp_387_N59910,sa0,1
1046,__tpi_cp_387_N59910 /1 undetected,output,,__tpi_cp_387_N59910,__tpi_cp_387_N59910,1,undetected,__tpi_cp_387_N59910,__tpi_cp_387_N59910,__tpi_cp_387_N59910,sa1,1
1047,N59854 /1 undetected,output,,N59854,N59854,1,undetected,N59854,N59854,N59854,sa1,1
1048,test_en->__tpi_cp_161_N59933 /0 undetected,input_edge,test_en,__tpi_cp_161_N59933,__tpi_cp_161_N59933,0,undetected,__tpi_cp_161_N59933,__tpi_cp_161_N59933,__tpi_cp_161_N59933,sa0,1
1049,N34814 /1 undetected,output,,N34814,N34814,1,undetected,N34814,N34814,N34814,sa1,1
1050,N34813 /1 undetected,output,,N34813,N34813,1,undetected,N34813,N34813,N34813,sa1,1
1051,N10410 /1 undetected,output,,N10410,N10410,1,undetected,N10410,N10410,N10410,sa1,1
1052,N10318 /1 undetected,output,,N10318,N10318,1,undetected,N10318,N10318,N10318,sa1,1
1053,test_en->__tpi_cp_151_N22688 /0 undetected,input_edge,test_en,__tpi_cp_151_N22688,__tpi_cp_151_N22688,0,undetected,__tpi_cp_151_N22688,__tpi_cp_151_N22688,__tpi_cp_151_N22688,sa0,1
1054,N55577 /1 undetected,output,,N55577,N55577,1,undetected,N55577,N55577,N55577,sa1,1
1055,N8914 /1 undetected,output,,N8914,N8914,1,undetected,N8914,N8914,N8914,sa1,1
1056,N8260 /0 undetected,output,,N8260,N8260,0,undetected,N8260,N8260,N8260,sa0,1
1057,N8279 /1 undetected,output,,N8279,N8279,1,undetected,N8279,N8279,N8279,sa1,1
1058,N8208 /1 undetected,output,,N8208,N8208,1,undetected,N8208,N8208,N8208,sa1,1
1059,N54960 /1 undetected,output,,N54960,N54960,1,undetected,N54960,N54960,N54960,sa1,1
1060,N46921 /1 undetected,output,,N46921,N46921,1,undetected,N46921,N46921,N46921,sa1,1
1061,N56470 /1 undetected,output,,N56470,N56470,1,undetected,N56470,N56470,N56470,sa1,1
1062,N935 /0 undetected,output,,N935,N935,0,undetected,N935,N935,N935,sa0,1
1063,N3365 /1 undetected,output,,N3365,N3365,1,undetected,N3365,N3365,N3365,sa1,1
1064,N1714 /1 undetected,output,,N1714,N1714,1,undetected,N1714,N1714,N1714,sa1,1
1065,N45273 /1 undetected,output,,N45273,N45273,1,undetected,N45273,N45273,N45273,sa1,1
1066,N3366 /1 undetected,output,,N3366,N3366,1,undetected,N3366,N3366,N3366,sa1,1
1067,N46956 /1 undetected,output,,N46956,N46956,1,undetected,N46956,N46956,N46956,sa1,1
1068,N46988 /1 undetected,output,,N46988,N46988,1,undetected,N46988,N46988,N46988,sa1,1
1069,N46672 /1 undetected,output,,N46672,N46672,1,undetected,N46672,N46672,N46672,sa1,1
1070,N1738 /1 undetected,output,,N1738,N1738,1,undetected,N1738,N1738,N1738,sa1,1
1071,N3444 /1 undetected,output,,N3444,N3444,1,undetected,N3444,N3444,N3444,sa1,1
1072,N43376 /1 undetected,output,,N43376,N43376,1,undetected,N43376,N43376,N43376,sa1,1
1073,N3442 /1 undetected,output,,N3442,N3442,1,undetected,N3442,N3442,N3442,sa1,1
1074,N48204 /1 undetected,output,,N48204,N48204,1,undetected,N48204,N48204,N48204,sa1,1
1075,__tpi_not_test_en->__tpi_cp_330_N5033 /1 undetected,input_edge,__tpi_not_test_en,__tpi_cp_330_N5033,__tpi_cp_330_N5033,1,undetected,__tpi_cp_330_N5033,__tpi_cp_330_N5033,__tpi_cp_330_N5033,sa1,1
1076,N59909 /1 undetected,output,,N59909,N59909,1,undetected,N59909,N59909,N59909,sa1,1
1077,N55576 /1 undetected,output,,N55576,N55576,1,undetected,N55576,N55576,N55576,sa1,1
1078,N55519 /1 undetected,output,,N55519,N55519,1,undetected,N55519,N55519,N55519,sa1,1
1079,N54327 /1 undetected,output,,N54327,N54327,1,undetected,N54327,N54327,N54327,sa1,1
1080,N51324 /1 undetected,output,,N51324,N51324,1,undetected,N51324,N51324,N51324,sa1,1
1081,N6679 /1 undetected,output,,N6679,N6679,1,undetected,N6679,N6679,N6679,sa1,1
1082,N49695 /1 undetected,output,,N49695,N49695,1,undetected,N49695,N49695,N49695,sa1,1
1083,N16042 /1 undetected,output,,N16042,N16042,1,undetected,N16042,N16042,N16042,sa1,1
1084,N16041 /1 undetected,output,,N16041,N16041,1,undetected,N16041,N16041,N16041,sa1,1
1085,N16038 /1 undetected,output,,N16038,N16038,1,undetected,N16038,N16038,N16038,sa1,1
1086,N16033 /1 undetected,output,,N16033,N16033,1,undetected,N16033,N16033,N16033,sa1,1
1087,N16026 /1 undetected,output,,N16026,N16026,1,undetected,N16026,N16026,N16026,sa1,1
1088,N16023 /1 undetected,output,,N16023,N16023,1,undetected,N16023,N16023,N16023,sa1,1
1089,N16022 /1 undetected,output,,N16022,N16022,1,undetected,N16022,N16022,N16022,sa1,1
1090,N16021 /1 undetected,output,,N16021,N16021,1,undetected,N16021,N16021,N16021,sa1,1
1091,N52808 /1 undetected,output,,N52808,N52808,1,undetected,N52808,N52808,N52808,sa1,1
1092,N15883 /1 undetected,output,,N15883,N15883,1,undetected,N15883,N15883,N15883,sa1,1
1093,N16020 /1 undetected,output,,N16020,N16020,1,undetected,N16020,N16020,N16020,sa1,1
1094,N16019 /1 undetected,output,,N16019,N16019,1,undetected,N16019,N16019,N16019,sa1,1
1095,N15953 /1 undetected,output,,N15953,N15953,1,undetected,N15953,N15953,N15953,sa1,1
1096,N16016 /1 undetected,output,,N16016,N16016,1,undetected,N16016,N16016,N16016,sa1,1
1097,N52388 /1 undetected,output,,N52388,N52388,1,undetected,N52388,N52388,N52388,sa1,1
1098,N15911 /1 undetected,output,,N15911,N15911,1,undetected,N15911,N15911,N15911,sa1,1
1099,N15980 /1 undetected,output,,N15980,N15980,1,undetected,N15980,N15980,N15980,sa1,1
1100,N52449 /1 undetected,output,,N52449,N52449,1,undetected,N52449,N52449,N52449,sa1,1
1101,N15912 /1 undetected,output,,N15912,N15912,1,undetected,N15912,N15912,N15912,sa1,1
1102,N15977 /1 undetected,output,,N15977,N15977,1,undetected,N15977,N15977,N15977,sa1,1
1103,N52512 /1 undetected,output,,N52512,N52512,1,undetected,N52512,N52512,N52512,sa1,1
1104,N15913 /1 undetected,output,,N15913,N15913,1,undetected,N15913,N15913,N15913,sa1,1
1105,N15954 /1 undetected,output,,N15954,N15954,1,undetected,N15954,N15954,N15954,sa1,1
1106,N59951 /1 undetected,output,,N59951,N59951,1,undetected,N59951,N59951,N59951,sa1,1
1107,N15955 /1 undetected,output,,N15955,N15955,1,undetected,N15955,N15955,N15955,sa1,1
1108,N16025 /1 undetected,output,,N16025,N16025,1,undetected,N16025,N16025,N16025,sa1,1
1109,N52802 /1 undetected,output,,N52802,N52802,1,undetected,N52802,N52802,N52802,sa1,1
1110,N15917 /1 undetected,output,,N15917,N15917,1,undetected,N15917,N15917,N15917,sa1,1
1111,N16024 /1 undetected,output,,N16024,N16024,1,undetected,N16024,N16024,N16024,sa1,1
1112,N52805 /1 undetected,output,,N52805,N52805,1,undetected,N52805,N52805,N52805,sa1,1
1113,N15882 /1 undetected,output,,N15882,N15882,1,undetected,N15882,N15882,N15882,sa1,1
1114,N15959 /1 undetected,output,,N15959,N15959,1,undetected,N15959,N15959,N15959,sa1,1
1115,N23397 /1 undetected,output,,N23397,N23397,1,undetected,N23397,N23397,N23397,sa1,1
1116,N23396 /1 undetected,output,,N23396,N23396,1,undetected,N23396,N23396,N23396,sa1,1
1117,N16031 /1 undetected,output,,N16031,N16031,1,undetected,N16031,N16031,N16031,sa1,1
1118,N52691 /1 undetected,output,,N52691,N52691,1,undetected,N52691,N52691,N52691,sa1,1
1119,N15881 /1 undetected,output,,N15881,N15881,1,undetected,N15881,N15881,N15881,sa1,1
1120,N16030 /1 undetected,output,,N16030,N16030,1,undetected,N16030,N16030,N16030,sa1,1
1121,N59952 /1 undetected,output,,N59952,N59952,1,undetected,N59952,N59952,N59952,sa1,1
1122,N15957 /1 undetected,output,,N15957,N15957,1,undetected,N15957,N15957,N15957,sa1,1
1123,N52586 /1 undetected,output,,N52586,N52586,1,undetected,N52586,N52586,N52586,sa1,1
1124,N15914 /1 undetected,output,,N15914,N15914,1,undetected,N15914,N15914,N15914,sa1,1
1125,N16032 /1 undetected,output,,N16032,N16032,1,undetected,N16032,N16032,N16032,sa1,1
1126,N53674 /1 undetected,output,,N53674,N53674,1,undetected,N53674,N53674,N53674,sa1,1
1127,N15920 /1 undetected,output,,N15920,N15920,1,undetected,N15920,N15920,N15920,sa1,1
1128,N15958 /1 undetected,output,,N15958,N15958,1,undetected,N15958,N15958,N15958,sa1,1
1129,N59988 /1 undetected,output,,N59988,N59988,1,undetected,N59988,N59988,N59988,sa1,1
1130,N16029 /1 undetected,output,,N16029,N16029,1,undetected,N16029,N16029,N16029,sa1,1
1131,N59977 /1 undetected,output,,N59977,N59977,1,undetected,N59977,N59977,N59977,sa1,1
1132,N15956 /1 undetected,output,,N15956,N15956,1,undetected,N15956,N15956,N15956,sa1,1
1133,N52651 /1 undetected,output,,N52651,N52651,1,undetected,N52651,N52651,N52651,sa1,1
1134,N15880 /1 undetected,output,,N15880,N15880,1,undetected,N15880,N15880,N15880,sa1,1
1135,N15961 /1 undetected,output,,N15961,N15961,1,undetected,N15961,N15961,N15961,sa1,1
1136,N23398 /1 undetected,output,,N23398,N23398,1,undetected,N23398,N23398,N23398,sa1,1
1137,N16035 /1 undetected,output,,N16035,N16035,1,undetected,N16035,N16035,N16035,sa1,1
1138,N52787 /1 undetected,output,,N52787,N52787,1,undetected,N52787,N52787,N52787,sa1,1
1139,N15915 /1 undetected,output,,N15915,N15915,1,undetected,N15915,N15915,N15915,sa1,1
1140,N16034 /1 undetected,output,,N16034,N16034,1,undetected,N16034,N16034,N16034,sa1,1
1141,N59989 /1 undetected,output,,N59989,N59989,1,undetected,N59989,N59989,N59989,sa1,1
1142,N15960 /1 undetected,output,,N15960,N15960,1,undetected,N15960,N15960,N15960,sa1,1
1143,N52790 /1 undetected,output,,N52790,N52790,1,undetected,N52790,N52790,N52790,sa1,1
1144,N15919 /1 undetected,output,,N15919,N15919,1,undetected,N15919,N15919,N15919,sa1,1
1145,N16036 /1 undetected,output,,N16036,N16036,1,undetected,N16036,N16036,N16036,sa1,1
1146,N52784 /1 undetected,output,,N52784,N52784,1,undetected,N52784,N52784,N52784,sa1,1
1147,N15879 /1 undetected,output,,N15879,N15879,1,undetected,N15879,N15879,N15879,sa1,1
1148,N15962 /1 undetected,output,,N15962,N15962,1,undetected,N15962,N15962,N15962,sa1,1
1149,N16039 /1 undetected,output,,N16039,N16039,1,undetected,N16039,N16039,N16039,sa1,1
1150,N15878 /1 undetected,output,,N15878,N15878,1,undetected,N15878,N15878,N15878,sa1,1
1151,N16028 /1 undetected,output,,N16028,N16028,1,undetected,N16028,N16028,N16028,sa1,1
1152,N53577 /1 undetected,output,,N53577,N53577,1,undetected,N53577,N53577,N53577,sa1,1
1153,N16037 /1 undetected,output,,N16037,N16037,1,undetected,N16037,N16037,N16037,sa1,1
1154,N52781 /1 undetected,output,,N52781,N52781,1,undetected,N52781,N52781,N52781,sa1,1
1155,N15923 /1 undetected,output,,N15923,N15923,1,undetected,N15923,N15923,N15923,sa1,1
1156,N52778 /1 undetected,output,,N52778,N52778,1,undetected,N52778,N52778,N52778,sa1,1
1157,N15924 /1 undetected,output,,N15924,N15924,1,undetected,N15924,N15924,N15924,sa1,1
1158,__tpi_not_test_en->__tpi_cp_84_N22958 /1 undetected,input_edge,__tpi_not_test_en,__tpi_cp_84_N22958,__tpi_cp_84_N22958,1,undetected,__tpi_cp_84_N22958,__tpi_cp_84_N22958,__tpi_cp_84_N22958,sa1,1
1159,test_en->__tpi_cp_165_N32436 /0 undetected,input_edge,test_en,__tpi_cp_165_N32436,__tpi_cp_165_N32436,0,undetected,__tpi_cp_165_N32436,__tpi_cp_165_N32436,__tpi_cp_165_N32436,sa0,1
1160,N8209 /1 undetected,output,,N8209,N8209,1,undetected,N8209,N8209,N8209,sa1,1
1161,N40838 /1 undetected,output,,N40838,N40838,1,undetected,N40838,N40838,N40838,sa1,1
1162,N15782 /1 undetected,output,,N15782,N15782,1,undetected,N15782,N15782,N15782,sa1,1
1163,N55575 /1 undetected,output,,N55575,N55575,1,undetected,N55575,N55575,N55575,sa1,1
1164,N15835->N34840 /1 undetected,input_edge,N15835,N34840,N34840,1,undetected,N34840,N34840,N34840,sa1,1
1165,N53010 /1 undetected,output,,N53010,N53010,1,undetected,N53010,N53010,N53010,sa1,1
1166,N59282 /1 undetected,output,,N59282,N59282,1,undetected,N59282,N59282,N59282,sa1,1
1167,test_en->__tpi_cp_153_N12514 /0 undetected,input_edge,test_en,__tpi_cp_153_N12514,__tpi_cp_153_N12514,0,undetected,__tpi_cp_153_N12514,__tpi_cp_153_N12514,__tpi_cp_153_N12514,sa0,1
1168,N8935 /1 undetected,output,,N8935,N8935,1,undetected,N8935,N8935,N8935,sa1,1
1169,N54325 /1 undetected,output,,N54325,N54325,1,undetected,N54325,N54325,N54325,sa1,1
1170,N51322 /1 undetected,output,,N51322,N51322,1,undetected,N51322,N51322,N51322,sa1,1
1171,__tpi_not_test_en->__tpi_cp_5_N15750 /1 undetected,input_edge,__tpi_not_test_en,__tpi_cp_5_N15750,__tpi_cp_5_N15750,1,undetected,__tpi_cp_5_N15750,__tpi_cp_5_N15750,__tpi_cp_5_N15750,sa1,1
1172,N15768 /1 undetected,output,,N15768,N15768,1,undetected,N15768,N15768,N15768,sa1,1
1173,N34812 /1 undetected,output,,N34812,N34812,1,undetected,N34812,N34812,N34812,sa1,1
1174,__tpi_not_test_en->__tpi_cp_342_N52648 /1 undetected,input_edge,__tpi_not_test_en,__tpi_cp_342_N52648,__tpi_cp_342_N52648,1,undetected,__tpi_cp_342_N52648,__tpi_cp_342_N52648,__tpi_cp_342_N52648,sa1,1
1175,N34811 /1 undetected,output,,N34811,N34811,1,undetected,N34811,N34811,N34811,sa1,1
1176,N59851 /1 undetected,output,,N59851,N59851,1,undetected,N59851,N59851,N59851,sa1,1
1177,N8988 /1 undetected,output,,N8988,N8988,1,undetected,N8988,N8988,N8988,sa1,1
1178,N55580 /1 undetected,output,,N55580,N55580,1,undetected,N55580,N55580,N55580,sa1,1
1179,N8259 /0 undetected,output,,N8259,N8259,0,undetected,N8259,N8259,N8259,sa0,1
1180,N8281 /1 undetected,output,,N8281,N8281,1,undetected,N8281,N8281,N8281,sa1,1
1181,N8206 /1 undetected,output,,N8206,N8206,1,undetected,N8206,N8206,N8206,sa1,1
1182,N54958 /1 undetected,output,,N54958,N54958,1,undetected,N54958,N54958,N54958,sa1,1
1183,N46922 /1 undetected,output,,N46922,N46922,1,undetected,N46922,N46922,N46922,sa1,1
1184,N56471 /1 undetected,output,,N56471,N56471,1,undetected,N56471,N56471,N56471,sa1,1
1185,N936 /0 undetected,output,,N936,N936,0,undetected,N936,N936,N936,sa0,1
1186,N3367 /1 undetected,output,,N3367,N3367,1,undetected,N3367,N3367,N3367,sa1,1
1187,N48173 /1 undetected,output,,N48173,N48173,1,undetected,N48173,N48173,N48173,sa1,1
1188,N46675 /1 undetected,output,,N46675,N46675,1,undetected,N46675,N46675,N46675,sa1,1
1189,N1715 /1 undetected,output,,N1715,N1715,1,undetected,N1715,N1715,N1715,sa1,1
1190,N45274 /1 undetected,output,,N45274,N45274,1,undetected,N45274,N45274,N45274,sa1,1
1191,N3368 /1 undetected,output,,N3368,N3368,1,undetected,N3368,N3368,N3368,sa1,1
1192,N46957 /1 undetected,output,,N46957,N46957,1,undetected,N46957,N46957,N46957,sa1,1
1193,N904 /1 undetected,output,,N904,N904,1,undetected,N904,N904,N904,sa1,1
1194,N3446 /1 undetected,output,,N3446,N3446,1,undetected,N3446,N3446,N3446,sa1,1
1195,N46989 /1 undetected,output,,N46989,N46989,1,undetected,N46989,N46989,N46989,sa1,1
1196,N46676 /1 undetected,output,,N46676,N46676,1,undetected,N46676,N46676,N46676,sa1,1
1197,N3447 /1 undetected,output,,N3447,N3447,1,undetected,N3447,N3447,N3447,sa1,1
1198,N48285 /1 undetected,output,,N48285,N48285,1,undetected,N48285,N48285,N48285,sa1,1
1199,N44086 /1 undetected,output,,N44086,N44086,1,undetected,N44086,N44086,N44086,sa1,1
1200,N48205 /1 undetected,output,,N48205,N48205,1,undetected,N48205,N48205,N48205,sa1,1
1201,N47587 /1 undetected,output,,N47587,N47587,1,undetected,N47587,N47587,N47587,sa1,1
1202,N59914 /1 undetected,output,,N59914,N59914,1,undetected,N59914,N59914,N59914,sa1,1
1203,N59913 /1 undetected,output,,N59913,N59913,1,undetected,N59913,N59913,N59913,sa1,1
1204,test_en->__tpi_cp_205_N34175 /0 undetected,input_edge,test_en,__tpi_cp_205_N34175,__tpi_cp_205_N34175,0,undetected,__tpi_cp_205_N34175,__tpi_cp_205_N34175,__tpi_cp_205_N34175,sa0,1
1205,test_en->__tpi_cp_365_N51157 /0 undetected,input_edge,test_en,__tpi_cp_365_N51157,__tpi_cp_365_N51157,0,undetected,__tpi_cp_365_N51157,__tpi_cp_365_N51157,__tpi_cp_365_N51157,sa0,1
1206,N53011 /1 undetected,output,,N53011,N53011,1,undetected,N53011,N53011,N53011,sa1,1
1207,N59283 /1 undetected,output,,N59283,N59283,1,undetected,N59283,N59283,N59283,sa1,1
1208,N6682 /1 undetected,output,,N6682,N6682,1,undetected,N6682,N6682,N6682,sa1,1
1209,N49738 /1 undetected,output,,N49738,N49738,1,undetected,N49738,N49738,N49738,sa1,1
1210,__tpi_not_test_en->__tpi_cp_80_N8903 /1 undetected,input_edge,__tpi_not_test_en,__tpi_cp_80_N8903,__tpi_cp_80_N8903,1,undetected,__tpi_cp_80_N8903,__tpi_cp_80_N8903,__tpi_cp_80_N8903,sa1,1
1211,N8923 /1 undetected,output,,N8923,N8923,1,undetected,N8923,N8923,N8923,sa1,1
1212,N29865 /1 undetected,output,,N29865,N29865,1,undetected,N29865,N29865,N29865,sa1,1
1213,__tpi_not_test_en->__tpi_cp_348_N46525 /1 undetected,input_edge,__tpi_not_test_en,__tpi_cp_348_N46525,__tpi_cp_348_N46525,1,undetected,__tpi_cp_348_N46525,__tpi_cp_348_N46525,__tpi_cp_348_N46525,sa1,1
1214,N29864 /1 undetected,output,,N29864,N29864,1,undetected,N29864,N29864,N29864,sa1,1
1215,N55516 /1 undetected,output,,N55516,N55516,1,undetected,N55516,N55516,N55516,sa1,1
1216,N8207 /1 undetected,output,,N8207,N8207,1,undetected,N8207,N8207,N8207,sa1,1
1217,N40910 /1 undetected,output,,N40910,N40910,1,undetected,N40910,N40910,N40910,sa1,1
1218,N54328 /1 undetected,output,,N54328,N54328,1,undetected,N54328,N54328,N54328,sa1,1
1219,N51325 /1 undetected,output,,N51325,N51325,1,undetected,N51325,N51325,N51325,sa1,1
1220,N55581 /1 undetected,output,,N55581,N55581,1,undetected,N55581,N55581,N55581,sa1,1
1221,__tpi_not_test_en->__tpi_cp_92_N59850 /1 undetected,input_edge,__tpi_not_test_en,__tpi_cp_92_N59850,__tpi_cp_92_N59850,1,undetected,__tpi_cp_92_N59850,__tpi_cp_92_N59850,__tpi_cp_92_N59850,sa1,1
1222,N53009 /1 undetected,output,,N53009,N53009,1,undetected,N53009,N53009,N53009,sa1,1
1223,N59281 /1 undetected,output,,N59281,N59281,1,undetected,N59281,N59281,N59281,sa1,1
1224,N8258 /0 undetected,output,,N8258,N8258,0,undetected,N8258,N8258,N8258,sa0,1
1225,N8283 /1 undetected,output,,N8283,N8283,1,undetected,N8283,N8283,N8283,sa1,1
1226,N8204 /1 undetected,output,,N8204,N8204,1,undetected,N8204,N8204,N8204,sa1,1
1227,N54956 /1 undetected,output,,N54956,N54956,1,undetected,N54956,N54956,N54956,sa1,1
1228,N46923 /1 undetected,output,,N46923,N46923,1,undetected,N46923,N46923,N46923,sa1,1
1229,N56472 /1 undetected,output,,N56472,N56472,1,undetected,N56472,N56472,N56472,sa1,1
1230,N937 /0 undetected,output,,N937,N937,0,undetected,N937,N937,N937,sa0,1
1231,N3369 /1 undetected,output,,N3369,N3369,1,undetected,N3369,N3369,N3369,sa1,1
1232,N48174 /1 undetected,output,,N48174,N48174,1,undetected,N48174,N48174,N48174,sa1,1
1233,N1716 /1 undetected,output,,N1716,N1716,1,undetected,N1716,N1716,N1716,sa1,1
1234,N45275 /1 undetected,output,,N45275,N45275,1,undetected,N45275,N45275,N45275,sa1,1
1235,N3370 /1 undetected,output,,N3370,N3370,1,undetected,N3370,N3370,N3370,sa1,1
1236,N47632 /1 undetected,output,,N47632,N47632,1,undetected,N47632,N47632,N47632,sa1,1
1237,N905 /1 undetected,output,,N905,N905,1,undetected,N905,N905,N905,sa1,1
1238,N3449 /1 undetected,output,,N3449,N3449,1,undetected,N3449,N3449,N3449,sa1,1
1239,N46990 /1 undetected,output,,N46990,N46990,1,undetected,N46990,N46990,N46990,sa1,1
1240,N46680 /1 undetected,output,,N46680,N46680,1,undetected,N46680,N46680,N46680,sa1,1
1241,N3450 /1 undetected,output,,N3450,N3450,1,undetected,N3450,N3450,N3450,sa1,1
1242,N48286 /1 undetected,output,,N48286,N48286,1,undetected,N48286,N48286,N48286,sa1,1
1243,N44137 /1 undetected,output,,N44137,N44137,1,undetected,N44137,N44137,N44137,sa1,1
1244,N48206 /1 undetected,output,,N48206,N48206,1,undetected,N48206,N48206,N48206,sa1,1
1245,N47633 /1 undetected,output,,N47633,N47633,1,undetected,N47633,N47633,N47633,sa1,1
1246,N55513 /1 undetected,output,,N55513,N55513,1,undetected,N55513,N55513,N55513,sa1,1
1247,test_en->__tpi_cp_369_N51153 /0 undetected,input_edge,test_en,__tpi_cp_369_N51153,__tpi_cp_369_N51153,0,undetected,__tpi_cp_369_N51153,__tpi_cp_369_N51153,__tpi_cp_369_N51153,sa0,1
1248,N54329 /1 undetected,output,,N54329,N54329,1,undetected,N54329,N54329,N54329,sa1,1
1249,N51326 /1 undetected,output,,N51326,N51326,1,undetected,N51326,N51326,N51326,sa1,1
1250,N6685 /1 undetected,output,,N6685,N6685,1,undetected,N6685,N6685,N6685,sa1,1
1251,N49483 /1 undetected,output,,N49483,N49483,1,undetected,N49483,N49483,N49483,sa1,1
1252,N8205 /1 undetected,output,,N8205,N8205,1,undetected,N8205,N8205,N8205,sa1,1
1253,N40891 /1 undetected,output,,N40891,N40891,1,undetected,N40891,N40891,N40891,sa1,1
1254,N53012 /1 undetected,output,,N53012,N53012,1,undetected,N53012,N53012,N53012,sa1,1
1255,N59284 /1 undetected,output,,N59284,N59284,1,undetected,N59284,N59284,N59284,sa1,1
1256,N15784 /1 undetected,output,,N15784,N15784,1,undetected,N15784,N15784,N15784,sa1,1
1257,__tpi_not_test_en->__tpi_cp_226_N8937 /1 undetected,input_edge,__tpi_not_test_en,__tpi_cp_226_N8937,__tpi_cp_226_N8937,1,undetected,__tpi_cp_226_N8937,__tpi_cp_226_N8937,__tpi_cp_226_N8937,sa1,1
1258,N8937 /1 undetected,output,,N8937,N8937,1,undetected,N8937,N8937,N8937,sa1,1
1259,__tpi_not_test_en->__tpi_cp_116_N8902 /1 undetected,input_edge,__tpi_not_test_en,__tpi_cp_116_N8902,__tpi_cp_116_N8902,1,undetected,__tpi_cp_116_N8902,__tpi_cp_116_N8902,__tpi_cp_116_N8902,sa1,1
1260,N8915 /1 undetected,output,,N8915,N8915,1,undetected,N8915,N8915,N8915,sa1,1
1261,test_en->__tpi_cp_28_N11114 /0 undetected,input_edge,test_en,__tpi_cp_28_N11114,__tpi_cp_28_N11114,0,undetected,__tpi_cp_28_N11114,__tpi_cp_28_N11114,__tpi_cp_28_N11114,sa0,1
1262,__tpi_not_test_en->__tpi_cp_395_N23221 /1 undetected,input_edge,__tpi_not_test_en,__tpi_cp_395_N23221,__tpi_cp_395_N23221,1,undetected,__tpi_cp_395_N23221,__tpi_cp_395_N23221,__tpi_cp_395_N23221,sa1,1
1263,N14515 /1 undetected,output,,N14515,N14515,1,undetected,N14515,N14515,N14515,sa1,1
1264,N14442 /1 undetected,output,,N14442,N14442,1,undetected,N14442,N14442,N14442,sa1,1
1265,N59018 /1 undetected,output,,N59018,N59018,1,undetected,N59018,N59018,N59018,sa1,1
1266,N5723 /1 undetected,output,,N5723,N5723,1,undetected,N5723,N5723,N5723,sa1,1
1267,N48558 /1 undetected,output,,N48558,N48558,1,undetected,N48558,N48558,N48558,sa1,1
1268,N59845 /1 undetected,output,,N59845,N59845,1,undetected,N59845,N59845,N59845,sa1,1
1269,N8257 /0 undetected,output,,N8257,N8257,0,undetected,N8257,N8257,N8257,sa0,1
1270,N8285 /1 undetected,output,,N8285,N8285,1,undetected,N8285,N8285,N8285,sa1,1
1271,N8202 /1 undetected,output,,N8202,N8202,1,undetected,N8202,N8202,N8202,sa1,1
1272,N54954 /1 undetected,output,,N54954,N54954,1,undetected,N54954,N54954,N54954,sa1,1
1273,N46924 /1 undetected,output,,N46924,N46924,1,undetected,N46924,N46924,N46924,sa1,1
1274,N56473 /1 undetected,output,,N56473,N56473,1,undetected,N56473,N56473,N56473,sa1,1
1275,N938 /1 undetected,output,,N938,N938,1,undetected,N938,N938,N938,sa1,1
1276,N938 /0 undetected,output,,N938,N938,0,undetected,N938,N938,N938,sa0,1
1277,N3371 /1 undetected,output,,N3371,N3371,1,undetected,N3371,N3371,N3371,sa1,1
1278,N48175 /1 undetected,output,,N48175,N48175,1,undetected,N48175,N48175,N48175,sa1,1
1279,N46683 /1 undetected,output,,N46683,N46683,1,undetected,N46683,N46683,N46683,sa1,1
1280,N1717 /1 undetected,output,,N1717,N1717,1,undetected,N1717,N1717,N1717,sa1,1
1281,N45276 /1 undetected,output,,N45276,N45276,1,undetected,N45276,N45276,N45276,sa1,1
1282,N3372 /1 undetected,output,,N3372,N3372,1,undetected,N3372,N3372,N3372,sa1,1
1283,N47682 /1 undetected,output,,N47682,N47682,1,undetected,N47682,N47682,N47682,sa1,1
1284,N46959 /1 undetected,output,,N46959,N46959,1,undetected,N46959,N46959,N46959,sa1,1
1285,N906 /1 undetected,output,,N906,N906,1,undetected,N906,N906,N906,sa1,1
1286,N906 /0 undetected,output,,N906,N906,0,undetected,N906,N906,N906,sa0,1
1287,N3452 /1 undetected,output,,N3452,N3452,1,undetected,N3452,N3452,N3452,sa1,1
1288,N46991 /1 undetected,output,,N46991,N46991,1,undetected,N46991,N46991,N46991,sa1,1
1289,N46684 /1 undetected,output,,N46684,N46684,1,undetected,N46684,N46684,N46684,sa1,1
1290,N1741 /1 undetected,output,,N1741,N1741,1,undetected,N1741,N1741,N1741,sa1,1
1291,N3453 /1 undetected,output,,N3453,N3453,1,undetected,N3453,N3453,N3453,sa1,1
1292,N48287 /1 undetected,output,,N48287,N48287,1,undetected,N48287,N48287,N48287,sa1,1
1293,N44348 /1 undetected,output,,N44348,N44348,1,undetected,N44348,N44348,N44348,sa1,1
1294,N3451 /1 undetected,output,,N3451,N3451,1,undetected,N3451,N3451,N3451,sa1,1
1295,N48207 /1 undetected,output,,N48207,N48207,1,undetected,N48207,N48207,N48207,sa1,1
1296,N47683 /1 undetected,output,,N47683,N47683,1,undetected,N47683,N47683,N47683,sa1,1
1297,__tpi_not_test_en->__tpi_cp_122_N15748 /1 undetected,input_edge,__tpi_not_test_en,__tpi_cp_122_N15748,__tpi_cp_122_N15748,1,undetected,__tpi_cp_122_N15748,__tpi_cp_122_N15748,__tpi_cp_122_N15748,sa1,1
1298,N15761 /1 undetected,output,,N15761,N15761,1,undetected,N15761,N15761,N15761,sa1,1
1299,test_en->__tpi_cp_367_N51149 /0 undetected,input_edge,test_en,__tpi_cp_367_N51149,__tpi_cp_367_N51149,0,undetected,__tpi_cp_367_N51149,__tpi_cp_367_N51149,__tpi_cp_367_N51149,sa0,1
1300,N53013 /1 undetected,output,,N53013,N53013,1,undetected,N53013,N53013,N53013,sa1,1
1301,N59285 /1 undetected,output,,N59285,N59285,1,undetected,N59285,N59285,N59285,sa1,1
1302,N6688 /1 undetected,output,,N6688,N6688,1,undetected,N6688,N6688,N6688,sa1,1
1303,N50193 /1 undetected,output,,N50193,N50193,1,undetected,N50193,N50193,N50193,sa1,1
1304,N14517 /1 undetected,output,,N14517,N14517,1,undetected,N14517,N14517,N14517,sa1,1
1305,N14443 /1 undetected,output,,N14443,N14443,1,undetected,N14443,N14443,N14443,sa1,1
1306,N58908 /1 undetected,output,,N58908,N58908,1,undetected,N58908,N58908,N58908,sa1,1
1307,N10423 /1 undetected,output,,N10423,N10423,1,undetected,N10423,N10423,N10423,sa1,1
1308,N10366 /1 undetected,output,,N10366,N10366,1,undetected,N10366,N10366,N10366,sa1,1
1309,N8203 /1 undetected,output,,N8203,N8203,1,undetected,N8203,N8203,N8203,sa1,1
1310,N40953 /1 undetected,output,,N40953,N40953,1,undetected,N40953,N40953,N40953,sa1,1
1311,N54330 /1 undetected,output,,N54330,N54330,1,undetected,N54330,N54330,N54330,sa1,1
1312,N51327 /1 undetected,output,,N51327,N51327,1,undetected,N51327,N51327,N51327,sa1,1
1313,__tpi_not_test_en->__tpi_cp_204_N8901 /1 undetected,input_edge,__tpi_not_test_en,__tpi_cp_204_N8901,__tpi_cp_204_N8901,1,undetected,__tpi_cp_204_N8901,__tpi_cp_204_N8901,__tpi_cp_204_N8901,sa1,1
1314,__tpi_not_test_en->__tpi_cp_71_N11116 /1 undetected,input_edge,__tpi_not_test_en,__tpi_cp_71_N11116,__tpi_cp_71_N11116,1,undetected,__tpi_cp_71_N11116,__tpi_cp_71_N11116,__tpi_cp_71_N11116,sa1,1
1315,test_en->__tpi_cp_321_N31463 /0 undetected,input_edge,test_en,__tpi_cp_321_N31463,__tpi_cp_321_N31463,0,undetected,__tpi_cp_321_N31463,__tpi_cp_321_N31463,__tpi_cp_321_N31463,sa0,1
1316,N59917 /1 undetected,output,,N59917,N59917,1,undetected,N59917,N59917,N59917,sa1,1
1317,N14476 /1 undetected,output,,N14476,N14476,1,undetected,N14476,N14476,N14476,sa1,1
1318,N39438 /1 undetected,output,,N39438,N39438,1,undetected,N39438,N39438,N39438,sa1,1
1319,N12706 /1 undetected,output,,N12706,N12706,1,undetected,N12706,N12706,N12706,sa1,1
1320,N12706 /0 undetected,output,,N12706,N12706,0,undetected,N12706,N12706,N12706,sa0,1
1321,N12815 /1 undetected,output,,N12815,N12815,1,undetected,N12815,N12815,N12815,sa1,1
1322,N58056 /1 undetected,output,,N58056,N58056,1,undetected,N58056,N58056,N58056,sa1,1
1323,N44705 /1 undetected,output,,N44705,N44705,1,undetected,N44705,N44705,N44705,sa1,1
1324,N12814 /1 undetected,output,,N12814,N12814,1,undetected,N12814,N12814,N12814,sa1,1
1325,N44708 /1 undetected,output,,N44708,N44708,1,undetected,N44708,N44708,N44708,sa1,1
1326,N12760 /1 undetected,output,,N12760,N12760,1,undetected,N12760,N12760,N12760,sa1,1
1327,__tpi_not_test_en->__tpi_cp_312_N15868 /1 undetected,input_edge,__tpi_not_test_en,__tpi_cp_312_N15868,__tpi_cp_312_N15868,1,undetected,__tpi_cp_312_N15868,__tpi_cp_312_N15868,__tpi_cp_312_N15868,sa1,1
1328,N59918 /1 undetected,output,,N59918,N59918,1,undetected,N59918,N59918,N59918,sa1,1
1329,N59842 /1 undetected,output,,N59842,N59842,1,undetected,N59842,N59842,N59842,sa1,1
1330,N14400 /0 undetected,output,,N14400,N14400,0,undetected,N14400,N14400,N14400,sa0,1
1331,N14471 /1 undetected,output,,N14471,N14471,1,undetected,N14471,N14471,N14471,sa1,1
1332,N39470 /1 undetected,output,,N39470,N39470,1,undetected,N39470,N39470,N39470,sa1,1
1333,N39437 /1 undetected,output,,N39437,N39437,1,undetected,N39437,N39437,N39437,sa1,1
1334,__tpi_not_test_en->__tpi_cp_310_N8992 /1 undetected,input_edge,__tpi_not_test_en,__tpi_cp_310_N8992,__tpi_cp_310_N8992,1,undetected,__tpi_cp_310_N8992,__tpi_cp_310_N8992,__tpi_cp_310_N8992,sa1,1
1335,N55584 /1 undetected,output,,N55584,N55584,1,undetected,N55584,N55584,N55584,sa1,1
1336,N8256 /0 undetected,output,,N8256,N8256,0,undetected,N8256,N8256,N8256,sa0,1
1337,N8287 /1 undetected,output,,N8287,N8287,1,undetected,N8287,N8287,N8287,sa1,1
1338,N8200 /1 undetected,output,,N8200,N8200,1,undetected,N8200,N8200,N8200,sa1,1
1339,N54952 /1 undetected,output,,N54952,N54952,1,undetected,N54952,N54952,N54952,sa1,1
1340,N46925 /1 undetected,output,,N46925,N46925,1,undetected,N46925,N46925,N46925,sa1,1
1341,N56474 /1 undetected,output,,N56474,N56474,1,undetected,N56474,N56474,N56474,sa1,1
1342,N939 /1 undetected,output,,N939,N939,1,undetected,N939,N939,N939,sa1,1
1343,N939 /0 undetected,output,,N939,N939,0,undetected,N939,N939,N939,sa0,1
1344,N3376 /1 undetected,output,,N3376,N3376,1,undetected,N3376,N3376,N3376,sa1,1
1345,N48177 /1 undetected,output,,N48177,N48177,1,undetected,N48177,N48177,N48177,sa1,1
1346,N46690 /1 undetected,output,,N46690,N46690,1,undetected,N46690,N46690,N46690,sa1,1
1347,N1719 /1 undetected,output,,N1719,N1719,1,undetected,N1719,N1719,N1719,sa1,1
1348,N45278 /1 undetected,output,,N45278,N45278,1,undetected,N45278,N45278,N45278,sa1,1
1349,N3375 /1 undetected,output,,N3375,N3375,1,undetected,N3375,N3375,N3375,sa1,1
1350,N46961 /1 undetected,output,,N46961,N46961,1,undetected,N46961,N46961,N46961,sa1,1
1351,N46561 /1 undetected,output,,N46561,N46561,1,undetected,N46561,N46561,N46561,sa1,1
1352,N907 /1 undetected,output,,N907,N907,1,undetected,N907,N907,N907,sa1,1
1353,N907 /0 undetected,output,,N907,N907,0,undetected,N907,N907,N907,sa0,1
1354,N3458 /1 undetected,output,,N3458,N3458,1,undetected,N3458,N3458,N3458,sa1,1
1355,N46993 /1 undetected,output,,N46993,N46993,1,undetected,N46993,N46993,N46993,sa1,1
1356,N46691 /1 undetected,output,,N46691,N46691,1,undetected,N46691,N46691,N46691,sa1,1
1357,N1743 /1 undetected,output,,N1743,N1743,1,undetected,N1743,N1743,N1743,sa1,1
1358,N3459 /1 undetected,output,,N3459,N3459,1,undetected,N3459,N3459,N3459,sa1,1
1359,N48289 /1 undetected,output,,N48289,N48289,1,undetected,N48289,N48289,N48289,sa1,1
1360,N44399 /1 undetected,output,,N44399,N44399,1,undetected,N44399,N44399,N44399,sa1,1
1361,N3457 /1 undetected,output,,N3457,N3457,1,undetected,N3457,N3457,N3457,sa1,1
1362,N48209 /1 undetected,output,,N48209,N48209,1,undetected,N48209,N48209,N48209,sa1,1
1363,N46562 /1 undetected,output,,N46562,N46562,1,undetected,N46562,N46562,N46562,sa1,1
1364,N6691 /1 undetected,output,,N6691,N6691,1,undetected,N6691,N6691,N6691,sa1,1
1365,N50244 /1 undetected,output,,N50244,N50244,1,undetected,N50244,N50244,N50244,sa1,1
1366,__tpi_not_test_en->__tpi_cp_322_N36701 /1 undetected,input_edge,__tpi_not_test_en,__tpi_cp_322_N36701,__tpi_cp_322_N36701,1,undetected,__tpi_cp_322_N36701,__tpi_cp_322_N36701,__tpi_cp_322_N36701,sa1,1
1367,N14499 /0 undetected,output,,N14499,N14499,0,undetected,N14499,N14499,N14499,sa0,1
1368,N14519 /1 undetected,output,,N14519,N14519,1,undetected,N14519,N14519,N14519,sa1,1
1369,N14440 /1 undetected,output,,N14440,N14440,1,undetected,N14440,N14440,N14440,sa1,1
1370,N58906 /1 undetected,output,,N58906,N58906,1,undetected,N58906,N58906,N58906,sa1,1
1371,__tpi_not_test_en->__tpi_cp_316_N9021 /1 undetected,input_edge,__tpi_not_test_en,__tpi_cp_316_N9021,__tpi_cp_316_N9021,1,undetected,__tpi_cp_316_N9021,__tpi_cp_316_N9021,__tpi_cp_316_N9021,sa1,1
1372,N9021 /1 undetected,output,,N9021,N9021,1,undetected,N9021,N9021,N9021,sa1,1
1373,N55585 /1 undetected,output,,N55585,N55585,1,undetected,N55585,N55585,N55585,sa1,1
1374,N55507 /1 undetected,output,,N55507,N55507,1,undetected,N55507,N55507,N55507,sa1,1
1375,N8201 /1 undetected,output,,N8201,N8201,1,undetected,N8201,N8201,N8201,sa1,1
1376,N40863 /1 undetected,output,,N40863,N40863,1,undetected,N40863,N40863,N40863,sa1,1
1377,N53014 /1 undetected,output,,N53014,N53014,1,undetected,N53014,N53014,N53014,sa1,1
1378,N7296 /1 undetected,output,,N7296,N7296,1,undetected,N7296,N7296,N7296,sa1,1
1379,N59286 /1 undetected,output,,N59286,N59286,1,undetected,N59286,N59286,N59286,sa1,1
1380,N54331 /1 undetected,output,,N54331,N54331,1,undetected,N54331,N54331,N54331,sa1,1
1381,N51328 /1 undetected,output,,N51328,N51328,1,undetected,N51328,N51328,N51328,sa1,1
1382,__tpi_cp_377_N15786 /1 undetected,output,,__tpi_cp_377_N15786,__tpi_cp_377_N15786,1,undetected,__tpi_cp_377_N15786,__tpi_cp_377_N15786,__tpi_cp_377_N15786,sa1,1
1383,__tpi_not_test_en->__tpi_cp_238_N8939 /1 undetected,input_edge,__tpi_not_test_en,__tpi_cp_238_N8939,__tpi_cp_238_N8939,1,undetected,__tpi_cp_238_N8939,__tpi_cp_238_N8939,__tpi_cp_238_N8939,sa1,1
1384,N8939 /1 undetected,output,,N8939,N8939,1,undetected,N8939,N8939,N8939,sa1,1
1385,N16027 /1 undetected,output,,N16027,N16027,1,undetected,N16027,N16027,N16027,sa1,1
1386,N16027 /0 undetected,output,,N16027,N16027,0,undetected,N16027,N16027,N16027,sa0,1
1387,N53624 /1 undetected,output,,N53624,N53624,1,undetected,N53624,N53624,N53624,sa1,1
1388,N15921 /1 undetected,output,,N15921,N15921,1,undetected,N15921,N15921,N15921,sa1,1
1389,N12761 /1 undetected,output,,N12761,N12761,1,undetected,N12761,N12761,N12761,sa1,1
1390,N12761 /0 undetected,output,,N12761,N12761,0,undetected,N12761,N12761,N12761,sa0,1
1391,N14441 /1 undetected,output,,N14441,N14441,1,undetected,N14441,N14441,N14441,sa1,1
1392,N39573 /1 undetected,output,,N39573,N39573,1,undetected,N39573,N39573,N39573,sa1,1
1393,N59839 /1 undetected,output,,N59839,N59839,1,undetected,N59839,N59839,N59839,sa1,1
1394,N8255 /0 undetected,output,,N8255,N8255,0,undetected,N8255,N8255,N8255,sa0,1
1395,N8289 /1 undetected,output,,N8289,N8289,1,undetected,N8289,N8289,N8289,sa1,1
1396,N8198 /1 undetected,output,,N8198,N8198,1,undetected,N8198,N8198,N8198,sa1,1
1397,N54950 /1 undetected,output,,N54950,N54950,1,undetected,N54950,N54950,N54950,sa1,1
1398,N46927 /1 undetected,output,,N46927,N46927,1,undetected,N46927,N46927,N46927,sa1,1
1399,N56476 /1 undetected,output,,N56476,N56476,1,undetected,N56476,N56476,N56476,sa1,1
1400,N940 /1 undetected,output,,N940,N940,1,undetected,N940,N940,N940,sa1,1
1401,N940 /0 undetected,output,,N940,N940,0,undetected,N940,N940,N940,sa0,1
1402,N3378 /1 undetected,output,,N3378,N3378,1,undetected,N3378,N3378,N3378,sa1,1
1403,N48178 /1 undetected,output,,N48178,N48178,1,undetected,N48178,N48178,N48178,sa1,1
1404,N46694 /1 undetected,output,,N46694,N46694,1,undetected,N46694,N46694,N46694,sa1,1
1405,N1720 /1 undetected,output,,N1720,N1720,1,undetected,N1720,N1720,N1720,sa1,1
1406,N45279 /1 undetected,output,,N45279,N45279,1,undetected,N45279,N45279,N45279,sa1,1
1407,N3377 /1 undetected,output,,N3377,N3377,1,undetected,N3377,N3377,N3377,sa1,1
1408,N46962 /1 undetected,output,,N46962,N46962,1,undetected,N46962,N46962,N46962,sa1,1
1409,N46521 /1 undetected,output,,N46521,N46521,1,undetected,N46521,N46521,N46521,sa1,1
1410,N908 /1 undetected,output,,N908,N908,1,undetected,N908,N908,N908,sa1,1
1411,N908 /0 undetected,output,,N908,N908,0,undetected,N908,N908,N908,sa0,1
1412,N3461 /1 undetected,output,,N3461,N3461,1,undetected,N3461,N3461,N3461,sa1,1
1413,N46994 /1 undetected,output,,N46994,N46994,1,undetected,N46994,N46994,N46994,sa1,1
1414,N46695 /1 undetected,output,,N46695,N46695,1,undetected,N46695,N46695,N46695,sa1,1
1415,N1744 /1 undetected,output,,N1744,N1744,1,undetected,N1744,N1744,N1744,sa1,1
1416,N3462 /1 undetected,output,,N3462,N3462,1,undetected,N3462,N3462,N3462,sa1,1
1417,N48290 /1 undetected,output,,N48290,N48290,1,undetected,N48290,N48290,N48290,sa1,1
1418,N43784 /1 undetected,output,,N43784,N43784,1,undetected,N43784,N43784,N43784,sa1,1
1419,N3460 /1 undetected,output,,N3460,N3460,1,undetected,N3460,N3460,N3460,sa1,1
1420,N48210 /1 undetected,output,,N48210,N48210,1,undetected,N48210,N48210,N48210,sa1,1
1421,N46522 /1 undetected,output,,N46522,N46522,1,undetected,N46522,N46522,N46522,sa1,1
1422,__tpi_not_test_en->__tpi_cp_136_N31357 /1 undetected,input_edge,__tpi_not_test_en,__tpi_cp_136_N31357,__tpi_cp_136_N31357,1,undetected,__tpi_cp_136_N31357,__tpi_cp_136_N31357,__tpi_cp_136_N31357,sa1,1
1423,__tpi_not_test_en->__tpi_cp_220_N15746 /1 undetected,input_edge,__tpi_not_test_en,__tpi_cp_220_N15746,__tpi_cp_220_N15746,1,undetected,__tpi_cp_220_N15746,__tpi_cp_220_N15746,__tpi_cp_220_N15746,sa1,1
1424,N14498 /0 undetected,output,,N14498,N14498,0,undetected,N14498,N14498,N14498,sa0,1
1425,N14521 /1 undetected,output,,N14521,N14521,1,undetected,N14521,N14521,N14521,sa1,1
1426,N14438 /1 undetected,output,,N14438,N14438,1,undetected,N14438,N14438,N14438,sa1,1
1427,N58904 /1 undetected,output,,N58904,N58904,1,undetected,N58904,N58904,N58904,sa1,1
1428,N55504 /1 undetected,output,,N55504,N55504,1,undetected,N55504,N55504,N55504,sa1,1
1429,N8199 /1 undetected,output,,N8199,N8199,1,undetected,N8199,N8199,N8199,sa1,1
1430,N40919 /1 undetected,output,,N40919,N40919,1,undetected,N40919,N40919,N40919,sa1,1
1431,N53015 /1 undetected,output,,N53015,N53015,1,undetected,N53015,N53015,N53015,sa1,1
1432,N7298 /1 undetected,output,,N7298,N7298,1,undetected,N7298,N7298,N7298,sa1,1
1433,N59287 /1 undetected,output,,N59287,N59287,1,undetected,N59287,N59287,N59287,sa1,1
1434,N6546 /1 undetected,output,,N6546,N6546,1,undetected,N6546,N6546,N6546,sa1,1
1435,N54332 /1 undetected,output,,N54332,N54332,1,undetected,N54332,N54332,N54332,sa1,1
1436,N49481 /1 undetected,output,,N49481,N49481,1,undetected,N49481,N49481,N49481,sa1,1
1437,N51329 /1 undetected,output,,N51329,N51329,1,undetected,N51329,N51329,N51329,sa1,1
1438,N6694 /1 undetected,output,,N6694,N6694,1,undetected,N6694,N6694,N6694,sa1,1
1439,N50460 /1 undetected,output,,N50460,N50460,1,undetected,N50460,N50460,N50460,sa1,1
1440,__tpi_not_test_en->__tpi_cp_389_N14662 /1 undetected,input_edge,__tpi_not_test_en,__tpi_cp_389_N14662,__tpi_cp_389_N14662,1,undetected,__tpi_cp_389_N14662,__tpi_cp_389_N14662,__tpi_cp_389_N14662,sa1,1
1441,test_en->__tpi_cp_187_N14621 /0 undetected,input_edge,test_en,__tpi_cp_187_N14621,__tpi_cp_187_N14621,0,undetected,__tpi_cp_187_N14621,__tpi_cp_187_N14621,__tpi_cp_187_N14621,sa0,1
1442,__tpi_not_test_en->__tpi_cp_264_N8899 /1 undetected,input_edge,__tpi_not_test_en,__tpi_cp_264_N8899,__tpi_cp_264_N8899,1,undetected,__tpi_cp_264_N8899,__tpi_cp_264_N8899,__tpi_cp_264_N8899,sa1,1
1443,test_en->__tpi_cp_213_N36658 /0 undetected,input_edge,test_en,__tpi_cp_213_N36658,__tpi_cp_213_N36658,0,undetected,__tpi_cp_213_N36658,__tpi_cp_213_N36658,__tpi_cp_213_N36658,sa0,1
1444,N14439 /1 undetected,output,,N14439,N14439,1,undetected,N14439,N14439,N14439,sa1,1
1445,N39495 /1 undetected,output,,N39495,N39495,1,undetected,N39495,N39495,N39495,sa1,1
1446,N10297 /0 undetected,output,,N10297,N10297,0,undetected,N10297,N10297,N10297,sa0,1
1447,N56414 /1 undetected,output,,N56414,N56414,1,undetected,N56414,N56414,N56414,sa1,1
1448,N46534 /1 undetected,output,,N46534,N46534,1,undetected,N46534,N46534,N46534,sa1,1
1449,N10426 /1 undetected,output,,N10426,N10426,1,undetected,N10426,N10426,N10426,sa1,1
1450,N46472 /1 undetected,output,,N46472,N46472,1,undetected,N46472,N46472,N46472,sa1,1
1451,N10361 /1 undetected,output,,N10361,N10361,1,undetected,N10361,N10361,N10361,sa1,1
1452,N15869 /1 undetected,output,,N15869,N15869,1,undetected,N15869,N15869,N15869,sa1,1
1453,N15869 /0 undetected,output,,N15869,N15869,0,undetected,N15869,N15869,N15869,sa0,1
1454,N59976 /1 undetected,output,,N59976,N59976,1,undetected,N59976,N59976,N59976,sa1,1
1455,N15979 /1 undetected,output,,N15979,N15979,1,undetected,N15979,N15979,N15979,sa1,1
1456,N52799 /1 undetected,output,,N52799,N52799,1,undetected,N52799,N52799,N52799,sa1,1
1457,N15916 /1 undetected,output,,N15916,N15916,1,undetected,N15916,N15916,N15916,sa1,1
1458,N59836 /1 undetected,output,,N59836,N59836,1,undetected,N59836,N59836,N59836,sa1,1
1459,N8254 /0 undetected,output,,N8254,N8254,0,undetected,N8254,N8254,N8254,sa0,1
1460,N8291 /1 undetected,output,,N8291,N8291,1,undetected,N8291,N8291,N8291,sa1,1
1461,N8196 /1 undetected,output,,N8196,N8196,1,undetected,N8196,N8196,N8196,sa1,1
1462,N54948 /1 undetected,output,,N54948,N54948,1,undetected,N54948,N54948,N54948,sa1,1
1463,N46928 /1 undetected,output,,N46928,N46928,1,undetected,N46928,N46928,N46928,sa1,1
1464,N56477 /1 undetected,output,,N56477,N56477,1,undetected,N56477,N56477,N56477,sa1,1
1465,N941 /1 undetected,output,,N941,N941,1,undetected,N941,N941,N941,sa1,1
1466,N941 /0 undetected,output,,N941,N941,0,undetected,N941,N941,N941,sa0,1
1467,N3380 /1 undetected,output,,N3380,N3380,1,undetected,N3380,N3380,N3380,sa1,1
1468,N48179 /1 undetected,output,,N48179,N48179,1,undetected,N48179,N48179,N48179,sa1,1
1469,N46698 /1 undetected,output,,N46698,N46698,1,undetected,N46698,N46698,N46698,sa1,1
1470,N1721 /1 undetected,output,,N1721,N1721,1,undetected,N1721,N1721,N1721,sa1,1
1471,N45280 /1 undetected,output,,N45280,N45280,1,undetected,N45280,N45280,N45280,sa1,1
1472,N3379 /1 undetected,output,,N3379,N3379,1,undetected,N3379,N3379,N3379,sa1,1
1473,N46963 /1 undetected,output,,N46963,N46963,1,undetected,N46963,N46963,N46963,sa1,1
1474,N46456 /1 undetected,output,,N46456,N46456,1,undetected,N46456,N46456,N46456,sa1,1
1475,N909 /1 undetected,output,,N909,N909,1,undetected,N909,N909,N909,sa1,1
1476,N909 /0 undetected,output,,N909,N909,0,undetected,N909,N909,N909,sa0,1
1477,N3464 /1 undetected,output,,N3464,N3464,1,undetected,N3464,N3464,N3464,sa1,1
1478,N46995 /1 undetected,output,,N46995,N46995,1,undetected,N46995,N46995,N46995,sa1,1
1479,N46699 /1 undetected,output,,N46699,N46699,1,undetected,N46699,N46699,N46699,sa1,1
1480,N1745 /1 undetected,output,,N1745,N1745,1,undetected,N1745,N1745,N1745,sa1,1
1481,N3465 /1 undetected,output,,N3465,N3465,1,undetected,N3465,N3465,N3465,sa1,1
1482,N48291 /1 undetected,output,,N48291,N48291,1,undetected,N48291,N48291,N48291,sa1,1
1483,N43980 /1 undetected,output,,N43980,N43980,1,undetected,N43980,N43980,N43980,sa1,1
1484,N3463 /1 undetected,output,,N3463,N3463,1,undetected,N3463,N3463,N3463,sa1,1
1485,N48211 /1 undetected,output,,N48211,N48211,1,undetected,N48211,N48211,N48211,sa1,1
1486,N46457 /1 undetected,output,,N46457,N46457,1,undetected,N46457,N46457,N46457,sa1,1
1487,N15990 /1 undetected,output,,N15990,N15990,1,undetected,N15990,N15990,N15990,sa1,1
1488,N52793 /1 undetected,output,,N52793,N52793,1,undetected,N52793,N52793,N52793,sa1,1
1489,N15896 /1 undetected,output,,N15896,N15896,1,undetected,N15896,N15896,N15896,sa1,1
1490,N15970 /1 undetected,output,,N15970,N15970,1,undetected,N15970,N15970,N15970,sa1,1
1491,N15894 /1 undetected,output,,N15894,N15894,1,undetected,N15894,N15894,N15894,sa1,1
1492,test_en->__tpi_cp_183_N34911 /0 undetected,input_edge,test_en,__tpi_cp_183_N34911,__tpi_cp_183_N34911,0,undetected,__tpi_cp_183_N34911,__tpi_cp_183_N34911,__tpi_cp_183_N34911,sa0,1
1493,N6700 /1 undetected,output,,N6700,N6700,1,undetected,N6700,N6700,N6700,sa1,1
1494,N50511 /1 undetected,output,,N50511,N50511,1,undetected,N50511,N50511,N50511,sa1,1
1495,__tpi_not_test_en->__tpi_cp_270_N15745 /1 undetected,input_edge,__tpi_not_test_en,__tpi_cp_270_N15745,__tpi_cp_270_N15745,1,undetected,__tpi_cp_270_N15745,__tpi_cp_270_N15745,__tpi_cp_270_N15745,sa1,1
1496,N15978 /1 undetected,output,,N15978,N15978,1,undetected,N15978,N15978,N15978,sa1,1
1497,N15978 /0 undetected,output,,N15978,N15978,0,undetected,N15978,N15978,N15978,sa0,1
1498,N52796 /1 undetected,output,,N52796,N52796,1,undetected,N52796,N52796,N52796,sa1,1
1499,N15918 /1 undetected,output,,N15918,N15918,1,undetected,N15918,N15918,N15918,sa1,1
1500,__tpi_not_test_en->__tpi_cp_114_N23246 /1 undetected,input_edge,__tpi_not_test_en,__tpi_cp_114_N23246,__tpi_cp_114_N23246,1,undetected,__tpi_cp_114_N23246,__tpi_cp_114_N23246,__tpi_cp_114_N23246,sa1,1
1501,N15055 /1 undetected,output,,N15055,N15055,1,undetected,N15055,N15055,N15055,sa1,1
1502,N14951 /1 undetected,output,,N14951,N14951,1,undetected,N14951,N14951,N14951,sa1,1
1503,test_en->__tpi_cp_175_N34201 /0 undetected,input_edge,test_en,__tpi_cp_175_N34201,__tpi_cp_175_N34201,0,undetected,__tpi_cp_175_N34201,__tpi_cp_175_N34201,__tpi_cp_175_N34201,sa0,1
1504,__tpi_not_test_en->__tpi_cp_146_N34195 /1 undetected,input_edge,__tpi_not_test_en,__tpi_cp_146_N34195,__tpi_cp_146_N34195,1,undetected,__tpi_cp_146_N34195,__tpi_cp_146_N34195,__tpi_cp_146_N34195,sa1,1
1505,N23231 /1 undetected,output,,N23231,N23231,1,undetected,N23231,N23231,N23231,sa1,1
1506,N15045 /1 undetected,output,,N15045,N15045,1,undetected,N15045,N15045,N15045,sa1,1
1507,N15044 /1 undetected,output,,N15044,N15044,1,undetected,N15044,N15044,N15044,sa1,1
1508,N34191 /1 undetected,output,,N34191,N34191,1,undetected,N34191,N34191,N34191,sa1,1
1509,N50779 /1 undetected,output,,N50779,N50779,1,undetected,N50779,N50779,N50779,sa1,1
1510,N6732 /1 undetected,output,,N6732,N6732,1,undetected,N6732,N6732,N6732,sa1,1
1511,N53099 /1 undetected,output,,N53099,N53099,1,undetected,N53099,N53099,N53099,sa1,1
1512,N50285 /1 undetected,output,,N50285,N50285,1,undetected,N50285,N50285,N50285,sa1,1
1513,N54202 /1 undetected,output,,N54202,N54202,1,undetected,N54202,N54202,N54202,sa1,1
1514,__tpi_not_test_en->__tpi_cp_88_N15050 /1 undetected,input_edge,__tpi_not_test_en,__tpi_cp_88_N15050,__tpi_cp_88_N15050,1,undetected,__tpi_cp_88_N15050,__tpi_cp_88_N15050,__tpi_cp_88_N15050,sa1,1
1515,N59363 /1 undetected,output,,N59363,N59363,1,undetected,N59363,N59363,N59363,sa1,1
1516,__tpi_not_test_en->__tpi_cp_156_N14998 /1 undetected,input_edge,__tpi_not_test_en,__tpi_cp_156_N14998,__tpi_cp_156_N14998,1,undetected,__tpi_cp_156_N14998,__tpi_cp_156_N14998,__tpi_cp_156_N14998,sa1,1
1517,N14497 /0 undetected,output,,N14497,N14497,0,undetected,N14497,N14497,N14497,sa0,1
1518,N14523 /1 undetected,output,,N14523,N14523,1,undetected,N14523,N14523,N14523,sa1,1
1519,N14436 /1 undetected,output,,N14436,N14436,1,undetected,N14436,N14436,N14436,sa1,1
1520,N58902 /1 undetected,output,,N58902,N58902,1,undetected,N58902,N58902,N58902,sa1,1
1521,N55501 /1 undetected,output,,N55501,N55501,1,undetected,N55501,N55501,N55501,sa1,1
1522,N8197 /1 undetected,output,,N8197,N8197,1,undetected,N8197,N8197,N8197,sa1,1
1523,N40872 /1 undetected,output,,N40872,N40872,1,undetected,N40872,N40872,N40872,sa1,1
1524,N53016 /1 undetected,output,,N53016,N53016,1,undetected,N53016,N53016,N53016,sa1,1
1525,N59288 /1 undetected,output,,N59288,N59288,1,undetected,N59288,N59288,N59288,sa1,1
1526,N54333 /1 undetected,output,,N54333,N54333,1,undetected,N54333,N54333,N54333,sa1,1
1527,N50191 /1 undetected,output,,N50191,N50191,1,undetected,N50191,N50191,N50191,sa1,1
1528,N6547 /1 undetected,output,,N6547,N6547,1,undetected,N6547,N6547,N6547,sa1,1
1529,N51330 /1 undetected,output,,N51330,N51330,1,undetected,N51330,N51330,N51330,sa1,1
1530,N10362 /1 undetected,output,,N10362,N10362,1,undetected,N10362,N10362,N10362,sa1,1
1531,N15790 /1 undetected,output,,N15790,N15790,1,undetected,N15790,N15790,N15790,sa1,1
1532,N15843 /1 undetected,output,,N15843,N15843,1,undetected,N15843,N15843,N15843,sa1,1
1533,test_en->__tpi_cp_373_N34847 /0 undetected,input_edge,test_en,__tpi_cp_373_N34847,__tpi_cp_373_N34847,0,undetected,__tpi_cp_373_N34847,__tpi_cp_373_N34847,__tpi_cp_373_N34847,sa0,1
1534,N34847 /0 undetected,output,,N34847,N34847,0,undetected,N34847,N34847,N34847,sa0,1
1535,N14437 /1 undetected,output,,N14437,N14437,1,undetected,N14437,N14437,N14437,sa1,1
1536,N39516 /1 undetected,output,,N39516,N39516,1,undetected,N39516,N39516,N39516,sa1,1
1537,N8943 /1 undetected,output,,N8943,N8943,1,undetected,N8943,N8943,N8943,sa1,1
1538,test_en->__tpi_cp_141_N33996 /0 undetected,input_edge,test_en,__tpi_cp_141_N33996,__tpi_cp_141_N33996,0,undetected,__tpi_cp_141_N33996,__tpi_cp_141_N33996,__tpi_cp_141_N33996,sa0,1
1539,__tpi_not_test_en->__tpi_cp_284_N14648 /1 undetected,input_edge,__tpi_not_test_en,__tpi_cp_284_N14648,__tpi_cp_284_N14648,1,undetected,__tpi_cp_284_N14648,__tpi_cp_284_N14648,__tpi_cp_284_N14648,sa1,1
1540,test_en->__tpi_cp_159_N14615 /0 undetected,input_edge,test_en,__tpi_cp_159_N14615,__tpi_cp_159_N14615,0,undetected,__tpi_cp_159_N14615,__tpi_cp_159_N14615,__tpi_cp_159_N14615,sa0,1
1541,test_en->__tpi_cp_147_N23139 /0 undetected,input_edge,test_en,__tpi_cp_147_N23139,__tpi_cp_147_N23139,0,undetected,__tpi_cp_147_N23139,__tpi_cp_147_N23139,__tpi_cp_147_N23139,sa0,1
1542,N8253 /0 undetected,output,,N8253,N8253,0,undetected,N8253,N8253,N8253,sa0,1
1543,N8293 /1 undetected,output,,N8293,N8293,1,undetected,N8293,N8293,N8293,sa1,1
1544,N8194 /1 undetected,output,,N8194,N8194,1,undetected,N8194,N8194,N8194,sa1,1
1545,N54946 /1 undetected,output,,N54946,N54946,1,undetected,N54946,N54946,N54946,sa1,1
1546,N46929 /1 undetected,output,,N46929,N46929,1,undetected,N46929,N46929,N46929,sa1,1
1547,N56478 /1 undetected,output,,N56478,N56478,1,undetected,N56478,N56478,N56478,sa1,1
1548,N942 /1 undetected,output,,N942,N942,1,undetected,N942,N942,N942,sa1,1
1549,N942 /0 undetected,output,,N942,N942,0,undetected,N942,N942,N942,sa0,1
1550,N3382 /1 undetected,output,,N3382,N3382,1,undetected,N3382,N3382,N3382,sa1,1
1551,N48180 /1 undetected,output,,N48180,N48180,1,undetected,N48180,N48180,N48180,sa1,1
1552,N46702 /1 undetected,output,,N46702,N46702,1,undetected,N46702,N46702,N46702,sa1,1
1553,N1722 /1 undetected,output,,N1722,N1722,1,undetected,N1722,N1722,N1722,sa1,1
1554,N45281 /1 undetected,output,,N45281,N45281,1,undetected,N45281,N45281,N45281,sa1,1
1555,N3381 /1 undetected,output,,N3381,N3381,1,undetected,N3381,N3381,N3381,sa1,1
1556,N46964 /1 undetected,output,,N46964,N46964,1,undetected,N46964,N46964,N46964,sa1,1
1557,N46384 /1 undetected,output,,N46384,N46384,1,undetected,N46384,N46384,N46384,sa1,1
1558,N910 /1 undetected,output,,N910,N910,1,undetected,N910,N910,N910,sa1,1
1559,N910 /0 undetected,output,,N910,N910,0,undetected,N910,N910,N910,sa0,1
1560,N3467 /1 undetected,output,,N3467,N3467,1,undetected,N3467,N3467,N3467,sa1,1
1561,N46996 /1 undetected,output,,N46996,N46996,1,undetected,N46996,N46996,N46996,sa1,1
1562,N46703 /1 undetected,output,,N46703,N46703,1,undetected,N46703,N46703,N46703,sa1,1
1563,N1746 /1 undetected,output,,N1746,N1746,1,undetected,N1746,N1746,N1746,sa1,1
1564,N3468 /1 undetected,output,,N3468,N3468,1,undetected,N3468,N3468,N3468,sa1,1
1565,N48292 /1 undetected,output,,N48292,N48292,1,undetected,N48292,N48292,N48292,sa1,1
1566,N44031 /1 undetected,output,,N44031,N44031,1,undetected,N44031,N44031,N44031,sa1,1
1567,N3466 /1 undetected,output,,N3466,N3466,1,undetected,N3466,N3466,N3466,sa1,1
1568,N48212 /1 undetected,output,,N48212,N48212,1,undetected,N48212,N48212,N48212,sa1,1
1569,N46385 /1 undetected,output,,N46385,N46385,1,undetected,N46385,N46385,N46385,sa1,1
1570,test_en->__tpi_cp_171_N28318 /0 undetected,input_edge,test_en,__tpi_cp_171_N28318,__tpi_cp_171_N28318,0,undetected,__tpi_cp_171_N28318,__tpi_cp_171_N28318,__tpi_cp_171_N28318,sa0,1
1571,N34850 /0 undetected,output,,N34850,N34850,0,undetected,N34850,N34850,N34850,sa0,1
1572,__tpi_not_test_en->__tpi_cp_98_N12844 /1 undetected,input_edge,__tpi_not_test_en,__tpi_cp_98_N12844,__tpi_cp_98_N12844,1,undetected,__tpi_cp_98_N12844,__tpi_cp_98_N12844,__tpi_cp_98_N12844,sa1,1
1573,N12832 /1 undetected,output,,N12832,N12832,1,undetected,N12832,N12832,N12832,sa1,1
1574,N12829 /1 undetected,output,,N12829,N12829,1,undetected,N12829,N12829,N12829,sa1,1
1575,N47004 /1 undetected,output,,N47004,N47004,1,undetected,N47004,N47004,N47004,sa1,1
1576,N6703 /1 undetected,output,,N6703,N6703,1,undetected,N6703,N6703,N6703,sa1,1
1577,N49891 /1 undetected,output,,N49891,N49891,1,undetected,N49891,N49891,N49891,sa1,1
1578,__tpi_not_test_en->__tpi_cp_75_N11120 /1 undetected,input_edge,__tpi_not_test_en,__tpi_cp_75_N11120,__tpi_cp_75_N11120,1,undetected,__tpi_cp_75_N11120,__tpi_cp_75_N11120,__tpi_cp_75_N11120,sa1,1
1579,test_en->__tpi_cp_359_N31453 /0 undetected,input_edge,test_en,__tpi_cp_359_N31453,__tpi_cp_359_N31453,0,undetected,__tpi_cp_359_N31453,__tpi_cp_359_N31453,__tpi_cp_359_N31453,sa0,1
1580,N14496 /0 undetected,output,,N14496,N14496,0,undetected,N14496,N14496,N14496,sa0,1
1581,N14525 /1 undetected,output,,N14525,N14525,1,undetected,N14525,N14525,N14525,sa1,1
1582,N14434 /1 undetected,output,,N14434,N14434,1,undetected,N14434,N14434,N14434,sa1,1
1583,N58900 /1 undetected,output,,N58900,N58900,1,undetected,N58900,N58900,N58900,sa1,1
1584,N8996 /1 undetected,output,,N8996,N8996,1,undetected,N8996,N8996,N8996,sa1,1
1585,N55537 /1 undetected,output,,N55537,N55537,1,undetected,N55537,N55537,N55537,sa1,1
1586,N8195 /1 undetected,output,,N8195,N8195,1,undetected,N8195,N8195,N8195,sa1,1
1587,N40939 /1 undetected,output,,N40939,N40939,1,undetected,N40939,N40939,N40939,sa1,1
1588,N4665 /0 undetected,output,,N4665,N4665,0,undetected,N4665,N4665,N4665,sa0,1
1589,N7303 /1 undetected,output,,N7303,N7303,1,undetected,N7303,N7303,N7303,sa1,1
1590,N53017 /1 undetected,output,,N53017,N53017,1,undetected,N53017,N53017,N53017,sa1,1
1591,N7302 /1 undetected,output,,N7302,N7302,1,undetected,N7302,N7302,N7302,sa1,1
1592,N59289 /1 undetected,output,,N59289,N59289,1,undetected,N59289,N59289,N59289,sa1,1
1593,N4227 /0 undetected,output,,N4227,N4227,0,undetected,N4227,N4227,N4227,sa0,1
1594,N6550 /1 undetected,output,,N6550,N6550,1,undetected,N6550,N6550,N6550,sa1,1
1595,N54334 /1 undetected,output,,N54334,N54334,1,undetected,N54334,N54334,N54334,sa1,1
1596,N50242 /1 undetected,output,,N50242,N50242,1,undetected,N50242,N50242,N50242,sa1,1
1597,N6549 /1 undetected,output,,N6549,N6549,1,undetected,N6549,N6549,N6549,sa1,1
1598,N51331 /1 undetected,output,,N51331,N51331,1,undetected,N51331,N51331,N51331,sa1,1
1599,N12641 /1 undetected,output,,N12641,N12641,1,undetected,N12641,N12641,N12641,sa1,1
1600,N45446 /1 undetected,output,,N45446,N45446,1,undetected,N45446,N45446,N45446,sa1,1
1601,N58004 /1 undetected,output,,N58004,N58004,1,undetected,N58004,N58004,N58004,sa1,1
1602,N14435 /1 undetected,output,,N14435,N14435,1,undetected,N14435,N14435,N14435,sa1,1
1603,N39447 /1 undetected,output,,N39447,N39447,1,undetected,N39447,N39447,N39447,sa1,1
1604,N55538 /1 undetected,output,,N55538,N55538,1,undetected,N55538,N55538,N55538,sa1,1
1605,N55498 /1 undetected,output,,N55498,N55498,1,undetected,N55498,N55498,N55498,sa1,1
1606,N8252 /0 undetected,output,,N8252,N8252,0,undetected,N8252,N8252,N8252,sa0,1
1607,N8295 /1 undetected,output,,N8295,N8295,1,undetected,N8295,N8295,N8295,sa1,1
1608,N8192 /1 undetected,output,,N8192,N8192,1,undetected,N8192,N8192,N8192,sa1,1
1609,N54944 /1 undetected,output,,N54944,N54944,1,undetected,N54944,N54944,N54944,sa1,1
1610,N46930 /1 undetected,output,,N46930,N46930,1,undetected,N46930,N46930,N46930,sa1,1
1611,N56479 /1 undetected,output,,N56479,N56479,1,undetected,N56479,N56479,N56479,sa1,1
1612,N943 /1 undetected,output,,N943,N943,1,undetected,N943,N943,N943,sa1,1
1613,N943 /0 undetected,output,,N943,N943,0,undetected,N943,N943,N943,sa0,1
1614,N3384 /1 undetected,output,,N3384,N3384,1,undetected,N3384,N3384,N3384,sa1,1
1615,N48181 /1 undetected,output,,N48181,N48181,1,undetected,N48181,N48181,N48181,sa1,1
1616,N46706 /1 undetected,output,,N46706,N46706,1,undetected,N46706,N46706,N46706,sa1,1
1617,N1723 /1 undetected,output,,N1723,N1723,1,undetected,N1723,N1723,N1723,sa1,1
1618,N45282 /1 undetected,output,,N45282,N45282,1,undetected,N45282,N45282,N45282,sa1,1
1619,N3383 /1 undetected,output,,N3383,N3383,1,undetected,N3383,N3383,N3383,sa1,1
1620,N46965 /1 undetected,output,,N46965,N46965,1,undetected,N46965,N46965,N46965,sa1,1
1621,N46322 /1 undetected,output,,N46322,N46322,1,undetected,N46322,N46322,N46322,sa1,1
1622,N911 /1 undetected,output,,N911,N911,1,undetected,N911,N911,N911,sa1,1
1623,N911 /0 undetected,output,,N911,N911,0,undetected,N911,N911,N911,sa0,1
1624,N3470 /1 undetected,output,,N3470,N3470,1,undetected,N3470,N3470,N3470,sa1,1
1625,N46997 /1 undetected,output,,N46997,N46997,1,undetected,N46997,N46997,N46997,sa1,1
1626,N46707 /1 undetected,output,,N46707,N46707,1,undetected,N46707,N46707,N46707,sa1,1
1627,N1747 /1 undetected,output,,N1747,N1747,1,undetected,N1747,N1747,N1747,sa1,1
1628,N3471 /1 undetected,output,,N3471,N3471,1,undetected,N3471,N3471,N3471,sa1,1
1629,N48293 /1 undetected,output,,N48293,N48293,1,undetected,N48293,N48293,N48293,sa1,1
1630,N44250 /1 undetected,output,,N44250,N44250,1,undetected,N44250,N44250,N44250,sa1,1
1631,N3469 /1 undetected,output,,N3469,N3469,1,undetected,N3469,N3469,N3469,sa1,1
1632,N48213 /1 undetected,output,,N48213,N48213,1,undetected,N48213,N48213,N48213,sa1,1
1633,N46323 /1 undetected,output,,N46323,N46323,1,undetected,N46323,N46323,N46323,sa1,1
1634,N59830 /1 undetected,output,,N59830,N59830,1,undetected,N59830,N59830,N59830,sa1,1
1635,test_en->__tpi_cp_388_N6935 /0 undetected,input_edge,test_en,__tpi_cp_388_N6935,__tpi_cp_388_N6935,0,undetected,__tpi_cp_388_N6935,__tpi_cp_388_N6935,__tpi_cp_388_N6935,sa0,1
1636,N6706 /1 undetected,output,,N6706,N6706,1,undetected,N6706,N6706,N6706,sa1,1
1637,N50087 /1 undetected,output,,N50087,N50087,1,undetected,N50087,N50087,N50087,sa1,1
1638,N14495 /0 undetected,output,,N14495,N14495,0,undetected,N14495,N14495,N14495,sa0,1
1639,N14527 /1 undetected,output,,N14527,N14527,1,undetected,N14527,N14527,N14527,sa1,1
1640,N14432 /1 undetected,output,,N14432,N14432,1,undetected,N14432,N14432,N14432,sa1,1
1641,N58898 /1 undetected,output,,N58898,N58898,1,undetected,N58898,N58898,N58898,sa1,1
1642,N8193 /1 undetected,output,,N8193,N8193,1,undetected,N8193,N8193,N8193,sa1,1
1643,N40848 /1 undetected,output,,N40848,N40848,1,undetected,N40848,N40848,N40848,sa1,1
1644,N4666 /0 undetected,output,,N4666,N4666,0,undetected,N4666,N4666,N4666,sa0,1
1645,N7305 /1 undetected,output,,N7305,N7305,1,undetected,N7305,N7305,N7305,sa1,1
1646,N53018 /1 undetected,output,,N53018,N53018,1,undetected,N53018,N53018,N53018,sa1,1
1647,N7304 /1 undetected,output,,N7304,N7304,1,undetected,N7304,N7304,N7304,sa1,1
1648,N59290 /1 undetected,output,,N59290,N59290,1,undetected,N59290,N59290,N59290,sa1,1
1649,N4228 /0 undetected,output,,N4228,N4228,0,undetected,N4228,N4228,N4228,sa0,1
1650,N6553 /1 undetected,output,,N6553,N6553,1,undetected,N6553,N6553,N6553,sa1,1
1651,N54336 /1 undetected,output,,N54336,N54336,1,undetected,N54336,N54336,N54336,sa1,1
1652,N50458 /1 undetected,output,,N50458,N50458,1,undetected,N50458,N50458,N50458,sa1,1
1653,N6552 /1 undetected,output,,N6552,N6552,1,undetected,N6552,N6552,N6552,sa1,1
1654,N51332 /1 undetected,output,,N51332,N51332,1,undetected,N51332,N51332,N51332,sa1,1
1655,__tpi_not_test_en->__tpi_cp_340_N15739 /1 undetected,input_edge,__tpi_not_test_en,__tpi_cp_340_N15739,__tpi_cp_340_N15739,1,undetected,__tpi_cp_340_N15739,__tpi_cp_340_N15739,__tpi_cp_340_N15739,sa1,1
1656,test_en->__tpi_cp_185_N14903 /0 undetected,input_edge,test_en,__tpi_cp_185_N14903,__tpi_cp_185_N14903,0,undetected,__tpi_cp_185_N14903,__tpi_cp_185_N14903,__tpi_cp_185_N14903,sa0,1
1657,N15792 /1 undetected,output,,N15792,N15792,1,undetected,N15792,N15792,N15792,sa1,1
1658,N59362 /1 undetected,output,,N59362,N59362,1,undetected,N59362,N59362,N59362,sa1,1
1659,N14433 /1 undetected,output,,N14433,N14433,1,undetected,N14433,N14433,N14433,sa1,1
1660,N39547 /1 undetected,output,,N39547,N39547,1,undetected,N39547,N39547,N39547,sa1,1
1661,__tpi_not_test_en->__tpi_cp_140_N31358 /1 undetected,input_edge,__tpi_not_test_en,__tpi_cp_140_N31358,__tpi_cp_140_N31358,1,undetected,__tpi_cp_140_N31358,__tpi_cp_140_N31358,__tpi_cp_140_N31358,sa1,1
1662,N8945 /1 undetected,output,,N8945,N8945,1,undetected,N8945,N8945,N8945,sa1,1
1663,N55496 /1 undetected,output,,N55496,N55496,1,undetected,N55496,N55496,N55496,sa1,1
1664,__tpi_not_test_en->__tpi_cp_166_N59985 /1 undetected,input_edge,__tpi_not_test_en,__tpi_cp_166_N59985,__tpi_cp_166_N59985,1,undetected,__tpi_cp_166_N59985,__tpi_cp_166_N59985,__tpi_cp_166_N59985,sa1,1
1665,N8251 /0 undetected,output,,N8251,N8251,0,undetected,N8251,N8251,N8251,sa0,1
1666,N8297 /1 undetected,output,,N8297,N8297,1,undetected,N8297,N8297,N8297,sa1,1
1667,N8190 /1 undetected,output,,N8190,N8190,1,undetected,N8190,N8190,N8190,sa1,1
1668,N54942 /1 undetected,output,,N54942,N54942,1,undetected,N54942,N54942,N54942,sa1,1
1669,N46931 /1 undetected,output,,N46931,N46931,1,undetected,N46931,N46931,N46931,sa1,1
1670,N56480 /1 undetected,output,,N56480,N56480,1,undetected,N56480,N56480,N56480,sa1,1
1671,N944 /1 undetected,output,,N944,N944,1,undetected,N944,N944,N944,sa1,1
1672,N944 /0 undetected,output,,N944,N944,0,undetected,N944,N944,N944,sa0,1
1673,N3386 /1 undetected,output,,N3386,N3386,1,undetected,N3386,N3386,N3386,sa1,1
1674,N48182 /1 undetected,output,,N48182,N48182,1,undetected,N48182,N48182,N48182,sa1,1
1675,N46710 /1 undetected,output,,N46710,N46710,1,undetected,N46710,N46710,N46710,sa1,1
1676,N1724 /1 undetected,output,,N1724,N1724,1,undetected,N1724,N1724,N1724,sa1,1
1677,N45283 /1 undetected,output,,N45283,N45283,1,undetected,N45283,N45283,N45283,sa1,1
1678,N3385 /1 undetected,output,,N3385,N3385,1,undetected,N3385,N3385,N3385,sa1,1
1679,N46966 /1 undetected,output,,N46966,N46966,1,undetected,N46966,N46966,N46966,sa1,1
1680,N46262 /1 undetected,output,,N46262,N46262,1,undetected,N46262,N46262,N46262,sa1,1
1681,N912 /1 undetected,output,,N912,N912,1,undetected,N912,N912,N912,sa1,1
1682,N912 /0 undetected,output,,N912,N912,0,undetected,N912,N912,N912,sa0,1
1683,N3473 /1 undetected,output,,N3473,N3473,1,undetected,N3473,N3473,N3473,sa1,1
1684,N46998 /1 undetected,output,,N46998,N46998,1,undetected,N46998,N46998,N46998,sa1,1
1685,N46711 /1 undetected,output,,N46711,N46711,1,undetected,N46711,N46711,N46711,sa1,1
1686,N1748 /1 undetected,output,,N1748,N1748,1,undetected,N1748,N1748,N1748,sa1,1
1687,N3474 /1 undetected,output,,N3474,N3474,1,undetected,N3474,N3474,N3474,sa1,1
1688,N48294 /1 undetected,output,,N48294,N48294,1,undetected,N48294,N48294,N48294,sa1,1
1689,N44297 /1 undetected,output,,N44297,N44297,1,undetected,N44297,N44297,N44297,sa1,1
1690,N3472 /1 undetected,output,,N3472,N3472,1,undetected,N3472,N3472,N3472,sa1,1
1691,N48214 /1 undetected,output,,N48214,N48214,1,undetected,N48214,N48214,N48214,sa1,1
1692,N46263 /1 undetected,output,,N46263,N46263,1,undetected,N46263,N46263,N46263,sa1,1
1693,test_en->__tpi_cp_46_N28308 /0 undetected,input_edge,test_en,__tpi_cp_46_N28308,__tpi_cp_46_N28308,0,undetected,__tpi_cp_46_N28308,__tpi_cp_46_N28308,__tpi_cp_46_N28308,sa0,1
1694,test_en->__tpi_cp_197_N14901 /0 undetected,input_edge,test_en,__tpi_cp_197_N14901,__tpi_cp_197_N14901,0,undetected,__tpi_cp_197_N14901,__tpi_cp_197_N14901,__tpi_cp_197_N14901,sa0,1
1695,test_en->__tpi_cp_30_N18180 /0 undetected,input_edge,test_en,__tpi_cp_30_N18180,__tpi_cp_30_N18180,0,undetected,__tpi_cp_30_N18180,__tpi_cp_30_N18180,__tpi_cp_30_N18180,sa0,1
1696,__tpi_not_test_en->__tpi_cp_382_N36689 /1 undetected,input_edge,__tpi_not_test_en,__tpi_cp_382_N36689,__tpi_cp_382_N36689,1,undetected,__tpi_cp_382_N36689,__tpi_cp_382_N36689,__tpi_cp_382_N36689,sa1,1
1697,test_en->__tpi_cp_223_N36688 /0 undetected,input_edge,test_en,__tpi_cp_223_N36688,__tpi_cp_223_N36688,0,undetected,__tpi_cp_223_N36688,__tpi_cp_223_N36688,__tpi_cp_223_N36688,sa0,1
1698,N59827 /1 undetected,output,,N59827,N59827,1,undetected,N59827,N59827,N59827,sa1,1
1699,test_en->__tpi_cp_287_N22852 /0 undetected,input_edge,test_en,__tpi_cp_287_N22852,__tpi_cp_287_N22852,0,undetected,__tpi_cp_287_N22852,__tpi_cp_287_N22852,__tpi_cp_287_N22852,sa0,1
1700,N6709 /1 undetected,output,,N6709,N6709,1,undetected,N6709,N6709,N6709,sa1,1
1701,N50138 /1 undetected,output,,N50138,N50138,1,undetected,N50138,N50138,N50138,sa1,1
1702,N14494 /0 undetected,output,,N14494,N14494,0,undetected,N14494,N14494,N14494,sa0,1
1703,N14529 /1 undetected,output,,N14529,N14529,1,undetected,N14529,N14529,N14529,sa1,1
1704,N14430 /1 undetected,output,,N14430,N14430,1,undetected,N14430,N14430,N14430,sa1,1
1705,N58896 /1 undetected,output,,N58896,N58896,1,undetected,N58896,N58896,N58896,sa1,1
1706,N8191 /1 undetected,output,,N8191,N8191,1,undetected,N8191,N8191,N8191,sa1,1
1707,N40896 /1 undetected,output,,N40896,N40896,1,undetected,N40896,N40896,N40896,sa1,1
1708,N4668 /0 undetected,output,,N4668,N4668,0,undetected,N4668,N4668,N4668,sa0,1
1709,N7310 /1 undetected,output,,N7310,N7310,1,undetected,N7310,N7310,N7310,sa1,1
1710,N53020 /1 undetected,output,,N53020,N53020,1,undetected,N53020,N53020,N53020,sa1,1
1711,N7309 /1 undetected,output,,N7309,N7309,1,undetected,N7309,N7309,N7309,sa1,1
1712,N59292 /1 undetected,output,,N59292,N59292,1,undetected,N59292,N59292,N59292,sa1,1
1713,N4229 /0 undetected,output,,N4229,N4229,0,undetected,N4229,N4229,N4229,sa0,1
1714,N6555 /1 undetected,output,,N6555,N6555,1,undetected,N6555,N6555,N6555,sa1,1
1715,N54337 /1 undetected,output,,N54337,N54337,1,undetected,N54337,N54337,N54337,sa1,1
1716,N50509 /1 undetected,output,,N50509,N50509,1,undetected,N50509,N50509,N50509,sa1,1
1717,N6554 /1 undetected,output,,N6554,N6554,1,undetected,N6554,N6554,N6554,sa1,1
1718,N51333 /1 undetected,output,,N51333,N51333,1,undetected,N51333,N51333,N51333,sa1,1
1719,N39421 /1 undetected,output,,N39421,N39421,1,undetected,N39421,N39421,N39421,sa1,1
1720,__tpi_not_test_en->__tpi_cp_142_N23391 /1 undetected,input_edge,__tpi_not_test_en,__tpi_cp_142_N23391,__tpi_cp_142_N23391,1,undetected,__tpi_cp_142_N23391,__tpi_cp_142_N23391,__tpi_cp_142_N23391,sa1,1
1721,N14431 /1 undetected,output,,N14431,N14431,1,undetected,N14431,N14431,N14431,sa1,1
1722,N39486 /1 undetected,output,,N39486,N39486,1,undetected,N39486,N39486,N39486,sa1,1
1723,N6747 /1 undetected,output,,N6747,N6747,1,undetected,N6747,N6747,N6747,sa1,1
1724,N54137 /1 undetected,output,,N54137,N54137,1,undetected,N54137,N54137,N54137,sa1,1
1725,N6745 /1 undetected,output,,N6745,N6745,1,undetected,N6745,N6745,N6745,sa1,1
1726,N54135 /1 undetected,output,,N54135,N54135,1,undetected,N54135,N54135,N54135,sa1,1
1727,N8250 /0 undetected,output,,N8250,N8250,0,undetected,N8250,N8250,N8250,sa0,1
1728,N8188 /1 undetected,output,,N8188,N8188,1,undetected,N8188,N8188,N8188,sa1,1
1729,N54940 /1 undetected,output,,N54940,N54940,1,undetected,N54940,N54940,N54940,sa1,1
1730,N46932 /1 undetected,output,,N46932,N46932,1,undetected,N46932,N46932,N46932,sa1,1
1731,N56481 /1 undetected,output,,N56481,N56481,1,undetected,N56481,N56481,N56481,sa1,1
1732,N48184 /1 undetected,output,,N48184,N48184,1,undetected,N48184,N48184,N48184,sa1,1
1733,N45285 /1 undetected,output,,N45285,N45285,1,undetected,N45285,N45285,N45285,sa1,1
1734,N46968 /1 undetected,output,,N46968,N46968,1,undetected,N46968,N46968,N46968,sa1,1
1735,N945 /1 undetected,output,,N945,N945,1,undetected,N945,N945,N945,sa1,1
1736,N945 /0 undetected,output,,N945,N945,0,undetected,N945,N945,N945,sa0,1
1737,N3388 /1 undetected,output,,N3388,N3388,1,undetected,N3388,N3388,N3388,sa1,1
1738,N48183 /1 undetected,output,,N48183,N48183,1,undetected,N48183,N48183,N48183,sa1,1
1739,N46714 /1 undetected,output,,N46714,N46714,1,undetected,N46714,N46714,N46714,sa1,1
1740,N1725 /1 undetected,output,,N1725,N1725,1,undetected,N1725,N1725,N1725,sa1,1
1741,N45284 /1 undetected,output,,N45284,N45284,1,undetected,N45284,N45284,N45284,sa1,1
1742,N3387 /1 undetected,output,,N3387,N3387,1,undetected,N3387,N3387,N3387,sa1,1
1743,N46967 /1 undetected,output,,N46967,N46967,1,undetected,N46967,N46967,N46967,sa1,1
1744,N46196 /1 undetected,output,,N46196,N46196,1,undetected,N46196,N46196,N46196,sa1,1
1745,N3480 /1 undetected,output,,N3480,N3480,1,undetected,N3480,N3480,N3480,sa1,1
1746,N43490 /1 undetected,output,,N43490,N43490,1,undetected,N43490,N43490,N43490,sa1,1
1747,N913 /1 undetected,output,,N913,N913,1,undetected,N913,N913,N913,sa1,1
1748,N913 /0 undetected,output,,N913,N913,0,undetected,N913,N913,N913,sa0,1
1749,N3476 /1 undetected,output,,N3476,N3476,1,undetected,N3476,N3476,N3476,sa1,1
1750,N46999 /1 undetected,output,,N46999,N46999,1,undetected,N46999,N46999,N46999,sa1,1
1751,N46715 /1 undetected,output,,N46715,N46715,1,undetected,N46715,N46715,N46715,sa1,1
1752,N1749 /1 undetected,output,,N1749,N1749,1,undetected,N1749,N1749,N1749,sa1,1
1753,N3477 /1 undetected,output,,N3477,N3477,1,undetected,N3477,N3477,N3477,sa1,1
1754,N48295 /1 undetected,output,,N48295,N48295,1,undetected,N48295,N48295,N48295,sa1,1
1755,N43929 /1 undetected,output,,N43929,N43929,1,undetected,N43929,N43929,N43929,sa1,1
1756,N3475 /1 undetected,output,,N3475,N3475,1,undetected,N3475,N3475,N3475,sa1,1
1757,N48215 /1 undetected,output,,N48215,N48215,1,undetected,N48215,N48215,N48215,sa1,1
1758,N46197 /1 undetected,output,,N46197,N46197,1,undetected,N46197,N46197,N46197,sa1,1
1759,N6746 /1 undetected,output,,N6746,N6746,1,undetected,N6746,N6746,N6746,sa1,1
1760,N54133 /1 undetected,output,,N54133,N54133,1,undetected,N54133,N54133,N54133,sa1,1
1761,N54324 /1 undetected,output,,N54324,N54324,1,undetected,N54324,N54324,N54324,sa1,1
1762,N51321 /1 undetected,output,,N51321,N51321,1,undetected,N51321,N51321,N51321,sa1,1
1763,N54321 /1 undetected,output,,N54321,N54321,1,undetected,N54321,N54321,N54321,sa1,1
1764,N51318 /1 undetected,output,,N51318,N51318,1,undetected,N51318,N51318,N51318,sa1,1
1765,N54320 /1 undetected,output,,N54320,N54320,1,undetected,N54320,N54320,N54320,sa1,1
1766,N51317 /1 undetected,output,,N51317,N51317,1,undetected,N51317,N51317,N51317,sa1,1
1767,N54319 /1 undetected,output,,N54319,N54319,1,undetected,N54319,N54319,N54319,sa1,1
1768,N51316 /1 undetected,output,,N51316,N51316,1,undetected,N51316,N51316,N51316,sa1,1
1769,N54318 /1 undetected,output,,N54318,N54318,1,undetected,N54318,N54318,N54318,sa1,1
1770,N51315 /1 undetected,output,,N51315,N51315,1,undetected,N51315,N51315,N51315,sa1,1
1771,N54317 /1 undetected,output,,N54317,N54317,1,undetected,N54317,N54317,N54317,sa1,1
1772,N51314 /1 undetected,output,,N51314,N51314,1,undetected,N51314,N51314,N51314,sa1,1
1773,N54316 /1 undetected,output,,N54316,N54316,1,undetected,N54316,N54316,N54316,sa1,1
1774,N51313 /1 undetected,output,,N51313,N51313,1,undetected,N51313,N51313,N51313,sa1,1
1775,N54345 /1 undetected,output,,N54345,N54345,1,undetected,N54345,N54345,N54345,sa1,1
1776,N51341 /1 undetected,output,,N51341,N51341,1,undetected,N51341,N51341,N51341,sa1,1
1777,N54344 /1 undetected,output,,N54344,N54344,1,undetected,N54344,N54344,N54344,sa1,1
1778,N51340 /1 undetected,output,,N51340,N51340,1,undetected,N51340,N51340,N51340,sa1,1
1779,N54343 /1 undetected,output,,N54343,N54343,1,undetected,N54343,N54343,N54343,sa1,1
1780,N51339 /1 undetected,output,,N51339,N51339,1,undetected,N51339,N51339,N51339,sa1,1
1781,N54342 /1 undetected,output,,N54342,N54342,1,undetected,N54342,N54342,N54342,sa1,1
1782,N51338 /1 undetected,output,,N51338,N51338,1,undetected,N51338,N51338,N51338,sa1,1
1783,N54341 /1 undetected,output,,N54341,N54341,1,undetected,N54341,N54341,N54341,sa1,1
1784,N51337 /1 undetected,output,,N51337,N51337,1,undetected,N51337,N51337,N51337,sa1,1
1785,N54340 /1 undetected,output,,N54340,N54340,1,undetected,N54340,N54340,N54340,sa1,1
1786,N51336 /1 undetected,output,,N51336,N51336,1,undetected,N51336,N51336,N51336,sa1,1
1787,N54339 /1 undetected,output,,N54339,N54339,1,undetected,N54339,N54339,N54339,sa1,1
1788,N51335 /1 undetected,output,,N51335,N51335,1,undetected,N51335,N51335,N51335,sa1,1
1789,N54338 /1 undetected,output,,N54338,N54338,1,undetected,N54338,N54338,N54338,sa1,1
1790,N51334 /1 undetected,output,,N51334,N51334,1,undetected,N51334,N51334,N51334,sa1,1
1791,N51320 /1 undetected,output,,N51320,N51320,1,undetected,N51320,N51320,N51320,sa1,1
1792,N54322 /1 undetected,output,,N54322,N54322,1,undetected,N54322,N54322,N54322,sa1,1
1793,N51319 /1 undetected,output,,N51319,N51319,1,undetected,N51319,N51319,N51319,sa1,1
1794,N6721 /1 undetected,output,,N6721,N6721,1,undetected,N6721,N6721,N6721,sa1,1
1795,N49597 /1 undetected,output,,N49597,N49597,1,undetected,N49597,N49597,N49597,sa1,1
1796,N6712 /1 undetected,output,,N6712,N6712,1,undetected,N6712,N6712,N6712,sa1,1
1797,N50362 /1 undetected,output,,N50362,N50362,1,undetected,N50362,N50362,N50362,sa1,1
1798,N14493 /0 undetected,output,,N14493,N14493,0,undetected,N14493,N14493,N14493,sa0,1
1799,N14531 /1 undetected,output,,N14531,N14531,1,undetected,N14531,N14531,N14531,sa1,1
1800,N14428 /1 undetected,output,,N14428,N14428,1,undetected,N14428,N14428,N14428,sa1,1
1801,N58894 /1 undetected,output,,N58894,N58894,1,undetected,N58894,N58894,N58894,sa1,1
1802,N8189 /1 undetected,output,,N8189,N8189,1,undetected,N8189,N8189,N8189,sa1,1
1803,N4669 /0 undetected,output,,N4669,N4669,0,undetected,N4669,N4669,N4669,sa0,1
1804,N7312 /1 undetected,output,,N7312,N7312,1,undetected,N7312,N7312,N7312,sa1,1
1805,N53021 /1 undetected,output,,N53021,N53021,1,undetected,N53021,N53021,N53021,sa1,1
1806,N50516 /1 undetected,output,,N50516,N50516,1,undetected,N50516,N50516,N50516,sa1,1
1807,N7311 /1 undetected,output,,N7311,N7311,1,undetected,N7311,N7311,N7311,sa1,1
1808,N59293 /1 undetected,output,,N59293,N59293,1,undetected,N59293,N59293,N59293,sa1,1
1809,__tpi_not_test_en->__tpi_cp_106_N22959 /1 undetected,input_edge,__tpi_not_test_en,__tpi_cp_106_N22959,__tpi_cp_106_N22959,1,undetected,__tpi_cp_106_N22959,__tpi_cp_106_N22959,__tpi_cp_106_N22959,sa1,1
1810,__tpi_not_test_en->__tpi_cp_138_N22962 /1 undetected,input_edge,__tpi_not_test_en,__tpi_cp_138_N22962,__tpi_cp_138_N22962,1,undetected,__tpi_cp_138_N22962,__tpi_cp_138_N22962,__tpi_cp_138_N22962,sa1,1
1811,N40972 /1 undetected,output,,N40972,N40972,1,undetected,N40972,N40972,N40972,sa1,1
1812,N15794 /1 undetected,output,,N15794,N15794,1,undetected,N15794,N15794,N15794,sa1,1
1813,N14429 /1 undetected,output,,N14429,N14429,1,undetected,N14429,N14429,N14429,sa1,1
1814,N39538 /1 undetected,output,,N39538,N39538,1,undetected,N39538,N39538,N39538,sa1,1
1815,N8947 /1 undetected,output,,N8947,N8947,1,undetected,N8947,N8947,N8947,sa1,1
1816,N58133 /1 undetected,output,,N58133,N58133,1,undetected,N58133,N58133,N58133,sa1,1
1817,N6645 /1 undetected,output,,N6645,N6645,1,undetected,N6645,N6645,N6645,sa1,1
1818,N49938 /1 undetected,output,,N49938,N49938,1,undetected,N49938,N49938,N49938,sa1,1
1819,N6724 /1 undetected,output,,N6724,N6724,1,undetected,N6724,N6724,N6724,sa1,1
1820,N49538 /1 undetected,output,,N49538,N49538,1,undetected,N49538,N49538,N49538,sa1,1
1821,N46933 /1 undetected,output,,N46933,N46933,1,undetected,N46933,N46933,N46933,sa1,1
1822,N56482 /1 undetected,output,,N56482,N56482,1,undetected,N56482,N56482,N56482,sa1,1
1823,N15040 /1 undetected,output,,N15040,N15040,1,undetected,N15040,N15040,N15040,sa1,1
1824,N53030 /1 undetected,output,,N53030,N53030,1,undetected,N53030,N53030,N53030,sa1,1
1825,N59302 /1 undetected,output,,N59302,N59302,1,undetected,N59302,N59302,N59302,sa1,1
1826,N53029 /1 undetected,output,,N53029,N53029,1,undetected,N53029,N53029,N53029,sa1,1
1827,N59301 /1 undetected,output,,N59301,N59301,1,undetected,N59301,N59301,N59301,sa1,1
1828,N53028 /1 undetected,output,,N53028,N53028,1,undetected,N53028,N53028,N53028,sa1,1
1829,N59300 /1 undetected,output,,N59300,N59300,1,undetected,N59300,N59300,N59300,sa1,1
1830,N53027 /1 undetected,output,,N53027,N53027,1,undetected,N53027,N53027,N53027,sa1,1
1831,N59299 /1 undetected,output,,N59299,N59299,1,undetected,N59299,N59299,N59299,sa1,1
1832,N53026 /1 undetected,output,,N53026,N53026,1,undetected,N53026,N53026,N53026,sa1,1
1833,N59298 /1 undetected,output,,N59298,N59298,1,undetected,N59298,N59298,N59298,sa1,1
1834,N53025 /1 undetected,output,,N53025,N53025,1,undetected,N53025,N53025,N53025,sa1,1
1835,N59297 /1 undetected,output,,N59297,N59297,1,undetected,N59297,N59297,N59297,sa1,1
1836,N53024 /1 undetected,output,,N53024,N53024,1,undetected,N53024,N53024,N53024,sa1,1
1837,N59296 /1 undetected,output,,N59296,N59296,1,undetected,N59296,N59296,N59296,sa1,1
1838,N53023 /1 undetected,output,,N53023,N53023,1,undetected,N53023,N53023,N53023,sa1,1
1839,N59295 /1 undetected,output,,N59295,N59295,1,undetected,N59295,N59295,N59295,sa1,1
1840,N53022 /1 undetected,output,,N53022,N53022,1,undetected,N53022,N53022,N53022,sa1,1
1841,N59294 /1 undetected,output,,N59294,N59294,1,undetected,N59294,N59294,N59294,sa1,1
1842,N53019 /1 undetected,output,,N53019,N53019,1,undetected,N53019,N53019,N53019,sa1,1
1843,N59291 /1 undetected,output,,N59291,N59291,1,undetected,N59291,N59291,N59291,sa1,1
1844,N53008 /1 undetected,output,,N53008,N53008,1,undetected,N53008,N53008,N53008,sa1,1
1845,N59280 /1 undetected,output,,N59280,N59280,1,undetected,N59280,N59280,N59280,sa1,1
1846,N7281 /1 undetected,output,,N7281,N7281,1,undetected,N7281,N7281,N7281,sa1,1
1847,N53006 /1 undetected,output,,N53006,N53006,1,undetected,N53006,N53006,N53006,sa1,1
1848,N7279 /1 undetected,output,,N7279,N7279,1,undetected,N7279,N7279,N7279,sa1,1
1849,N49422 /1 undetected,output,,N49422,N49422,1,undetected,N49422,N49422,N49422,sa1,1
1850,N15101 /1 undetected,output,,N15101,N15101,1,undetected,N15101,N15101,N15101,sa1,1
1851,N15103 /1 undetected,output,,N15103,N15103,1,undetected,N15103,N15103,N15103,sa1,1
1852,N59365 /1 undetected,output,,N59365,N59365,1,undetected,N59365,N59365,N59365,sa1,1
1853,N49313 /1 undetected,output,,N49313,N49313,1,undetected,N49313,N49313,N49313,sa1,1
1854,N53005 /1 undetected,output,,N53005,N53005,1,undetected,N53005,N53005,N53005,sa1,1
1855,N59277 /1 undetected,output,,N59277,N59277,1,undetected,N59277,N59277,N59277,sa1,1
1856,N53004 /1 undetected,output,,N53004,N53004,1,undetected,N53004,N53004,N53004,sa1,1
1857,N59276 /1 undetected,output,,N59276,N59276,1,undetected,N59276,N59276,N59276,sa1,1
1858,N53003 /1 undetected,output,,N53003,N53003,1,undetected,N53003,N53003,N53003,sa1,1
1859,N59275 /1 undetected,output,,N59275,N59275,1,undetected,N59275,N59275,N59275,sa1,1
1860,N53002 /1 undetected,output,,N53002,N53002,1,undetected,N53002,N53002,N53002,sa1,1
1861,N59274 /1 undetected,output,,N59274,N59274,1,undetected,N59274,N59274,N59274,sa1,1
1862,N53001 /1 undetected,output,,N53001,N53001,1,undetected,N53001,N53001,N53001,sa1,1
1863,N59273 /1 undetected,output,,N59273,N59273,1,undetected,N59273,N59273,N59273,sa1,1
1864,N53000 /1 undetected,output,,N53000,N53000,1,undetected,N53000,N53000,N53000,sa1,1
1865,N59272 /1 undetected,output,,N59272,N59272,1,undetected,N59272,N59272,N59272,sa1,1
1866,N52999 /1 undetected,output,,N52999,N52999,1,undetected,N52999,N52999,N52999,sa1,1
1867,N59271 /1 undetected,output,,N59271,N59271,1,undetected,N59271,N59271,N59271,sa1,1
1868,N6642 /1 undetected,output,,N6642,N6642,1,undetected,N6642,N6642,N6642,sa1,1
1869,N50609 /1 undetected,output,,N50609,N50609,1,undetected,N50609,N50609,N50609,sa1,1
1870,N6727 /1 undetected,output,,N6727,N6727,1,undetected,N6727,N6727,N6727,sa1,1
1871,N50559 /1 undetected,output,,N50559,N50559,1,undetected,N50559,N50559,N50559,sa1,1
1872,N48186 /1 undetected,output,,N48186,N48186,1,undetected,N48186,N48186,N48186,sa1,1
1873,N45287 /1 undetected,output,,N45287,N45287,1,undetected,N45287,N45287,N45287,sa1,1
1874,N46970 /1 undetected,output,,N46970,N46970,1,undetected,N46970,N46970,N46970,sa1,1
1875,N48185 /1 undetected,output,,N48185,N48185,1,undetected,N48185,N48185,N48185,sa1,1
1876,N45286 /1 undetected,output,,N45286,N45286,1,undetected,N45286,N45286,N45286,sa1,1
1877,N46969 /1 undetected,output,,N46969,N46969,1,undetected,N46969,N46969,N46969,sa1,1
1878,N3486 /1 undetected,output,,N3486,N3486,1,undetected,N3486,N3486,N3486,sa1,1
1879,N44442 /1 undetected,output,,N44442,N44442,1,undetected,N44442,N44442,N44442,sa1,1
1880,N3483 /1 undetected,output,,N3483,N3483,1,undetected,N3483,N3483,N3483,sa1,1
1881,N43431 /1 undetected,output,,N43431,N43431,1,undetected,N43431,N43431,N43431,sa1,1
1882,__tpi_not_test_en->__tpi_cp_400_N12634 /1 undetected,input_edge,__tpi_not_test_en,__tpi_cp_400_N12634,__tpi_cp_400_N12634,1,undetected,__tpi_cp_400_N12634,__tpi_cp_400_N12634,__tpi_cp_400_N12634,sa1,1
1883,__tpi_not_test_en->__tpi_cp_210_N12635 /1 undetected,input_edge,__tpi_not_test_en,__tpi_cp_210_N12635,__tpi_cp_210_N12635,1,undetected,__tpi_cp_210_N12635,__tpi_cp_210_N12635,__tpi_cp_210_N12635,sa1,1
1884,N14492 /0 undetected,output,,N14492,N14492,0,undetected,N14492,N14492,N14492,sa0,1
1885,N14533 /1 undetected,output,,N14533,N14533,1,undetected,N14533,N14533,N14533,sa1,1
1886,N14426 /1 undetected,output,,N14426,N14426,1,undetected,N14426,N14426,N14426,sa1,1
1887,N58892 /1 undetected,output,,N58892,N58892,1,undetected,N58892,N58892,N58892,sa1,1
1888,test_en->__tpi_cp_177_N32450 /0 undetected,input_edge,test_en,__tpi_cp_177_N32450,__tpi_cp_177_N32450,0,undetected,__tpi_cp_177_N32450,__tpi_cp_177_N32450,__tpi_cp_177_N32450,sa0,1
1889,N3404 /1 undetected,output,,N3404,N3404,1,undetected,N3404,N3404,N3404,sa1,1
1890,N43831 /1 undetected,output,,N43831,N43831,1,undetected,N43831,N43831,N43831,sa1,1
1891,N3401 /1 undetected,output,,N3401,N3401,1,undetected,N3401,N3401,N3401,sa1,1
1892,N44493 /1 undetected,output,,N44493,N44493,1,undetected,N44493,N44493,N44493,sa1,1
1893,test_en->__tpi_cp_167_N32447 /0 undetected,input_edge,test_en,__tpi_cp_167_N32447,__tpi_cp_167_N32447,0,undetected,__tpi_cp_167_N32447,__tpi_cp_167_N32447,__tpi_cp_167_N32447,sa0,1
1894,N14427 /1 undetected,output,,N14427,N14427,1,undetected,N14427,N14427,N14427,sa1,1
1895,N39466 /1 undetected,output,,N39466,N39466,1,undetected,N39466,N39466,N39466,sa1,1
1896,N4178 /0 undetected,output,,N4178,N4178,0,undetected,N4178,N4178,N4178,sa0,1
1897,N21498 /1 undetected,output,,N21498,N21498,1,undetected,N21498,N21498,N21498,sa1,1
1898,N6729 /1 undetected,output,,N6729,N6729,1,undetected,N6729,N6729,N6729,sa1,1
1899,N53098 /1 undetected,output,,N53098,N53098,1,undetected,N53098,N53098,N53098,sa1,1
1900,N50320 /1 undetected,output,,N50320,N50320,1,undetected,N50320,N50320,N50320,sa1,1
1901,N6728 /1 undetected,output,,N6728,N6728,1,undetected,N6728,N6728,N6728,sa1,1
1902,N54201 /1 undetected,output,,N54201,N54201,1,undetected,N54201,N54201,N54201,sa1,1
1903,N6730 /1 undetected,output,,N6730,N6730,1,undetected,N6730,N6730,N6730,sa1,1
1904,N54283 /1 undetected,output,,N54283,N54283,1,undetected,N54283,N54283,N54283,sa1,1
1905,N50284 /1 undetected,output,,N50284,N50284,1,undetected,N50284,N50284,N50284,sa1,1
1906,N49841 /1 undetected,output,,N49841,N49841,1,undetected,N49841,N49841,N49841,sa1,1
1907,N54190 /1 undetected,output,,N54190,N54190,1,undetected,N54190,N54190,N54190,sa1,1
1908,N6697 /1 undetected,output,,N6697,N6697,1,undetected,N6697,N6697,N6697,sa1,1
1909,N50319 /1 undetected,output,,N50319,N50319,1,undetected,N50319,N50319,N50319,sa1,1
1910,N6664 /1 undetected,output,,N6664,N6664,1,undetected,N6664,N6664,N6664,sa1,1
1911,N49840 /1 undetected,output,,N49840,N49840,1,undetected,N49840,N49840,N49840,sa1,1
1912,N54179 /1 undetected,output,,N54179,N54179,1,undetected,N54179,N54179,N54179,sa1,1
1913,N6663 /1 undetected,output,,N6663,N6663,1,undetected,N6663,N6663,N6663,sa1,1
1914,N49641 /1 undetected,output,,N49641,N49641,1,undetected,N49641,N49641,N49641,sa1,1
1915,N6656 /1 undetected,output,,N6656,N6656,1,undetected,N6656,N6656,N6656,sa1,1
1916,N49433 /1 undetected,output,,N49433,N49433,1,undetected,N49433,N49433,N49433,sa1,1
1917,N54176 /1 undetected,output,,N54176,N54176,1,undetected,N54176,N54176,N54176,sa1,1
1918,N6657 /1 undetected,output,,N6657,N6657,1,undetected,N6657,N6657,N6657,sa1,1
1919,N49640 /1 undetected,output,,N49640,N49640,1,undetected,N49640,N49640,N49640,sa1,1
1920,N6654 /1 undetected,output,,N6654,N6654,1,undetected,N6654,N6654,N6654,sa1,1
1921,N49432 /1 undetected,output,,N49432,N49432,1,undetected,N49432,N49432,N49432,sa1,1
1922,N6651 /1 undetected,output,,N6651,N6651,1,undetected,N6651,N6651,N6651,sa1,1
1923,N49785 /1 undetected,output,,N49785,N49785,1,undetected,N49785,N49785,N49785,sa1,1
1924,N6648 /1 undetected,output,,N6648,N6648,1,undetected,N6648,N6648,N6648,sa1,1
1925,N49985 /1 undetected,output,,N49985,N49985,1,undetected,N49985,N49985,N49985,sa1,1
1926,N15771 /0 undetected,output,,N15771,N15771,0,undetected,N15771,N15771,N15771,sa0,1
1927,test_en->__tpi_cp_191_N32444 /0 undetected,input_edge,test_en,__tpi_cp_191_N32444,__tpi_cp_191_N32444,0,undetected,__tpi_cp_191_N32444,__tpi_cp_191_N32444,__tpi_cp_191_N32444,sa0,1
1928,N8924 /1 undetected,output,,N8924,N8924,1,undetected,N8924,N8924,N8924,sa1,1
1929,N6638 /1 undetected,output,,N6638,N6638,1,undetected,N6638,N6638,N6638,sa1,1
1930,N51481 /1 undetected,output,,N51481,N51481,1,undetected,N51481,N51481,N51481,sa1,1
1931,N6639 /1 undetected,output,,N6639,N6639,1,undetected,N6639,N6639,N6639,sa1,1
1932,N54170 /1 undetected,output,,N54170,N54170,1,undetected,N54170,N54170,N54170,sa1,1
1933,N6636 /1 undetected,output,,N6636,N6636,1,undetected,N6636,N6636,N6636,sa1,1
1934,N53066 /1 undetected,output,,N53066,N53066,1,undetected,N53066,N53066,N53066,sa1,1
1935,N51533 /1 undetected,output,,N51533,N51533,1,undetected,N51533,N51533,N51533,sa1,1
1936,N6637 /1 undetected,output,,N6637,N6637,1,undetected,N6637,N6637,N6637,sa1,1
1937,N54169 /1 undetected,output,,N54169,N54169,1,undetected,N54169,N54169,N54169,sa1,1
1938,N6614 /1 undetected,output,,N6614,N6614,1,undetected,N6614,N6614,N6614,sa1,1
1939,N51586 /1 undetected,output,,N51586,N51586,1,undetected,N51586,N51586,N51586,sa1,1
1940,N54158 /1 undetected,output,,N54158,N54158,1,undetected,N54158,N54158,N54158,sa1,1
1941,N6592 /1 undetected,output,,N6592,N6592,1,undetected,N6592,N6592,N6592,sa1,1
1942,N53044 /1 undetected,output,,N53044,N53044,1,undetected,N53044,N53044,N53044,sa1,1
1943,N54147 /1 undetected,output,,N54147,N54147,1,undetected,N54147,N54147,N54147,sa1,1
1944,N6587 /1 undetected,output,,N6587,N6587,1,undetected,N6587,N6587,N6587,sa1,1
1945,N54144 /1 undetected,output,,N54144,N54144,1,undetected,N54144,N54144,N54144,sa1,1
1946,N4692 /1 undetected,output,,N4692,N4692,1,undetected,N4692,N4692,N4692,sa1,1
1947,N21946 /1 undetected,output,,N21946,N21946,1,undetected,N21946,N21946,N21946,sa1,1
1948,N21945 /1 undetected,output,,N21945,N21945,1,undetected,N21945,N21945,N21945,sa1,1
1949,N4691 /1 undetected,output,,N4691,N4691,1,undetected,N4691,N4691,N4691,sa1,1
1950,N21944 /1 undetected,output,,N21944,N21944,1,undetected,N21944,N21944,N21944,sa1,1
1951,N5188 /1 undetected,output,,N5188,N5188,1,undetected,N5188,N5188,N5188,sa1,1
1952,N41224 /1 undetected,output,,N41224,N41224,1,undetected,N41224,N41224,N41224,sa1,1
1953,N5187 /1 undetected,output,,N5187,N5187,1,undetected,N5187,N5187,N5187,sa1,1
1954,N41222 /1 undetected,output,,N41222,N41222,1,undetected,N41222,N41222,N41222,sa1,1
1955,N5189 /1 undetected,output,,N5189,N5189,1,undetected,N5189,N5189,N5189,sa1,1
1956,N41226 /1 undetected,output,,N41226,N41226,1,undetected,N41226,N41226,N41226,sa1,1
1957,N4690 /1 undetected,output,,N4690,N4690,1,undetected,N4690,N4690,N4690,sa1,1
1958,N21943 /1 undetected,output,,N21943,N21943,1,undetected,N21943,N21943,N21943,sa1,1
1959,N21942 /1 undetected,output,,N21942,N21942,1,undetected,N21942,N21942,N21942,sa1,1
1960,N5186 /1 undetected,output,,N5186,N5186,1,undetected,N5186,N5186,N5186,sa1,1
1961,N41220 /1 undetected,output,,N41220,N41220,1,undetected,N41220,N41220,N41220,sa1,1
1962,N5185 /1 undetected,output,,N5185,N5185,1,undetected,N5185,N5185,N5185,sa1,1
1963,N41218 /1 undetected,output,,N41218,N41218,1,undetected,N41218,N41218,N41218,sa1,1
1964,N5184 /1 undetected,output,,N5184,N5184,1,undetected,N5184,N5184,N5184,sa1,1
1965,N41216 /1 undetected,output,,N41216,N41216,1,undetected,N41216,N41216,N41216,sa1,1
1966,N5183 /1 undetected,output,,N5183,N5183,1,undetected,N5183,N5183,N5183,sa1,1
1967,N41214 /1 undetected,output,,N41214,N41214,1,undetected,N41214,N41214,N41214,sa1,1
1968,N4689 /1 undetected,output,,N4689,N4689,1,undetected,N4689,N4689,N4689,sa1,1
1969,N21941 /1 undetected,output,,N21941,N21941,1,undetected,N21941,N21941,N21941,sa1,1
1970,N21940 /1 undetected,output,,N21940,N21940,1,undetected,N21940,N21940,N21940,sa1,1
1971,N5182 /1 undetected,output,,N5182,N5182,1,undetected,N5182,N5182,N5182,sa1,1
1972,N41270 /1 undetected,output,,N41270,N41270,1,undetected,N41270,N41270,N41270,sa1,1
1973,N5181 /1 undetected,output,,N5181,N5181,1,undetected,N5181,N5181,N5181,sa1,1
1974,N41268 /1 undetected,output,,N41268,N41268,1,undetected,N41268,N41268,N41268,sa1,1
1975,N5180 /1 undetected,output,,N5180,N5180,1,undetected,N5180,N5180,N5180,sa1,1
1976,N41212 /1 undetected,output,,N41212,N41212,1,undetected,N41212,N41212,N41212,sa1,1
1977,N5179 /1 undetected,output,,N5179,N5179,1,undetected,N5179,N5179,N5179,sa1,1
1978,N41266 /1 undetected,output,,N41266,N41266,1,undetected,N41266,N41266,N41266,sa1,1
1979,N4688 /1 undetected,output,,N4688,N4688,1,undetected,N4688,N4688,N4688,sa1,1
1980,N21939 /1 undetected,output,,N21939,N21939,1,undetected,N21939,N21939,N21939,sa1,1
1981,N21938 /1 undetected,output,,N21938,N21938,1,undetected,N21938,N21938,N21938,sa1,1
1982,N5178 /1 undetected,output,,N5178,N5178,1,undetected,N5178,N5178,N5178,sa1,1
1983,N41264 /1 undetected,output,,N41264,N41264,1,undetected,N41264,N41264,N41264,sa1,1
1984,N5177 /1 undetected,output,,N5177,N5177,1,undetected,N5177,N5177,N5177,sa1,1
1985,N41262 /1 undetected,output,,N41262,N41262,1,undetected,N41262,N41262,N41262,sa1,1
1986,N5176 /1 undetected,output,,N5176,N5176,1,undetected,N5176,N5176,N5176,sa1,1
1987,N41260 /1 undetected,output,,N41260,N41260,1,undetected,N41260,N41260,N41260,sa1,1
1988,N5175 /1 undetected,output,,N5175,N5175,1,undetected,N5175,N5175,N5175,sa1,1
1989,N41258 /1 undetected,output,,N41258,N41258,1,undetected,N41258,N41258,N41258,sa1,1
1990,N4687 /1 undetected,output,,N4687,N4687,1,undetected,N4687,N4687,N4687,sa1,1
1991,N21937 /1 undetected,output,,N21937,N21937,1,undetected,N21937,N21937,N21937,sa1,1
1992,N21936 /1 undetected,output,,N21936,N21936,1,undetected,N21936,N21936,N21936,sa1,1
1993,N4686 /1 undetected,output,,N4686,N4686,1,undetected,N4686,N4686,N4686,sa1,1
1994,N21935 /1 undetected,output,,N21935,N21935,1,undetected,N21935,N21935,N21935,sa1,1
1995,N5173 /1 undetected,output,,N5173,N5173,1,undetected,N5173,N5173,N5173,sa1,1
1996,N41254 /1 undetected,output,,N41254,N41254,1,undetected,N41254,N41254,N41254,sa1,1
1997,N5172 /1 undetected,output,,N5172,N5172,1,undetected,N5172,N5172,N5172,sa1,1
1998,N41252 /1 undetected,output,,N41252,N41252,1,undetected,N41252,N41252,N41252,sa1,1
1999,N5174 /1 undetected,output,,N5174,N5174,1,undetected,N5174,N5174,N5174,sa1,1
2000,N41256 /1 undetected,output,,N41256,N41256,1,undetected,N41256,N41256,N41256,sa1,1
2001,N4685 /1 undetected,output,,N4685,N4685,1,undetected,N4685,N4685,N4685,sa1,1
2002,N21934 /1 undetected,output,,N21934,N21934,1,undetected,N21934,N21934,N21934,sa1,1
2003,N21933 /1 undetected,output,,N21933,N21933,1,undetected,N21933,N21933,N21933,sa1,1
2004,N5171 /1 undetected,output,,N5171,N5171,1,undetected,N5171,N5171,N5171,sa1,1
2005,N41250 /1 undetected,output,,N41250,N41250,1,undetected,N41250,N41250,N41250,sa1,1
2006,N5170 /1 undetected,output,,N5170,N5170,1,undetected,N5170,N5170,N5170,sa1,1
2007,N41248 /1 undetected,output,,N41248,N41248,1,undetected,N41248,N41248,N41248,sa1,1
2008,N5169 /1 undetected,output,,N5169,N5169,1,undetected,N5169,N5169,N5169,sa1,1
2009,N41246 /1 undetected,output,,N41246,N41246,1,undetected,N41246,N41246,N41246,sa1,1
2010,N5168 /1 undetected,output,,N5168,N5168,1,undetected,N5168,N5168,N5168,sa1,1
2011,N41244 /1 undetected,output,,N41244,N41244,1,undetected,N41244,N41244,N41244,sa1,1
2012,N4684 /1 undetected,output,,N4684,N4684,1,undetected,N4684,N4684,N4684,sa1,1
2013,N21932 /1 undetected,output,,N21932,N21932,1,undetected,N21932,N21932,N21932,sa1,1
2014,N21931 /1 undetected,output,,N21931,N21931,1,undetected,N21931,N21931,N21931,sa1,1
2015,N5167 /1 undetected,output,,N5167,N5167,1,undetected,N5167,N5167,N5167,sa1,1
2016,N41242 /1 undetected,output,,N41242,N41242,1,undetected,N41242,N41242,N41242,sa1,1
2017,N5166 /1 undetected,output,,N5166,N5166,1,undetected,N5166,N5166,N5166,sa1,1
2018,N41240 /1 undetected,output,,N41240,N41240,1,undetected,N41240,N41240,N41240,sa1,1
2019,N5165 /1 undetected,output,,N5165,N5165,1,undetected,N5165,N5165,N5165,sa1,1
2020,N41238 /1 undetected,output,,N41238,N41238,1,undetected,N41238,N41238,N41238,sa1,1
2021,N5164 /1 undetected,output,,N5164,N5164,1,undetected,N5164,N5164,N5164,sa1,1
2022,N41236 /1 undetected,output,,N41236,N41236,1,undetected,N41236,N41236,N41236,sa1,1
2023,N4683 /1 undetected,output,,N4683,N4683,1,undetected,N4683,N4683,N4683,sa1,1
2024,N21930 /1 undetected,output,,N21930,N21930,1,undetected,N21930,N21930,N21930,sa1,1
2025,N21929 /1 undetected,output,,N21929,N21929,1,undetected,N21929,N21929,N21929,sa1,1
2026,N5163 /1 undetected,output,,N5163,N5163,1,undetected,N5163,N5163,N5163,sa1,1
2027,N41234 /1 undetected,output,,N41234,N41234,1,undetected,N41234,N41234,N41234,sa1,1
2028,N5162 /1 undetected,output,,N5162,N5162,1,undetected,N5162,N5162,N5162,sa1,1
2029,N41232 /1 undetected,output,,N41232,N41232,1,undetected,N41232,N41232,N41232,sa1,1
2030,N5161 /1 undetected,output,,N5161,N5161,1,undetected,N5161,N5161,N5161,sa1,1
2031,N41230 /1 undetected,output,,N41230,N41230,1,undetected,N41230,N41230,N41230,sa1,1
2032,N5160 /1 undetected,output,,N5160,N5160,1,undetected,N5160,N5160,N5160,sa1,1
2033,N41228 /1 undetected,output,,N41228,N41228,1,undetected,N41228,N41228,N41228,sa1,1
2034,N46934 /1 undetected,output,,N46934,N46934,1,undetected,N46934,N46934,N46934,sa1,1
2035,N56483 /1 undetected,output,,N56483,N56483,1,undetected,N56483,N56483,N56483,sa1,1
2036,N14491 /0 undetected,output,,N14491,N14491,0,undetected,N14491,N14491,N14491,sa0,1
2037,N14535 /1 undetected,output,,N14535,N14535,1,undetected,N14535,N14535,N14535,sa1,1
2038,N14424 /1 undetected,output,,N14424,N14424,1,undetected,N14424,N14424,N14424,sa1,1
2039,N58890 /1 undetected,output,,N58890,N58890,1,undetected,N58890,N58890,N58890,sa1,1
2040,N54347 /1 undetected,output,,N54347,N54347,1,undetected,N54347,N54347,N54347,sa1,1
2041,N54346 /1 undetected,output,,N54346,N54346,1,undetected,N54346,N54346,N54346,sa1,1
2042,N3413 /1 undetected,output,,N3413,N3413,1,undetected,N3413,N3413,N3413,sa1,1
2043,N43325 /1 undetected,output,,N43325,N43325,1,undetected,N43325,N43325,N43325,sa1,1
2044,N3410 /1 undetected,output,,N3410,N3410,1,undetected,N3410,N3410,N3410,sa1,1
2045,N43678 /1 undetected,output,,N43678,N43678,1,undetected,N43678,N43678,N43678,sa1,1
2046,N3407 /1 undetected,output,,N3407,N3407,1,undetected,N3407,N3407,N3407,sa1,1
2047,N43878 /1 undetected,output,,N43878,N43878,1,undetected,N43878,N43878,N43878,sa1,1
2048,N48188 /1 undetected,output,,N48188,N48188,1,undetected,N48188,N48188,N48188,sa1,1
2049,N45374 /1 undetected,output,,N45374,N45374,1,undetected,N45374,N45374,N45374,sa1,1
2050,N48187 /1 undetected,output,,N48187,N48187,1,undetected,N48187,N48187,N48187,sa1,1
2051,N47003 /1 undetected,output,,N47003,N47003,1,undetected,N47003,N47003,N47003,sa1,1
2052,N46688 /1 undetected,output,,N46688,N46688,1,undetected,N46688,N46688,N46688,sa1,1
2053,N3489 /1 undetected,output,,N3489,N3489,1,undetected,N3489,N3489,N3489,sa1,1
2054,N44177 /1 undetected,output,,N44177,N44177,1,undetected,N44177,N44177,N44177,sa1,1
2055,N48219 /1 undetected,output,,N48219,N48219,1,undetected,N48219,N48219,N48219,sa1,1
2056,N3456 /1 undetected,output,,N3456,N3456,1,undetected,N3456,N3456,N3456,sa1,1
2057,N44212 /1 undetected,output,,N44212,N44212,1,undetected,N44212,N44212,N44212,sa1,1
2058,N3423 /1 undetected,output,,N3423,N3423,1,undetected,N3423,N3423,N3423,sa1,1
2059,N43733 /1 undetected,output,,N43733,N43733,1,undetected,N43733,N43733,N43733,sa1,1
2060,N3416 /1 undetected,output,,N3416,N3416,1,undetected,N3416,N3416,N3416,sa1,1
2061,N43533 /1 undetected,output,,N43533,N43533,1,undetected,N43533,N43533,N43533,sa1,1
2062,N48103 /1 undetected,output,,N48103,N48103,1,undetected,N48103,N48103,N48103,sa1,1
2063,N48102 /1 undetected,output,,N48102,N48102,1,undetected,N48102,N48102,N48102,sa1,1
2064,N48101 /1 undetected,output,,N48101,N48101,1,undetected,N48101,N48101,N48101,sa1,1
2065,N15100 /0 undetected,output,,N15100,N15100,0,undetected,N15100,N15100,N15100,sa0,1
2066,N14425 /1 undetected,output,,N14425,N14425,1,undetected,N14425,N14425,N14425,sa1,1
2067,N39563 /1 undetected,output,,N39563,N39563,1,undetected,N39563,N39563,N39563,sa1,1
2068,N12552 /1 undetected,output,,N12552,N12552,1,undetected,N12552,N12552,N12552,sa1,1
2069,N51073 /1 undetected,output,,N51073,N51073,1,undetected,N51073,N51073,N51073,sa1,1
2070,N6802 /1 undetected,output,,N6802,N6802,1,undetected,N6802,N6802,N6802,sa1,1
2071,N41210 /1 undetected,output,,N41210,N41210,1,undetected,N41210,N41210,N41210,sa1,1
2072,N6806 /1 undetected,output,,N6806,N6806,1,undetected,N6806,N6806,N6806,sa1,1
2073,N41208 /1 undetected,output,,N41208,N41208,1,undetected,N41208,N41208,N41208,sa1,1
2074,N51074 /1 undetected,output,,N51074,N51074,1,undetected,N51074,N51074,N51074,sa1,1
2075,N2723 /1 undetected,output,,N2723,N2723,1,undetected,N2723,N2723,N2723,sa1,1
2076,N46935 /1 undetected,output,,N46935,N46935,1,undetected,N46935,N46935,N46935,sa1,1
2077,N56484 /1 undetected,output,,N56484,N56484,1,undetected,N56484,N56484,N56484,sa1,1
2078,N1442 /1 undetected,output,,N1442,N1442,1,undetected,N1442,N1442,N1442,sa1,1
2079,N21048 /1 undetected,output,,N21048,N21048,1,undetected,N21048,N21048,N21048,sa1,1
2080,N21047 /1 undetected,output,,N21047,N21047,1,undetected,N21047,N21047,N21047,sa1,1
2081,N1441 /1 undetected,output,,N1441,N1441,1,undetected,N1441,N1441,N1441,sa1,1
2082,N21046 /1 undetected,output,,N21046,N21046,1,undetected,N21046,N21046,N21046,sa1,1
2083,N1976 /1 undetected,output,,N1976,N1976,1,undetected,N1976,N1976,N1976,sa1,1
2084,N40166 /1 undetected,output,,N40166,N40166,1,undetected,N40166,N40166,N40166,sa1,1
2085,N1975 /1 undetected,output,,N1975,N1975,1,undetected,N1975,N1975,N1975,sa1,1
2086,N40164 /1 undetected,output,,N40164,N40164,1,undetected,N40164,N40164,N40164,sa1,1
2087,N1977 /1 undetected,output,,N1977,N1977,1,undetected,N1977,N1977,N1977,sa1,1
2088,N40168 /1 undetected,output,,N40168,N40168,1,undetected,N40168,N40168,N40168,sa1,1
2089,N1440 /1 undetected,output,,N1440,N1440,1,undetected,N1440,N1440,N1440,sa1,1
2090,N21045 /1 undetected,output,,N21045,N21045,1,undetected,N21045,N21045,N21045,sa1,1
2091,N21044 /1 undetected,output,,N21044,N21044,1,undetected,N21044,N21044,N21044,sa1,1
2092,N1974 /1 undetected,output,,N1974,N1974,1,undetected,N1974,N1974,N1974,sa1,1
2093,N40162 /1 undetected,output,,N40162,N40162,1,undetected,N40162,N40162,N40162,sa1,1
2094,N1973 /1 undetected,output,,N1973,N1973,1,undetected,N1973,N1973,N1973,sa1,1
2095,N40160 /1 undetected,output,,N40160,N40160,1,undetected,N40160,N40160,N40160,sa1,1
2096,N1972 /1 undetected,output,,N1972,N1972,1,undetected,N1972,N1972,N1972,sa1,1
2097,N40158 /1 undetected,output,,N40158,N40158,1,undetected,N40158,N40158,N40158,sa1,1
2098,N1971 /1 undetected,output,,N1971,N1971,1,undetected,N1971,N1971,N1971,sa1,1
2099,N40156 /1 undetected,output,,N40156,N40156,1,undetected,N40156,N40156,N40156,sa1,1
2100,N1439 /1 undetected,output,,N1439,N1439,1,undetected,N1439,N1439,N1439,sa1,1
2101,N21043 /1 undetected,output,,N21043,N21043,1,undetected,N21043,N21043,N21043,sa1,1
2102,N21042 /1 undetected,output,,N21042,N21042,1,undetected,N21042,N21042,N21042,sa1,1
2103,N1970 /1 undetected,output,,N1970,N1970,1,undetected,N1970,N1970,N1970,sa1,1
2104,N40212 /1 undetected,output,,N40212,N40212,1,undetected,N40212,N40212,N40212,sa1,1
2105,N1969 /1 undetected,output,,N1969,N1969,1,undetected,N1969,N1969,N1969,sa1,1
2106,N40210 /1 undetected,output,,N40210,N40210,1,undetected,N40210,N40210,N40210,sa1,1
2107,N1968 /1 undetected,output,,N1968,N1968,1,undetected,N1968,N1968,N1968,sa1,1
2108,N40154 /1 undetected,output,,N40154,N40154,1,undetected,N40154,N40154,N40154,sa1,1
2109,N1967 /1 undetected,output,,N1967,N1967,1,undetected,N1967,N1967,N1967,sa1,1
2110,N40208 /1 undetected,output,,N40208,N40208,1,undetected,N40208,N40208,N40208,sa1,1
2111,N1438 /1 undetected,output,,N1438,N1438,1,undetected,N1438,N1438,N1438,sa1,1
2112,N21041 /1 undetected,output,,N21041,N21041,1,undetected,N21041,N21041,N21041,sa1,1
2113,N21040 /1 undetected,output,,N21040,N21040,1,undetected,N21040,N21040,N21040,sa1,1
2114,N1966 /1 undetected,output,,N1966,N1966,1,undetected,N1966,N1966,N1966,sa1,1
2115,N40206 /1 undetected,output,,N40206,N40206,1,undetected,N40206,N40206,N40206,sa1,1
2116,N1965 /1 undetected,output,,N1965,N1965,1,undetected,N1965,N1965,N1965,sa1,1
2117,N40204 /1 undetected,output,,N40204,N40204,1,undetected,N40204,N40204,N40204,sa1,1
2118,N1964 /1 undetected,output,,N1964,N1964,1,undetected,N1964,N1964,N1964,sa1,1
2119,N40202 /1 undetected,output,,N40202,N40202,1,undetected,N40202,N40202,N40202,sa1,1
2120,N1963 /1 undetected,output,,N1963,N1963,1,undetected,N1963,N1963,N1963,sa1,1
2121,N40200 /1 undetected,output,,N40200,N40200,1,undetected,N40200,N40200,N40200,sa1,1
2122,N1437 /1 undetected,output,,N1437,N1437,1,undetected,N1437,N1437,N1437,sa1,1
2123,N21039 /1 undetected,output,,N21039,N21039,1,undetected,N21039,N21039,N21039,sa1,1
2124,N21038 /1 undetected,output,,N21038,N21038,1,undetected,N21038,N21038,N21038,sa1,1
2125,N1436 /1 undetected,output,,N1436,N1436,1,undetected,N1436,N1436,N1436,sa1,1
2126,N21037 /1 undetected,output,,N21037,N21037,1,undetected,N21037,N21037,N21037,sa1,1
2127,N1961 /1 undetected,output,,N1961,N1961,1,undetected,N1961,N1961,N1961,sa1,1
2128,N40196 /1 undetected,output,,N40196,N40196,1,undetected,N40196,N40196,N40196,sa1,1
2129,N1960 /1 undetected,output,,N1960,N1960,1,undetected,N1960,N1960,N1960,sa1,1
2130,N40194 /1 undetected,output,,N40194,N40194,1,undetected,N40194,N40194,N40194,sa1,1
2131,N1962 /1 undetected,output,,N1962,N1962,1,undetected,N1962,N1962,N1962,sa1,1
2132,N40198 /1 undetected,output,,N40198,N40198,1,undetected,N40198,N40198,N40198,sa1,1
2133,N1435 /1 undetected,output,,N1435,N1435,1,undetected,N1435,N1435,N1435,sa1,1
2134,N21036 /1 undetected,output,,N21036,N21036,1,undetected,N21036,N21036,N21036,sa1,1
2135,N21035 /1 undetected,output,,N21035,N21035,1,undetected,N21035,N21035,N21035,sa1,1
2136,N1959 /1 undetected,output,,N1959,N1959,1,undetected,N1959,N1959,N1959,sa1,1
2137,N40192 /1 undetected,output,,N40192,N40192,1,undetected,N40192,N40192,N40192,sa1,1
2138,N1958 /1 undetected,output,,N1958,N1958,1,undetected,N1958,N1958,N1958,sa1,1
2139,N40190 /1 undetected,output,,N40190,N40190,1,undetected,N40190,N40190,N40190,sa1,1
2140,N1957 /1 undetected,output,,N1957,N1957,1,undetected,N1957,N1957,N1957,sa1,1
2141,N40188 /1 undetected,output,,N40188,N40188,1,undetected,N40188,N40188,N40188,sa1,1
2142,N1956 /1 undetected,output,,N1956,N1956,1,undetected,N1956,N1956,N1956,sa1,1
2143,N40186 /1 undetected,output,,N40186,N40186,1,undetected,N40186,N40186,N40186,sa1,1
2144,N1434 /1 undetected,output,,N1434,N1434,1,undetected,N1434,N1434,N1434,sa1,1
2145,N21034 /1 undetected,output,,N21034,N21034,1,undetected,N21034,N21034,N21034,sa1,1
2146,N21033 /1 undetected,output,,N21033,N21033,1,undetected,N21033,N21033,N21033,sa1,1
2147,N1955 /1 undetected,output,,N1955,N1955,1,undetected,N1955,N1955,N1955,sa1,1
2148,N40184 /1 undetected,output,,N40184,N40184,1,undetected,N40184,N40184,N40184,sa1,1
2149,N1954 /1 undetected,output,,N1954,N1954,1,undetected,N1954,N1954,N1954,sa1,1
2150,N40182 /1 undetected,output,,N40182,N40182,1,undetected,N40182,N40182,N40182,sa1,1
2151,N1953 /1 undetected,output,,N1953,N1953,1,undetected,N1953,N1953,N1953,sa1,1
2152,N40180 /1 undetected,output,,N40180,N40180,1,undetected,N40180,N40180,N40180,sa1,1
2153,N1952 /1 undetected,output,,N1952,N1952,1,undetected,N1952,N1952,N1952,sa1,1
2154,N40178 /1 undetected,output,,N40178,N40178,1,undetected,N40178,N40178,N40178,sa1,1
2155,N1433 /1 undetected,output,,N1433,N1433,1,undetected,N1433,N1433,N1433,sa1,1
2156,N21032 /1 undetected,output,,N21032,N21032,1,undetected,N21032,N21032,N21032,sa1,1
2157,N21031 /1 undetected,output,,N21031,N21031,1,undetected,N21031,N21031,N21031,sa1,1
2158,N1951 /1 undetected,output,,N1951,N1951,1,undetected,N1951,N1951,N1951,sa1,1
2159,N40176 /1 undetected,output,,N40176,N40176,1,undetected,N40176,N40176,N40176,sa1,1
2160,N1950 /1 undetected,output,,N1950,N1950,1,undetected,N1950,N1950,N1950,sa1,1
2161,N40174 /1 undetected,output,,N40174,N40174,1,undetected,N40174,N40174,N40174,sa1,1
2162,N1949 /1 undetected,output,,N1949,N1949,1,undetected,N1949,N1949,N1949,sa1,1
2163,N40172 /1 undetected,output,,N40172,N40172,1,undetected,N40172,N40172,N40172,sa1,1
2164,N1948 /1 undetected,output,,N1948,N1948,1,undetected,N1948,N1948,N1948,sa1,1
2165,N40170 /1 undetected,output,,N40170,N40170,1,undetected,N40170,N40170,N40170,sa1,1
2166,N14490 /0 undetected,output,,N14490,N14490,0,undetected,N14490,N14490,N14490,sa0,1
2167,N14537 /1 undetected,output,,N14537,N14537,1,undetected,N14537,N14537,N14537,sa1,1
2168,N14422 /1 undetected,output,,N14422,N14422,1,undetected,N14422,N14422,N14422,sa1,1
2169,N58888 /1 undetected,output,,N58888,N58888,1,undetected,N58888,N58888,N58888,sa1,1
2170,N10437 /1 undetected,output,,N10437,N10437,1,undetected,N10437,N10437,N10437,sa1,1
2171,N46937 /1 undetected,output,,N46937,N46937,1,undetected,N46937,N46937,N46937,sa1,1
2172,N56486 /1 undetected,output,,N56486,N56486,1,undetected,N56486,N56486,N56486,sa1,1
2173,N44180 /1 undetected,output,,N44180,N44180,1,undetected,N44180,N44180,N44180,sa1,1
2174,N46936 /1 undetected,output,,N46936,N46936,1,undetected,N46936,N46936,N46936,sa1,1
2175,N56485 /1 undetected,output,,N56485,N56485,1,undetected,N56485,N56485,N56485,sa1,1
2176,N46926 /1 undetected,output,,N46926,N46926,1,undetected,N46926,N46926,N46926,sa1,1
2177,N56475 /1 undetected,output,,N56475,N56475,1,undetected,N56475,N56475,N56475,sa1,1
2178,N44215 /1 undetected,output,,N44215,N44215,1,undetected,N44215,N44215,N44215,sa1,1
2179,N46915 /1 undetected,output,,N46915,N46915,1,undetected,N46915,N46915,N46915,sa1,1
2180,N56464 /1 undetected,output,,N56464,N56464,1,undetected,N56464,N56464,N56464,sa1,1
2181,N4027 /1 undetected,output,,N4027,N4027,1,undetected,N4027,N4027,N4027,sa1,1
2182,N46913 /1 undetected,output,,N46913,N46913,1,undetected,N46913,N46913,N46913,sa1,1
2183,N4025 /1 undetected,output,,N4025,N4025,1,undetected,N4025,N4025,N4025,sa1,1
2184,N43312 /1 undetected,output,,N43312,N43312,1,undetected,N43312,N43312,N43312,sa1,1
2185,N8864 /1 undetected,output,,N8864,N8864,1,undetected,N8864,N8864,N8864,sa1,1
2186,N8866 /1 undetected,output,,N8866,N8866,1,undetected,N8866,N8866,N8866,sa1,1
2187,N55442 /1 undetected,output,,N55442,N55442,1,undetected,N55442,N55442,N55442,sa1,1
2188,N43204 /1 undetected,output,,N43204,N43204,1,undetected,N43204,N43204,N43204,sa1,1
2189,N46912 /1 undetected,output,,N46912,N46912,1,undetected,N46912,N46912,N46912,sa1,1
2190,N56461 /1 undetected,output,,N56461,N56461,1,undetected,N56461,N56461,N56461,sa1,1
2191,N46911 /1 undetected,output,,N46911,N46911,1,undetected,N46911,N46911,N46911,sa1,1
2192,N56460 /1 undetected,output,,N56460,N56460,1,undetected,N56460,N56460,N56460,sa1,1
2193,N46910 /1 undetected,output,,N46910,N46910,1,undetected,N46910,N46910,N46910,sa1,1
2194,N56459 /1 undetected,output,,N56459,N56459,1,undetected,N56459,N56459,N56459,sa1,1
2195,N46909 /1 undetected,output,,N46909,N46909,1,undetected,N46909,N46909,N46909,sa1,1
2196,N56458 /1 undetected,output,,N56458,N56458,1,undetected,N56458,N56458,N56458,sa1,1
2197,N46908 /1 undetected,output,,N46908,N46908,1,undetected,N46908,N46908,N46908,sa1,1
2198,N56457 /1 undetected,output,,N56457,N56457,1,undetected,N56457,N56457,N56457,sa1,1
2199,N46907 /1 undetected,output,,N46907,N46907,1,undetected,N46907,N46907,N46907,sa1,1
2200,N56456 /1 undetected,output,,N56456,N56456,1,undetected,N56456,N56456,N56456,sa1,1
2201,N46906 /1 undetected,output,,N46906,N46906,1,undetected,N46906,N46906,N46906,sa1,1
2202,N56455 /1 undetected,output,,N56455,N56455,1,undetected,N56455,N56455,N56455,sa1,1
2203,N14423 /1 undetected,output,,N14423,N14423,1,undetected,N14423,N14423,N14423,sa1,1
2204,N39512 /1 undetected,output,,N39512,N39512,1,undetected,N39512,N39512,N39512,sa1,1
2205,N43052 /1 undetected,output,,N43052,N43052,1,undetected,N43052,N43052,N43052,sa1,1
2206,N44955 /1 undetected,output,,N44955,N44955,1,undetected,N44955,N44955,N44955,sa1,1
2207,N3550 /1 undetected,output,,N3550,N3550,1,undetected,N3550,N3550,N3550,sa1,1
2208,N40152 /1 undetected,output,,N40152,N40152,1,undetected,N40152,N40152,N40152,sa1,1
2209,N3554 /1 undetected,output,,N3554,N3554,1,undetected,N3554,N3554,N3554,sa1,1
2210,N40150 /1 undetected,output,,N40150,N40150,1,undetected,N40150,N40150,N40150,sa1,1
2211,N44956 /1 undetected,output,,N44956,N44956,1,undetected,N44956,N44956,N44956,sa1,1
2212,N14489 /0 undetected,output,,N14489,N14489,0,undetected,N14489,N14489,N14489,sa0,1
2213,N14420 /1 undetected,output,,N14420,N14420,1,undetected,N14420,N14420,N14420,sa1,1
2214,N58886 /1 undetected,output,,N58886,N58886,1,undetected,N58886,N58886,N58886,sa1,1
2215,N6512 /0 undetected,output,,N6512,N6512,0,undetected,N6512,N6512,N6512,sa0,1
2216,N14421 /1 undetected,output,,N14421,N14421,1,undetected,N14421,N14421,N14421,sa1,1
2217,N4494 /1 undetected,output,,N4494,N4494,1,undetected,N4494,N4494,N4494,sa1,1
2218,N8863 /0 undetected,output,,N8863,N8863,0,undetected,N8863,N8863,N8863,sa0,1
2219,N59228 /1 undetected,output,,N59228,N59228,1,undetected,N59228,N59228,N59228,sa1,1
2220,N59247 /1 undetected,output,,N59247,N59247,1,undetected,N59247,N59247,N59247,sa1,1
2221,N4213 /1 undetected,output,,N4213,N4213,1,undetected,N4213,N4213,N4213,sa1,1
2222,N960 /1 undetected,output,,N960,N960,1,undetected,N960,N960,N960,sa1,1
2223,N44988 /1 undetected,output,,N44988,N44988,1,undetected,N44988,N44988,N44988,sa1,1
2224,__tpi_not_test_en->__tpi_cp_3_N4972 /1 undetected,input_edge,__tpi_not_test_en,__tpi_cp_3_N4972,__tpi_cp_3_N4972,1,undetected,__tpi_cp_3_N4972,__tpi_cp_3_N4972,__tpi_cp_3_N4972,sa1,1
2225,test_en->__tpi_cp_391_N26611 /0 undetected,input_edge,test_en,__tpi_cp_391_N26611,__tpi_cp_391_N26611,0,undetected,__tpi_cp_391_N26611,__tpi_cp_391_N26611,__tpi_cp_391_N26611,sa0,1
2226,N4212 /1 undetected,output,,N4212,N4212,1,undetected,N4212,N4212,N4212,sa1,1
2227,N51410 /1 undetected,output,,N51410,N51410,1,undetected,N51410,N51410,N51410,sa1,1
2228,N6574 /1 undetected,output,,N6574,N6574,1,undetected,N6574,N6574,N6574,sa1,1
2229,N54293 /1 undetected,output,,N54293,N54293,1,undetected,N54293,N54293,N54293,sa1,1
2230,N51451 /1 undetected,output,,N51451,N51451,1,undetected,N51451,N51451,N51451,sa1,1
2231,test_en->__tpi_cp_4_N1756 /0 undetected,input_edge,test_en,__tpi_cp_4_N1756,__tpi_cp_4_N1756,0,undetected,__tpi_cp_4_N1756,__tpi_cp_4_N1756,__tpi_cp_4_N1756,sa0,1
2232,__tpi_not_test_en->__tpi_cp_392_N24270 /1 undetected,input_edge,__tpi_not_test_en,__tpi_cp_392_N24270,__tpi_cp_392_N24270,1,undetected,__tpi_cp_392_N24270,__tpi_cp_392_N24270,__tpi_cp_392_N24270,sa1,1
2233,N14877 /1 undetected,output,,N14877,N14877,1,undetected,N14877,N14877,N14877,sa1,1
2234,N59198 /1 undetected,output,,N59198,N59198,1,undetected,N59198,N59198,N59198,sa1,1
2235,N59172 /1 undetected,output,,N59172,N59172,1,undetected,N59172,N59172,N59172,sa1,1
2236,N59246 /1 undetected,output,,N59246,N59246,1,undetected,N59246,N59246,N59246,sa1,1
2237,N59181 /1 undetected,output,,N59181,N59181,1,undetected,N59181,N59181,N59181,sa1,1
2238,N14796 /1 undetected,output,,N14796,N14796,1,undetected,N14796,N14796,N14796,sa1,1
2239,N59197 /1 undetected,output,,N59197,N59197,1,undetected,N59197,N59197,N59197,sa1,1
2240,N54303 /1 undetected,output,,N54303,N54303,1,undetected,N54303,N54303,N54303,sa1,1
2241,N14834 /1 undetected,output,,N14834,N14834,1,undetected,N14834,N14834,N14834,sa1,1
2242,N14766 /1 undetected,output,,N14766,N14766,1,undetected,N14766,N14766,N14766,sa1,1
2243,N59179 /1 undetected,output,,N59179,N59179,1,undetected,N59179,N59179,N59179,sa1,1
2244,N55355 /1 undetected,output,,N55355,N55355,1,undetected,N55355,N55355,N55355,sa1,1
2245,N55421 /1 undetected,output,,N55421,N55421,1,undetected,N55421,N55421,N55421,sa1,1
2246,N45303 /1 undetected,output,,N45303,N45303,1,undetected,N45303,N45303,N45303,sa1,1
2247,N14839 /0 undetected,output,,N14839,N14839,0,undetected,N14839,N14839,N14839,sa0,1
2248,N51398 /1 undetected,output,,N51398,N51398,1,undetected,N51398,N51398,N51398,sa1,1
2249,N14879 /1 undetected,output,,N14879,N14879,1,undetected,N14879,N14879,N14879,sa1,1
2250,N59202 /1 undetected,output,,N59202,N59202,1,undetected,N59202,N59202,N59202,sa1,1
2251,N59170 /1 undetected,output,,N59170,N59170,1,undetected,N59170,N59170,N59170,sa1,1
2252,N55420 /1 undetected,output,,N55420,N55420,1,undetected,N55420,N55420,N55420,sa1,1
2253,N14891 /1 undetected,output,,N14891,N14891,1,undetected,N14891,N14891,N14891,sa1,1
2254,N59227 /1 undetected,output,,N59227,N59227,1,undetected,N59227,N59227,N59227,sa1,1
2255,N59230 /1 undetected,output,,N59230,N59230,1,undetected,N59230,N59230,N59230,sa1,1
2256,N14764 /1 undetected,output,,N14764,N14764,1,undetected,N14764,N14764,N14764,sa1,1
2257,N14758 /1 undetected,output,,N14758,N14758,1,undetected,N14758,N14758,N14758,sa1,1
2258,N59201 /1 undetected,output,,N59201,N59201,1,undetected,N59201,N59201,N59201,sa1,1
2259,N14885 /1 undetected,output,,N14885,N14885,1,undetected,N14885,N14885,N14885,sa1,1
2260,N14808 /1 undetected,output,,N14808,N14808,1,undetected,N14808,N14808,N14808,sa1,1
2261,N59217 /1 undetected,output,,N59217,N59217,1,undetected,N59217,N59217,N59217,sa1,1
2262,N59249 /1 undetected,output,,N59249,N59249,1,undetected,N59249,N59249,N59249,sa1,1
2263,N14837 /1 undetected,output,,N14837,N14837,1,undetected,N14837,N14837,N14837,sa1,1
2264,N59105 /1 undetected,output,,N59105,N59105,1,undetected,N59105,N59105,N59105,sa1,1
2265,N8806 /1 undetected,output,,N8806,N8806,1,undetected,N8806,N8806,N8806,sa1,1
2266,N8833 /1 undetected,output,,N8833,N8833,1,undetected,N8833,N8833,N8833,sa1,1
2267,N55400 /1 undetected,output,,N55400,N55400,1,undetected,N55400,N55400,N55400,sa1,1
2268,N14838 /0 undetected,output,,N14838,N14838,0,undetected,N14838,N14838,N14838,sa0,1
2269,N59248 /1 undetected,output,,N59248,N59248,1,undetected,N59248,N59248,N59248,sa1,1
2270,N59167 /1 undetected,output,,N59167,N59167,1,undetected,N59167,N59167,N59167,sa1,1
2271,N55431 /1 undetected,output,,N55431,N55431,1,undetected,N55431,N55431,N55431,sa1,1
2272,N55430 /1 undetected,output,,N55430,N55430,1,undetected,N55430,N55430,N55430,sa1,1
2273,N59215 /1 undetected,output,,N59215,N59215,1,undetected,N59215,N59215,N59215,sa1,1
2274,N59175 /1 undetected,output,,N59175,N59175,1,undetected,N59175,N59175,N59175,sa1,1
2275,N55401 /1 undetected,output,,N55401,N55401,1,undetected,N55401,N55401,N55401,sa1,1
2276,N55360 /1 undetected,output,,N55360,N55360,1,undetected,N55360,N55360,N55360,sa1,1
2277,N55425 /1 undetected,output,,N55425,N55425,1,undetected,N55425,N55425,N55425,sa1,1
2278,N8829 /1 undetected,output,,N8829,N8829,1,undetected,N8829,N8829,N8829,sa1,1
2279,N55396 /1 undetected,output,,N55396,N55396,1,undetected,N55396,N55396,N55396,sa1,1
2280,N14836 /1 undetected,output,,N14836,N14836,1,undetected,N14836,N14836,N14836,sa1,1
2281,N14759 /1 undetected,output,,N14759,N14759,1,undetected,N14759,N14759,N14759,sa1,1
2282,N14816 /1 undetected,output,,N14816,N14816,1,undetected,N14816,N14816,N14816,sa1,1
2283,N14765 /1 undetected,output,,N14765,N14765,1,undetected,N14765,N14765,N14765,sa1,1
2284,N39249 /1 undetected,output,,N39249,N39249,1,undetected,N39249,N39249,N39249,sa1,1
2285,N39245 /1 undetected,output,,N39245,N39245,1,undetected,N39245,N39245,N39245,sa1,1
2286,N14887 /1 undetected,output,,N14887,N14887,1,undetected,N14887,N14887,N14887,sa1,1
2287,N14762 /1 undetected,output,,N14762,N14762,1,undetected,N14762,N14762,N14762,sa1,1
2288,N59223 /1 undetected,output,,N59223,N59223,1,undetected,N59223,N59223,N59223,sa1,1
2289,N14883 /1 undetected,output,,N14883,N14883,1,undetected,N14883,N14883,N14883,sa1,1
2290,N14805 /1 undetected,output,,N14805,N14805,1,undetected,N14805,N14805,N14805,sa1,1
2291,N59212 /1 undetected,output,,N59212,N59212,1,undetected,N59212,N59212,N59212,sa1,1
2292,N14881 /1 undetected,output,,N14881,N14881,1,undetected,N14881,N14881,N14881,sa1,1
2293,N59206 /1 undetected,output,,N59206,N59206,1,undetected,N59206,N59206,N59206,sa1,1
2294,N59208 /1 undetected,output,,N59208,N59208,1,undetected,N59208,N59208,N59208,sa1,1
2295,N14757 /1 undetected,output,,N14757,N14757,1,undetected,N14757,N14757,N14757,sa1,1
2296,N14778 /1 undetected,output,,N14778,N14778,1,undetected,N14778,N14778,N14778,sa1,1
2297,N59205 /1 undetected,output,,N59205,N59205,1,undetected,N59205,N59205,N59205,sa1,1
2298,N59103 /1 undetected,output,,N59103,N59103,1,undetected,N59103,N59103,N59103,sa1,1
2299,N8856 /1 undetected,output,,N8856,N8856,1,undetected,N8856,N8856,N8856,sa1,1
2300,N8782 /1 undetected,output,,N8782,N8782,1,undetected,N8782,N8782,N8782,sa1,1
2301,N55393 /1 undetected,output,,N55393,N55393,1,undetected,N55393,N55393,N55393,sa1,1
2302,N8768 /1 undetected,output,,N8768,N8768,1,undetected,N8768,N8768,N8768,sa1,1
2303,N29777 /1 undetected,output,,N29777,N29777,1,undetected,N29777,N29777,N29777,sa1,1
2304,N29776 /1 undetected,output,,N29776,N29776,1,undetected,N29776,N29776,N29776,sa1,1
2305,N55429 /1 undetected,output,,N55429,N55429,1,undetected,N55429,N55429,N55429,sa1,1
2306,N8825 /1 undetected,output,,N8825,N8825,1,undetected,N8825,N8825,N8825,sa1,1
2307,N8753 /1 undetected,output,,N8753,N8753,1,undetected,N8753,N8753,N8753,sa1,1
2308,N38982 /1 undetected,output,,N38982,N38982,1,undetected,N38982,N38982,N38982,sa1,1
2309,N38981 /1 undetected,output,,N38981,N38981,1,undetected,N38981,N38981,N38981,sa1,1
2310,N38979 /1 undetected,output,,N38979,N38979,1,undetected,N38979,N38979,N38979,sa1,1
2311,N38978 /1 undetected,output,,N38978,N38978,1,undetected,N38978,N38978,N38978,sa1,1
2312,N38976 /1 undetected,output,,N38976,N38976,1,undetected,N38976,N38976,N38976,sa1,1
2313,N38975 /1 undetected,output,,N38975,N38975,1,undetected,N38975,N38975,N38975,sa1,1
2314,N38973 /1 undetected,output,,N38973,N38973,1,undetected,N38973,N38973,N38973,sa1,1
2315,N38972 /1 undetected,output,,N38972,N38972,1,undetected,N38972,N38972,N38972,sa1,1
2316,N8752 /1 undetected,output,,N8752,N8752,1,undetected,N8752,N8752,N8752,sa1,1
2317,N8751 /1 undetected,output,,N8751,N8751,1,undetected,N8751,N8751,N8751,sa1,1
2318,N38970 /1 undetected,output,,N38970,N38970,1,undetected,N38970,N38970,N38970,sa1,1
2319,N38969 /1 undetected,output,,N38969,N38969,1,undetected,N38969,N38969,N38969,sa1,1
2320,N38967 /1 undetected,output,,N38967,N38967,1,undetected,N38967,N38967,N38967,sa1,1
2321,N38966 /1 undetected,output,,N38966,N38966,1,undetected,N38966,N38966,N38966,sa1,1
2322,N8750 /1 undetected,output,,N8750,N8750,1,undetected,N8750,N8750,N8750,sa1,1
2323,N38964 /1 undetected,output,,N38964,N38964,1,undetected,N38964,N38964,N38964,sa1,1
2324,N38963 /1 undetected,output,,N38963,N38963,1,undetected,N38963,N38963,N38963,sa1,1
2325,N38961 /1 undetected,output,,N38961,N38961,1,undetected,N38961,N38961,N38961,sa1,1
2326,N38960 /1 undetected,output,,N38960,N38960,1,undetected,N38960,N38960,N38960,sa1,1
2327,N8749 /1 undetected,output,,N8749,N8749,1,undetected,N8749,N8749,N8749,sa1,1
2328,N38958 /1 undetected,output,,N38958,N38958,1,undetected,N38958,N38958,N38958,sa1,1
2329,N38957 /1 undetected,output,,N38957,N38957,1,undetected,N38957,N38957,N38957,sa1,1
2330,N38955 /1 undetected,output,,N38955,N38955,1,undetected,N38955,N38955,N38955,sa1,1
2331,N38954 /1 undetected,output,,N38954,N38954,1,undetected,N38954,N38954,N38954,sa1,1
2332,N38952 /1 undetected,output,,N38952,N38952,1,undetected,N38952,N38952,N38952,sa1,1
2333,N38951 /1 undetected,output,,N38951,N38951,1,undetected,N38951,N38951,N38951,sa1,1
2334,N38949 /1 undetected,output,,N38949,N38949,1,undetected,N38949,N38949,N38949,sa1,1
2335,N38948 /1 undetected,output,,N38948,N38948,1,undetected,N38948,N38948,N38948,sa1,1
2336,N8748 /1 undetected,output,,N8748,N8748,1,undetected,N8748,N8748,N8748,sa1,1
2337,N8747 /1 undetected,output,,N8747,N8747,1,undetected,N8747,N8747,N8747,sa1,1
2338,N38946 /1 undetected,output,,N38946,N38946,1,undetected,N38946,N38946,N38946,sa1,1
2339,N38945 /1 undetected,output,,N38945,N38945,1,undetected,N38945,N38945,N38945,sa1,1
2340,N38943 /1 undetected,output,,N38943,N38943,1,undetected,N38943,N38943,N38943,sa1,1
2341,N38942 /1 undetected,output,,N38942,N38942,1,undetected,N38942,N38942,N38942,sa1,1
2342,N8746 /1 undetected,output,,N8746,N8746,1,undetected,N8746,N8746,N8746,sa1,1
2343,N38940 /1 undetected,output,,N38940,N38940,1,undetected,N38940,N38940,N38940,sa1,1
2344,N38939 /1 undetected,output,,N38939,N38939,1,undetected,N38939,N38939,N38939,sa1,1
2345,N38937 /1 undetected,output,,N38937,N38937,1,undetected,N38937,N38937,N38937,sa1,1
2346,N38936 /1 undetected,output,,N38936,N38936,1,undetected,N38936,N38936,N38936,sa1,1
2347,N14809 /1 undetected,output,,N14809,N14809,1,undetected,N14809,N14809,N14809,sa1,1
2348,N14761 /1 undetected,output,,N14761,N14761,1,undetected,N14761,N14761,N14761,sa1,1
2349,N59222 /1 undetected,output,,N59222,N59222,1,undetected,N59222,N59222,N59222,sa1,1
2350,N14784 /1 undetected,output,,N14784,N14784,1,undetected,N14784,N14784,N14784,sa1,1
2351,N59173 /1 undetected,output,,N59173,N59173,1,undetected,N59173,N59173,N59173,sa1,1
2352,N14863 /1 undetected,output,,N14863,N14863,1,undetected,N14863,N14863,N14863,sa1,1
2353,N41125 /1 undetected,output,,N41125,N41125,1,undetected,N41125,N41125,N41125,sa1,1
2354,N59220 /1 undetected,output,,N59220,N59220,1,undetected,N59220,N59220,N59220,sa1,1
2355,N59257 /1 undetected,output,,N59257,N59257,1,undetected,N59257,N59257,N59257,sa1,1
2356,N59256 /1 undetected,output,,N59256,N59256,1,undetected,N59256,N59256,N59256,sa1,1
2357,N59255 /1 undetected,output,,N59255,N59255,1,undetected,N59255,N59255,N59255,sa1,1
2358,N8860 /1 undetected,output,,N8860,N8860,1,undetected,N8860,N8860,N8860,sa1,1
2359,N55397 /1 undetected,output,,N55397,N55397,1,undetected,N55397,N55397,N55397,sa1,1
2360,N55357 /1 undetected,output,,N55357,N55357,1,undetected,N55357,N55357,N55357,sa1,1
2361,N8850 /1 undetected,output,,N8850,N8850,1,undetected,N8850,N8850,N8850,sa1,1
2362,N55380 /1 undetected,output,,N55380,N55380,1,undetected,N55380,N55380,N55380,sa1,1
2363,N55354 /1 undetected,output,,N55354,N55354,1,undetected,N55354,N55354,N55354,sa1,1
2364,N8842 /1 undetected,output,,N8842,N8842,1,undetected,N8842,N8842,N8842,sa1,1
2365,N22505 /1 undetected,output,,N22505,N22505,1,undetected,N22505,N22505,N22505,sa1,1
2366,N22504 /1 undetected,output,,N22504,N22504,1,undetected,N22504,N22504,N22504,sa1,1
2367,N8696 /1 undetected,output,,N8696,N8696,1,undetected,N8696,N8696,N8696,sa1,1
2368,N38685 /1 undetected,output,,N38685,N38685,1,undetected,N38685,N38685,N38685,sa1,1
2369,N38684 /1 undetected,output,,N38684,N38684,1,undetected,N38684,N38684,N38684,sa1,1
2370,N38682 /1 undetected,output,,N38682,N38682,1,undetected,N38682,N38682,N38682,sa1,1
2371,N38681 /1 undetected,output,,N38681,N38681,1,undetected,N38681,N38681,N38681,sa1,1
2372,N8695 /1 undetected,output,,N8695,N8695,1,undetected,N8695,N8695,N8695,sa1,1
2373,N38679 /1 undetected,output,,N38679,N38679,1,undetected,N38679,N38679,N38679,sa1,1
2374,N38678 /1 undetected,output,,N38678,N38678,1,undetected,N38678,N38678,N38678,sa1,1
2375,N38676 /1 undetected,output,,N38676,N38676,1,undetected,N38676,N38676,N38676,sa1,1
2376,N38675 /1 undetected,output,,N38675,N38675,1,undetected,N38675,N38675,N38675,sa1,1
2377,N8694 /1 undetected,output,,N8694,N8694,1,undetected,N8694,N8694,N8694,sa1,1
2378,N38673 /1 undetected,output,,N38673,N38673,1,undetected,N38673,N38673,N38673,sa1,1
2379,N38672 /1 undetected,output,,N38672,N38672,1,undetected,N38672,N38672,N38672,sa1,1
2380,N38670 /1 undetected,output,,N38670,N38670,1,undetected,N38670,N38670,N38670,sa1,1
2381,N38669 /1 undetected,output,,N38669,N38669,1,undetected,N38669,N38669,N38669,sa1,1
2382,N8693 /1 undetected,output,,N8693,N8693,1,undetected,N8693,N8693,N8693,sa1,1
2383,N38667 /1 undetected,output,,N38667,N38667,1,undetected,N38667,N38667,N38667,sa1,1
2384,N38666 /1 undetected,output,,N38666,N38666,1,undetected,N38666,N38666,N38666,sa1,1
2385,N38664 /1 undetected,output,,N38664,N38664,1,undetected,N38664,N38664,N38664,sa1,1
2386,N38663 /1 undetected,output,,N38663,N38663,1,undetected,N38663,N38663,N38663,sa1,1
2387,N38661 /1 undetected,output,,N38661,N38661,1,undetected,N38661,N38661,N38661,sa1,1
2388,N38660 /1 undetected,output,,N38660,N38660,1,undetected,N38660,N38660,N38660,sa1,1
2389,N8692 /1 undetected,output,,N8692,N8692,1,undetected,N8692,N8692,N8692,sa1,1
2390,N22494 /1 undetected,output,,N22494,N22494,1,undetected,N22494,N22494,N22494,sa1,1
2391,N22493 /1 undetected,output,,N22493,N22493,1,undetected,N22493,N22493,N22493,sa1,1
2392,N8691 /1 undetected,output,,N8691,N8691,1,undetected,N8691,N8691,N8691,sa1,1
2393,N38658 /1 undetected,output,,N38658,N38658,1,undetected,N38658,N38658,N38658,sa1,1
2394,N38657 /1 undetected,output,,N38657,N38657,1,undetected,N38657,N38657,N38657,sa1,1
2395,N38655 /1 undetected,output,,N38655,N38655,1,undetected,N38655,N38655,N38655,sa1,1
2396,N38654 /1 undetected,output,,N38654,N38654,1,undetected,N38654,N38654,N38654,sa1,1
2397,N8690 /1 undetected,output,,N8690,N8690,1,undetected,N8690,N8690,N8690,sa1,1
2398,N38652 /1 undetected,output,,N38652,N38652,1,undetected,N38652,N38652,N38652,sa1,1
2399,N38651 /1 undetected,output,,N38651,N38651,1,undetected,N38651,N38651,N38651,sa1,1
2400,N38649 /1 undetected,output,,N38649,N38649,1,undetected,N38649,N38649,N38649,sa1,1
2401,N38648 /1 undetected,output,,N38648,N38648,1,undetected,N38648,N38648,N38648,sa1,1
2402,N38646 /1 undetected,output,,N38646,N38646,1,undetected,N38646,N38646,N38646,sa1,1
2403,N38645 /1 undetected,output,,N38645,N38645,1,undetected,N38645,N38645,N38645,sa1,1
2404,N8689 /1 undetected,output,,N8689,N8689,1,undetected,N8689,N8689,N8689,sa1,1
2405,N38643 /1 undetected,output,,N38643,N38643,1,undetected,N38643,N38643,N38643,sa1,1
2406,N38642 /1 undetected,output,,N38642,N38642,1,undetected,N38642,N38642,N38642,sa1,1
2407,N38640 /1 undetected,output,,N38640,N38640,1,undetected,N38640,N38640,N38640,sa1,1
2408,N38639 /1 undetected,output,,N38639,N38639,1,undetected,N38639,N38639,N38639,sa1,1
2409,N8688 /1 undetected,output,,N8688,N8688,1,undetected,N8688,N8688,N8688,sa1,1
2410,N38637 /1 undetected,output,,N38637,N38637,1,undetected,N38637,N38637,N38637,sa1,1
2411,N38636 /1 undetected,output,,N38636,N38636,1,undetected,N38636,N38636,N38636,sa1,1
2412,N38634 /1 undetected,output,,N38634,N38634,1,undetected,N38634,N38634,N38634,sa1,1
2413,N38633 /1 undetected,output,,N38633,N38633,1,undetected,N38633,N38633,N38633,sa1,1
2414,N38631 /1 undetected,output,,N38631,N38631,1,undetected,N38631,N38631,N38631,sa1,1
2415,N38630 /1 undetected,output,,N38630,N38630,1,undetected,N38630,N38630,N38630,sa1,1
2416,N8851 /1 undetected,output,,N8851,N8851,1,undetected,N8851,N8851,N8851,sa1,1
2417,N40097 /1 undetected,output,,N40097,N40097,1,undetected,N40097,N40097,N40097,sa1,1
2418,N55391 /1 undetected,output,,N55391,N55391,1,undetected,N55391,N55391,N55391,sa1,1
2419,N55428 /1 undetected,output,,N55428,N55428,1,undetected,N55428,N55428,N55428,sa1,1
2420,N55427 /1 undetected,output,,N55427,N55427,1,undetected,N55427,N55427,N55427,sa1,1
2421,N55426 /1 undetected,output,,N55426,N55426,1,undetected,N55426,N55426,N55426,sa1,1
2422,N59254 /1 undetected,output,,N59254,N59254,1,undetected,N59254,N59254,N59254,sa1,1
2423,N14853 /1 undetected,output,,N14853,N14853,1,undetected,N14853,N14853,N14853,sa1,1
2424,N59226 /1 undetected,output,,N59226,N59226,1,undetected,N59226,N59226,N59226,sa1,1
2425,N8811 /1 undetected,output,,N8811,N8811,1,undetected,N8811,N8811,N8811,sa1,1
2426,N8745 /1 undetected,output,,N8745,N8745,1,undetected,N8745,N8745,N8745,sa1,1
2427,N22605 /1 undetected,output,,N22605,N22605,1,undetected,N22605,N22605,N22605,sa1,1
2428,N8743 /1 undetected,output,,N8743,N8743,1,undetected,N8743,N8743,N8743,sa1,1
2429,N29773 /1 undetected,output,,N29773,N29773,1,undetected,N29773,N29773,N29773,sa1,1
2430,N29772 /1 undetected,output,,N29772,N29772,1,undetected,N29772,N29772,N29772,sa1,1
2431,N8742 /1 undetected,output,,N8742,N8742,1,undetected,N8742,N8742,N8742,sa1,1
2432,N29771 /1 undetected,output,,N29771,N29771,1,undetected,N29771,N29771,N29771,sa1,1
2433,N29770 /1 undetected,output,,N29770,N29770,1,undetected,N29770,N29770,N29770,sa1,1
2434,N8744 /1 undetected,output,,N8744,N8744,1,undetected,N8744,N8744,N8744,sa1,1
2435,N29775 /1 undetected,output,,N29775,N29775,1,undetected,N29775,N29775,N29775,sa1,1
2436,N29774 /1 undetected,output,,N29774,N29774,1,undetected,N29774,N29774,N29774,sa1,1
2437,N14867 /0 undetected,output,,N14867,N14867,0,undetected,N14867,N14867,N14867,sa0,1
2438,N55352 /1 undetected,output,,N55352,N55352,1,undetected,N55352,N55352,N55352,sa1,1
2439,N55434 /1 undetected,output,,N55434,N55434,1,undetected,N55434,N55434,N55434,sa1,1
2440,N8854 /1 undetected,output,,N8854,N8854,1,undetected,N8854,N8854,N8854,sa1,1
2441,N8779 /1 undetected,output,,N8779,N8779,1,undetected,N8779,N8779,N8779,sa1,1
2442,N55388 /1 undetected,output,,N55388,N55388,1,undetected,N55388,N55388,N55388,sa1,1
2443,N55433 /1 undetected,output,,N55433,N55433,1,undetected,N55433,N55433,N55433,sa1,1
2444,N8840 /1 undetected,output,,N8840,N8840,1,undetected,N8840,N8840,N8840,sa1,1
2445,N8687 /1 undetected,output,,N8687,N8687,1,undetected,N8687,N8687,N8687,sa1,1
2446,N22482 /1 undetected,output,,N22482,N22482,1,undetected,N22482,N22482,N22482,sa1,1
2447,N22481 /1 undetected,output,,N22481,N22481,1,undetected,N22481,N22481,N22481,sa1,1
2448,N8686 /1 undetected,output,,N8686,N8686,1,undetected,N8686,N8686,N8686,sa1,1
2449,N38628 /1 undetected,output,,N38628,N38628,1,undetected,N38628,N38628,N38628,sa1,1
2450,N38627 /1 undetected,output,,N38627,N38627,1,undetected,N38627,N38627,N38627,sa1,1
2451,N38625 /1 undetected,output,,N38625,N38625,1,undetected,N38625,N38625,N38625,sa1,1
2452,N38624 /1 undetected,output,,N38624,N38624,1,undetected,N38624,N38624,N38624,sa1,1
2453,N8685 /1 undetected,output,,N8685,N8685,1,undetected,N8685,N8685,N8685,sa1,1
2454,N38622 /1 undetected,output,,N38622,N38622,1,undetected,N38622,N38622,N38622,sa1,1
2455,N38621 /1 undetected,output,,N38621,N38621,1,undetected,N38621,N38621,N38621,sa1,1
2456,N38619 /1 undetected,output,,N38619,N38619,1,undetected,N38619,N38619,N38619,sa1,1
2457,N38618 /1 undetected,output,,N38618,N38618,1,undetected,N38618,N38618,N38618,sa1,1
2458,N38616 /1 undetected,output,,N38616,N38616,1,undetected,N38616,N38616,N38616,sa1,1
2459,N38615 /1 undetected,output,,N38615,N38615,1,undetected,N38615,N38615,N38615,sa1,1
2460,N8684 /1 undetected,output,,N8684,N8684,1,undetected,N8684,N8684,N8684,sa1,1
2461,N38613 /1 undetected,output,,N38613,N38613,1,undetected,N38613,N38613,N38613,sa1,1
2462,N38612 /1 undetected,output,,N38612,N38612,1,undetected,N38612,N38612,N38612,sa1,1
2463,N38610 /1 undetected,output,,N38610,N38610,1,undetected,N38610,N38610,N38610,sa1,1
2464,N38609 /1 undetected,output,,N38609,N38609,1,undetected,N38609,N38609,N38609,sa1,1
2465,N8683 /1 undetected,output,,N8683,N8683,1,undetected,N8683,N8683,N8683,sa1,1
2466,N38607 /1 undetected,output,,N38607,N38607,1,undetected,N38607,N38607,N38607,sa1,1
2467,N38606 /1 undetected,output,,N38606,N38606,1,undetected,N38606,N38606,N38606,sa1,1
2468,N38604 /1 undetected,output,,N38604,N38604,1,undetected,N38604,N38604,N38604,sa1,1
2469,N38603 /1 undetected,output,,N38603,N38603,1,undetected,N38603,N38603,N38603,sa1,1
2470,N38601 /1 undetected,output,,N38601,N38601,1,undetected,N38601,N38601,N38601,sa1,1
2471,N38600 /1 undetected,output,,N38600,N38600,1,undetected,N38600,N38600,N38600,sa1,1
2472,N22470 /1 undetected,output,,N22470,N22470,1,undetected,N22470,N22470,N22470,sa1,1
2473,N22469 /1 undetected,output,,N22469,N22469,1,undetected,N22469,N22469,N22469,sa1,1
2474,N8681 /1 undetected,output,,N8681,N8681,1,undetected,N8681,N8681,N8681,sa1,1
2475,N38598 /1 undetected,output,,N38598,N38598,1,undetected,N38598,N38598,N38598,sa1,1
2476,N38597 /1 undetected,output,,N38597,N38597,1,undetected,N38597,N38597,N38597,sa1,1
2477,N38595 /1 undetected,output,,N38595,N38595,1,undetected,N38595,N38595,N38595,sa1,1
2478,N38594 /1 undetected,output,,N38594,N38594,1,undetected,N38594,N38594,N38594,sa1,1
2479,N8680 /1 undetected,output,,N8680,N8680,1,undetected,N8680,N8680,N8680,sa1,1
2480,N38592 /1 undetected,output,,N38592,N38592,1,undetected,N38592,N38592,N38592,sa1,1
2481,N38591 /1 undetected,output,,N38591,N38591,1,undetected,N38591,N38591,N38591,sa1,1
2482,N38589 /1 undetected,output,,N38589,N38589,1,undetected,N38589,N38589,N38589,sa1,1
2483,N38588 /1 undetected,output,,N38588,N38588,1,undetected,N38588,N38588,N38588,sa1,1
2484,N38586 /1 undetected,output,,N38586,N38586,1,undetected,N38586,N38586,N38586,sa1,1
2485,N38585 /1 undetected,output,,N38585,N38585,1,undetected,N38585,N38585,N38585,sa1,1
2486,N8679 /1 undetected,output,,N8679,N8679,1,undetected,N8679,N8679,N8679,sa1,1
2487,N38583 /1 undetected,output,,N38583,N38583,1,undetected,N38583,N38583,N38583,sa1,1
2488,N38582 /1 undetected,output,,N38582,N38582,1,undetected,N38582,N38582,N38582,sa1,1
2489,N38580 /1 undetected,output,,N38580,N38580,1,undetected,N38580,N38580,N38580,sa1,1
2490,N38579 /1 undetected,output,,N38579,N38579,1,undetected,N38579,N38579,N38579,sa1,1
2491,N8678 /1 undetected,output,,N8678,N8678,1,undetected,N8678,N8678,N8678,sa1,1
2492,N38577 /1 undetected,output,,N38577,N38577,1,undetected,N38577,N38577,N38577,sa1,1
2493,N38576 /1 undetected,output,,N38576,N38576,1,undetected,N38576,N38576,N38576,sa1,1
2494,N38574 /1 undetected,output,,N38574,N38574,1,undetected,N38574,N38574,N38574,sa1,1
2495,N38573 /1 undetected,output,,N38573,N38573,1,undetected,N38573,N38573,N38573,sa1,1
2496,N38571 /1 undetected,output,,N38571,N38571,1,undetected,N38571,N38571,N38571,sa1,1
2497,N38570 /1 undetected,output,,N38570,N38570,1,undetected,N38570,N38570,N38570,sa1,1
2498,N14846 /1 undetected,output,,N14846,N14846,1,undetected,N14846,N14846,N14846,sa1,1
2499,N14785 /1 undetected,output,,N14785,N14785,1,undetected,N14785,N14785,N14785,sa1,1
2500,N39243 /1 undetected,output,,N39243,N39243,1,undetected,N39243,N39243,N39243,sa1,1
2501,N39242 /1 undetected,output,,N39242,N39242,1,undetected,N39242,N39242,N39242,sa1,1
2502,N39240 /1 undetected,output,,N39240,N39240,1,undetected,N39240,N39240,N39240,sa1,1
2503,N39239 /1 undetected,output,,N39239,N39239,1,undetected,N39239,N39239,N39239,sa1,1
2504,N14845 /1 undetected,output,,N14845,N14845,1,undetected,N14845,N14845,N14845,sa1,1
2505,N14786 /1 undetected,output,,N14786,N14786,1,undetected,N14786,N14786,N14786,sa1,1
2506,N34092 /1 undetected,output,,N34092,N34092,1,undetected,N34092,N34092,N34092,sa1,1
2507,N34091 /1 undetected,output,,N34091,N34091,1,undetected,N34091,N34091,N34091,sa1,1
2508,N14811 /1 undetected,output,,N14811,N14811,1,undetected,N14811,N14811,N14811,sa1,1
2509,N14783 /1 undetected,output,,N14783,N14783,1,undetected,N14783,N14783,N14783,sa1,1
2510,N39237 /1 undetected,output,,N39237,N39237,1,undetected,N39237,N39237,N39237,sa1,1
2511,N39236 /1 undetected,output,,N39236,N39236,1,undetected,N39236,N39236,N39236,sa1,1
2512,N39234 /1 undetected,output,,N39234,N39234,1,undetected,N39234,N39234,N39234,sa1,1
2513,N39233 /1 undetected,output,,N39233,N39233,1,undetected,N39233,N39233,N39233,sa1,1
2514,N39231 /1 undetected,output,,N39231,N39231,1,undetected,N39231,N39231,N39231,sa1,1
2515,N39230 /1 undetected,output,,N39230,N39230,1,undetected,N39230,N39230,N39230,sa1,1
2516,N14806 /1 undetected,output,,N14806,N14806,1,undetected,N14806,N14806,N14806,sa1,1
2517,N23219 /1 undetected,output,,N23219,N23219,1,undetected,N23219,N23219,N23219,sa1,1
2518,N59106 /1 undetected,output,,N59106,N59106,1,undetected,N59106,N59106,N59106,sa1,1
2519,N59102 /1 undetected,output,,N59102,N59102,1,undetected,N59102,N59102,N59102,sa1,1
2520,N14803 /1 undetected,output,,N14803,N14803,1,undetected,N14803,N14803,N14803,sa1,1
2521,N23217 /1 undetected,output,,N23217,N23217,1,undetected,N23217,N23217,N23217,sa1,1
2522,N59104 /1 undetected,output,,N59104,N59104,1,undetected,N59104,N59104,N59104,sa1,1
2523,N59101 /1 undetected,output,,N59101,N59101,1,undetected,N59101,N59101,N59101,sa1,1
2524,N14760 /1 undetected,output,,N14760,N14760,1,undetected,N14760,N14760,N14760,sa1,1
2525,N14782 /1 undetected,output,,N14782,N14782,1,undetected,N14782,N14782,N14782,sa1,1
2526,N23208 /1 undetected,output,,N23208,N23208,1,undetected,N23208,N23208,N23208,sa1,1
2527,N14780 /1 undetected,output,,N14780,N14780,1,undetected,N14780,N14780,N14780,sa1,1
2528,N34088 /1 undetected,output,,N34088,N34088,1,undetected,N34088,N34088,N34088,sa1,1
2529,N34087 /1 undetected,output,,N34087,N34087,1,undetected,N34087,N34087,N34087,sa1,1
2530,N14779 /1 undetected,output,,N14779,N14779,1,undetected,N14779,N14779,N14779,sa1,1
2531,N34086 /1 undetected,output,,N34086,N34086,1,undetected,N34086,N34086,N34086,sa1,1
2532,N34085 /1 undetected,output,,N34085,N34085,1,undetected,N34085,N34085,N34085,sa1,1
2533,N14781 /1 undetected,output,,N14781,N14781,1,undetected,N14781,N14781,N14781,sa1,1
2534,N34090 /1 undetected,output,,N34090,N34090,1,undetected,N34090,N34090,N34090,sa1,1
2535,N34089 /1 undetected,output,,N34089,N34089,1,undetected,N34089,N34089,N34089,sa1,1
2536,N14756 /1 undetected,output,,N14756,N14756,1,undetected,N14756,N14756,N14756,sa1,1
2537,N59100 /1 undetected,output,,N59100,N59100,1,undetected,N59100,N59100,N59100,sa1,1
2538,N8816 /0 undetected,output,,N8816,N8816,0,undetected,N8816,N8816,N8816,sa0,1
2539,N8809 /1 undetected,output,,N8809,N8809,1,undetected,N8809,N8809,N8809,sa1,1
2540,N39078 /1 undetected,output,,N39078,N39078,1,undetected,N39078,N39078,N39078,sa1,1
2541,N39075 /1 undetected,output,,N39075,N39075,1,undetected,N39075,N39075,N39075,sa1,1
2542,N39074 /1 undetected,output,,N39074,N39074,1,undetected,N39074,N39074,N39074,sa1,1
2543,N39072 /1 undetected,output,,N39072,N39072,1,undetected,N39072,N39072,N39072,sa1,1
2544,N39071 /1 undetected,output,,N39071,N39071,1,undetected,N39071,N39071,N39071,sa1,1
2545,N39069 /1 undetected,output,,N39069,N39069,1,undetected,N39069,N39069,N39069,sa1,1
2546,N39068 /1 undetected,output,,N39068,N39068,1,undetected,N39068,N39068,N39068,sa1,1
2547,N8761 /1 undetected,output,,N8761,N8761,1,undetected,N8761,N8761,N8761,sa1,1
2548,N39066 /1 undetected,output,,N39066,N39066,1,undetected,N39066,N39066,N39066,sa1,1
2549,N39065 /1 undetected,output,,N39065,N39065,1,undetected,N39065,N39065,N39065,sa1,1
2550,N39063 /1 undetected,output,,N39063,N39063,1,undetected,N39063,N39063,N39063,sa1,1
2551,N39062 /1 undetected,output,,N39062,N39062,1,undetected,N39062,N39062,N39062,sa1,1
2552,N39060 /1 undetected,output,,N39060,N39060,1,undetected,N39060,N39060,N39060,sa1,1
2553,N39059 /1 undetected,output,,N39059,N39059,1,undetected,N39059,N39059,N39059,sa1,1
2554,N39057 /1 undetected,output,,N39057,N39057,1,undetected,N39057,N39057,N39057,sa1,1
2555,N39056 /1 undetected,output,,N39056,N39056,1,undetected,N39056,N39056,N39056,sa1,1
2556,N39054 /1 undetected,output,,N39054,N39054,1,undetected,N39054,N39054,N39054,sa1,1
2557,N39051 /1 undetected,output,,N39051,N39051,1,undetected,N39051,N39051,N39051,sa1,1
2558,N39048 /1 undetected,output,,N39048,N39048,1,undetected,N39048,N39048,N39048,sa1,1
2559,N39045 /1 undetected,output,,N39045,N39045,1,undetected,N39045,N39045,N39045,sa1,1
2560,N39044 /1 undetected,output,,N39044,N39044,1,undetected,N39044,N39044,N39044,sa1,1
2561,N8759 /1 undetected,output,,N8759,N8759,1,undetected,N8759,N8759,N8759,sa1,1
2562,N39042 /1 undetected,output,,N39042,N39042,1,undetected,N39042,N39042,N39042,sa1,1
2563,N39041 /1 undetected,output,,N39041,N39041,1,undetected,N39041,N39041,N39041,sa1,1
2564,N39039 /1 undetected,output,,N39039,N39039,1,undetected,N39039,N39039,N39039,sa1,1
2565,N39038 /1 undetected,output,,N39038,N39038,1,undetected,N39038,N39038,N39038,sa1,1
2566,N39036 /1 undetected,output,,N39036,N39036,1,undetected,N39036,N39036,N39036,sa1,1
2567,N39035 /1 undetected,output,,N39035,N39035,1,undetected,N39035,N39035,N39035,sa1,1
2568,N39033 /1 undetected,output,,N39033,N39033,1,undetected,N39033,N39033,N39033,sa1,1
2569,N39032 /1 undetected,output,,N39032,N39032,1,undetected,N39032,N39032,N39032,sa1,1
2570,N8808 /1 undetected,output,,N8808,N8808,1,undetected,N8808,N8808,N8808,sa1,1
2571,N8766 /1 undetected,output,,N8766,N8766,1,undetected,N8766,N8766,N8766,sa1,1
2572,N39123 /1 undetected,output,,N39123,N39123,1,undetected,N39123,N39123,N39123,sa1,1
2573,N39122 /1 undetected,output,,N39122,N39122,1,undetected,N39122,N39122,N39122,sa1,1
2574,N39120 /1 undetected,output,,N39120,N39120,1,undetected,N39120,N39120,N39120,sa1,1
2575,N39119 /1 undetected,output,,N39119,N39119,1,undetected,N39119,N39119,N39119,sa1,1
2576,N39117 /1 undetected,output,,N39117,N39117,1,undetected,N39117,N39117,N39117,sa1,1
2577,N39116 /1 undetected,output,,N39116,N39116,1,undetected,N39116,N39116,N39116,sa1,1
2578,N8765 /1 undetected,output,,N8765,N8765,1,undetected,N8765,N8765,N8765,sa1,1
2579,N39114 /1 undetected,output,,N39114,N39114,1,undetected,N39114,N39114,N39114,sa1,1
2580,N39113 /1 undetected,output,,N39113,N39113,1,undetected,N39113,N39113,N39113,sa1,1
2581,N39111 /1 undetected,output,,N39111,N39111,1,undetected,N39111,N39111,N39111,sa1,1
2582,N39110 /1 undetected,output,,N39110,N39110,1,undetected,N39110,N39110,N39110,sa1,1
2583,N39108 /1 undetected,output,,N39108,N39108,1,undetected,N39108,N39108,N39108,sa1,1
2584,N39107 /1 undetected,output,,N39107,N39107,1,undetected,N39107,N39107,N39107,sa1,1
2585,N39105 /1 undetected,output,,N39105,N39105,1,undetected,N39105,N39105,N39105,sa1,1
2586,N39104 /1 undetected,output,,N39104,N39104,1,undetected,N39104,N39104,N39104,sa1,1
2587,N39102 /1 undetected,output,,N39102,N39102,1,undetected,N39102,N39102,N39102,sa1,1
2588,N39099 /1 undetected,output,,N39099,N39099,1,undetected,N39099,N39099,N39099,sa1,1
2589,N39096 /1 undetected,output,,N39096,N39096,1,undetected,N39096,N39096,N39096,sa1,1
2590,N39095 /1 undetected,output,,N39095,N39095,1,undetected,N39095,N39095,N39095,sa1,1
2591,N39093 /1 undetected,output,,N39093,N39093,1,undetected,N39093,N39093,N39093,sa1,1
2592,N39092 /1 undetected,output,,N39092,N39092,1,undetected,N39092,N39092,N39092,sa1,1
2593,N39090 /1 undetected,output,,N39090,N39090,1,undetected,N39090,N39090,N39090,sa1,1
2594,N39087 /1 undetected,output,,N39087,N39087,1,undetected,N39087,N39087,N39087,sa1,1
2595,N39081 /1 undetected,output,,N39081,N39081,1,undetected,N39081,N39081,N39081,sa1,1
2596,N8807 /0 undetected,output,,N8807,N8807,0,undetected,N8807,N8807,N8807,sa0,1
2597,N8783 /1 undetected,output,,N8783,N8783,1,undetected,N8783,N8783,N8783,sa1,1
2598,N22672 /1 undetected,output,,N22672,N22672,1,undetected,N22672,N22672,N22672,sa1,1
2599,N8755 /1 undetected,output,,N8755,N8755,1,undetected,N8755,N8755,N8755,sa1,1
2600,N38994 /1 undetected,output,,N38994,N38994,1,undetected,N38994,N38994,N38994,sa1,1
2601,N38993 /1 undetected,output,,N38993,N38993,1,undetected,N38993,N38993,N38993,sa1,1
2602,N38991 /1 undetected,output,,N38991,N38991,1,undetected,N38991,N38991,N38991,sa1,1
2603,N38990 /1 undetected,output,,N38990,N38990,1,undetected,N38990,N38990,N38990,sa1,1
2604,N8754 /1 undetected,output,,N8754,N8754,1,undetected,N8754,N8754,N8754,sa1,1
2605,N38988 /1 undetected,output,,N38988,N38988,1,undetected,N38988,N38988,N38988,sa1,1
2606,N38987 /1 undetected,output,,N38987,N38987,1,undetected,N38987,N38987,N38987,sa1,1
2607,N38985 /1 undetected,output,,N38985,N38985,1,undetected,N38985,N38985,N38985,sa1,1
2608,N38984 /1 undetected,output,,N38984,N38984,1,undetected,N38984,N38984,N38984,sa1,1
2609,N8756 /1 undetected,output,,N8756,N8756,1,undetected,N8756,N8756,N8756,sa1,1
2610,N39006 /1 undetected,output,,N39006,N39006,1,undetected,N39006,N39006,N39006,sa1,1
2611,N39005 /1 undetected,output,,N39005,N39005,1,undetected,N39005,N39005,N39005,sa1,1
2612,N39003 /1 undetected,output,,N39003,N39003,1,undetected,N39003,N39003,N39003,sa1,1
2613,N39002 /1 undetected,output,,N39002,N39002,1,undetected,N39002,N39002,N39002,sa1,1
2614,N39000 /1 undetected,output,,N39000,N39000,1,undetected,N39000,N39000,N39000,sa1,1
2615,N38999 /1 undetected,output,,N38999,N38999,1,undetected,N38999,N38999,N38999,sa1,1
2616,N38997 /1 undetected,output,,N38997,N38997,1,undetected,N38997,N38997,N38997,sa1,1
2617,N38996 /1 undetected,output,,N38996,N38996,1,undetected,N38996,N38996,N38996,sa1,1
2618,N39030 /1 undetected,output,,N39030,N39030,1,undetected,N39030,N39030,N39030,sa1,1
2619,N39027 /1 undetected,output,,N39027,N39027,1,undetected,N39027,N39027,N39027,sa1,1
2620,N39026 /1 undetected,output,,N39026,N39026,1,undetected,N39026,N39026,N39026,sa1,1
2621,N39024 /1 undetected,output,,N39024,N39024,1,undetected,N39024,N39024,N39024,sa1,1
2622,N39023 /1 undetected,output,,N39023,N39023,1,undetected,N39023,N39023,N39023,sa1,1
2623,N39021 /1 undetected,output,,N39021,N39021,1,undetected,N39021,N39021,N39021,sa1,1
2624,N39020 /1 undetected,output,,N39020,N39020,1,undetected,N39020,N39020,N39020,sa1,1
2625,N8757 /1 undetected,output,,N8757,N8757,1,undetected,N8757,N8757,N8757,sa1,1
2626,N39018 /1 undetected,output,,N39018,N39018,1,undetected,N39018,N39018,N39018,sa1,1
2627,N39017 /1 undetected,output,,N39017,N39017,1,undetected,N39017,N39017,N39017,sa1,1
2628,N39015 /1 undetected,output,,N39015,N39015,1,undetected,N39015,N39015,N39015,sa1,1
2629,N39014 /1 undetected,output,,N39014,N39014,1,undetected,N39014,N39014,N39014,sa1,1
2630,N39012 /1 undetected,output,,N39012,N39012,1,undetected,N39012,N39012,N39012,sa1,1
2631,N39011 /1 undetected,output,,N39011,N39011,1,undetected,N39011,N39011,N39011,sa1,1
2632,N39009 /1 undetected,output,,N39009,N39009,1,undetected,N39009,N39009,N39009,sa1,1
2633,N39008 /1 undetected,output,,N39008,N39008,1,undetected,N39008,N39008,N39008,sa1,1
2634,N55384 /1 undetected,output,,N55384,N55384,1,undetected,N55384,N55384,N55384,sa1,1
2635,N8821 /1 undetected,output,,N8821,N8821,1,undetected,N8821,N8821,N8821,sa1,1
2636,N22550 /1 undetected,output,,N22550,N22550,1,undetected,N22550,N22550,N22550,sa1,1
2637,N22549 /1 undetected,output,,N22549,N22549,1,undetected,N22549,N22549,N22549,sa1,1
2638,N8716 /1 undetected,output,,N8716,N8716,1,undetected,N8716,N8716,N8716,sa1,1
2639,N38796 /1 undetected,output,,N38796,N38796,1,undetected,N38796,N38796,N38796,sa1,1
2640,N38795 /1 undetected,output,,N38795,N38795,1,undetected,N38795,N38795,N38795,sa1,1
2641,N38793 /1 undetected,output,,N38793,N38793,1,undetected,N38793,N38793,N38793,sa1,1
2642,N38792 /1 undetected,output,,N38792,N38792,1,undetected,N38792,N38792,N38792,sa1,1
2643,N8715 /1 undetected,output,,N8715,N8715,1,undetected,N8715,N8715,N8715,sa1,1
2644,N38790 /1 undetected,output,,N38790,N38790,1,undetected,N38790,N38790,N38790,sa1,1
2645,N38789 /1 undetected,output,,N38789,N38789,1,undetected,N38789,N38789,N38789,sa1,1
2646,N38787 /1 undetected,output,,N38787,N38787,1,undetected,N38787,N38787,N38787,sa1,1
2647,N38786 /1 undetected,output,,N38786,N38786,1,undetected,N38786,N38786,N38786,sa1,1
2648,N8714 /1 undetected,output,,N8714,N8714,1,undetected,N8714,N8714,N8714,sa1,1
2649,N38784 /1 undetected,output,,N38784,N38784,1,undetected,N38784,N38784,N38784,sa1,1
2650,N38783 /1 undetected,output,,N38783,N38783,1,undetected,N38783,N38783,N38783,sa1,1
2651,N38781 /1 undetected,output,,N38781,N38781,1,undetected,N38781,N38781,N38781,sa1,1
2652,N38780 /1 undetected,output,,N38780,N38780,1,undetected,N38780,N38780,N38780,sa1,1
2653,N8713 /1 undetected,output,,N8713,N8713,1,undetected,N8713,N8713,N8713,sa1,1
2654,N38778 /1 undetected,output,,N38778,N38778,1,undetected,N38778,N38778,N38778,sa1,1
2655,N38777 /1 undetected,output,,N38777,N38777,1,undetected,N38777,N38777,N38777,sa1,1
2656,N38775 /1 undetected,output,,N38775,N38775,1,undetected,N38775,N38775,N38775,sa1,1
2657,N38774 /1 undetected,output,,N38774,N38774,1,undetected,N38774,N38774,N38774,sa1,1
2658,N38772 /1 undetected,output,,N38772,N38772,1,undetected,N38772,N38772,N38772,sa1,1
2659,N38771 /1 undetected,output,,N38771,N38771,1,undetected,N38771,N38771,N38771,sa1,1
2660,N8712 /1 undetected,output,,N8712,N8712,1,undetected,N8712,N8712,N8712,sa1,1
2661,N22539 /1 undetected,output,,N22539,N22539,1,undetected,N22539,N22539,N22539,sa1,1
2662,N22538 /1 undetected,output,,N22538,N22538,1,undetected,N22538,N22538,N22538,sa1,1
2663,N8711 /1 undetected,output,,N8711,N8711,1,undetected,N8711,N8711,N8711,sa1,1
2664,N38769 /1 undetected,output,,N38769,N38769,1,undetected,N38769,N38769,N38769,sa1,1
2665,N38768 /1 undetected,output,,N38768,N38768,1,undetected,N38768,N38768,N38768,sa1,1
2666,N38766 /1 undetected,output,,N38766,N38766,1,undetected,N38766,N38766,N38766,sa1,1
2667,N38765 /1 undetected,output,,N38765,N38765,1,undetected,N38765,N38765,N38765,sa1,1
2668,N8710 /1 undetected,output,,N8710,N8710,1,undetected,N8710,N8710,N8710,sa1,1
2669,N38763 /1 undetected,output,,N38763,N38763,1,undetected,N38763,N38763,N38763,sa1,1
2670,N38762 /1 undetected,output,,N38762,N38762,1,undetected,N38762,N38762,N38762,sa1,1
2671,N38760 /1 undetected,output,,N38760,N38760,1,undetected,N38760,N38760,N38760,sa1,1
2672,N38759 /1 undetected,output,,N38759,N38759,1,undetected,N38759,N38759,N38759,sa1,1
2673,N8709 /1 undetected,output,,N8709,N8709,1,undetected,N8709,N8709,N8709,sa1,1
2674,N38757 /1 undetected,output,,N38757,N38757,1,undetected,N38757,N38757,N38757,sa1,1
2675,N38756 /1 undetected,output,,N38756,N38756,1,undetected,N38756,N38756,N38756,sa1,1
2676,N38754 /1 undetected,output,,N38754,N38754,1,undetected,N38754,N38754,N38754,sa1,1
2677,N38753 /1 undetected,output,,N38753,N38753,1,undetected,N38753,N38753,N38753,sa1,1
2678,N8708 /1 undetected,output,,N8708,N8708,1,undetected,N8708,N8708,N8708,sa1,1
2679,N38751 /1 undetected,output,,N38751,N38751,1,undetected,N38751,N38751,N38751,sa1,1
2680,N38750 /1 undetected,output,,N38750,N38750,1,undetected,N38750,N38750,N38750,sa1,1
2681,N38748 /1 undetected,output,,N38748,N38748,1,undetected,N38748,N38748,N38748,sa1,1
2682,N38747 /1 undetected,output,,N38747,N38747,1,undetected,N38747,N38747,N38747,sa1,1
2683,N38745 /1 undetected,output,,N38745,N38745,1,undetected,N38745,N38745,N38745,sa1,1
2684,N38744 /1 undetected,output,,N38744,N38744,1,undetected,N38744,N38744,N38744,sa1,1
2685,N55386 /1 undetected,output,,N55386,N55386,1,undetected,N55386,N55386,N55386,sa1,1
2686,N55432 /1 undetected,output,,N55432,N55432,1,undetected,N55432,N55432,N55432,sa1,1
2687,N8815 /1 undetected,output,,N8815,N8815,1,undetected,N8815,N8815,N8815,sa1,1
2688,N22458 /1 undetected,output,,N22458,N22458,1,undetected,N22458,N22458,N22458,sa1,1
2689,N22457 /1 undetected,output,,N22457,N22457,1,undetected,N22457,N22457,N22457,sa1,1
2690,N8676 /1 undetected,output,,N8676,N8676,1,undetected,N8676,N8676,N8676,sa1,1
2691,N38568 /1 undetected,output,,N38568,N38568,1,undetected,N38568,N38568,N38568,sa1,1
2692,N38567 /1 undetected,output,,N38567,N38567,1,undetected,N38567,N38567,N38567,sa1,1
2693,N38565 /1 undetected,output,,N38565,N38565,1,undetected,N38565,N38565,N38565,sa1,1
2694,N38564 /1 undetected,output,,N38564,N38564,1,undetected,N38564,N38564,N38564,sa1,1
2695,N8675 /1 undetected,output,,N8675,N8675,1,undetected,N8675,N8675,N8675,sa1,1
2696,N38562 /1 undetected,output,,N38562,N38562,1,undetected,N38562,N38562,N38562,sa1,1
2697,N38561 /1 undetected,output,,N38561,N38561,1,undetected,N38561,N38561,N38561,sa1,1
2698,N38559 /1 undetected,output,,N38559,N38559,1,undetected,N38559,N38559,N38559,sa1,1
2699,N38558 /1 undetected,output,,N38558,N38558,1,undetected,N38558,N38558,N38558,sa1,1
2700,N38556 /1 undetected,output,,N38556,N38556,1,undetected,N38556,N38556,N38556,sa1,1
2701,N38555 /1 undetected,output,,N38555,N38555,1,undetected,N38555,N38555,N38555,sa1,1
2702,N8674 /1 undetected,output,,N8674,N8674,1,undetected,N8674,N8674,N8674,sa1,1
2703,N38553 /1 undetected,output,,N38553,N38553,1,undetected,N38553,N38553,N38553,sa1,1
2704,N38552 /1 undetected,output,,N38552,N38552,1,undetected,N38552,N38552,N38552,sa1,1
2705,N38550 /1 undetected,output,,N38550,N38550,1,undetected,N38550,N38550,N38550,sa1,1
2706,N38549 /1 undetected,output,,N38549,N38549,1,undetected,N38549,N38549,N38549,sa1,1
2707,N8673 /1 undetected,output,,N8673,N8673,1,undetected,N8673,N8673,N8673,sa1,1
2708,N38547 /1 undetected,output,,N38547,N38547,1,undetected,N38547,N38547,N38547,sa1,1
2709,N38546 /1 undetected,output,,N38546,N38546,1,undetected,N38546,N38546,N38546,sa1,1
2710,N38544 /1 undetected,output,,N38544,N38544,1,undetected,N38544,N38544,N38544,sa1,1
2711,N38543 /1 undetected,output,,N38543,N38543,1,undetected,N38543,N38543,N38543,sa1,1
2712,N38541 /1 undetected,output,,N38541,N38541,1,undetected,N38541,N38541,N38541,sa1,1
2713,N38540 /1 undetected,output,,N38540,N38540,1,undetected,N38540,N38540,N38540,sa1,1
2714,N8672 /1 undetected,output,,N8672,N8672,1,undetected,N8672,N8672,N8672,sa1,1
2715,N22446 /1 undetected,output,,N22446,N22446,1,undetected,N22446,N22446,N22446,sa1,1
2716,N22445 /1 undetected,output,,N22445,N22445,1,undetected,N22445,N22445,N22445,sa1,1
2717,N8671 /1 undetected,output,,N8671,N8671,1,undetected,N8671,N8671,N8671,sa1,1
2718,N38538 /1 undetected,output,,N38538,N38538,1,undetected,N38538,N38538,N38538,sa1,1
2719,N38537 /1 undetected,output,,N38537,N38537,1,undetected,N38537,N38537,N38537,sa1,1
2720,N38535 /1 undetected,output,,N38535,N38535,1,undetected,N38535,N38535,N38535,sa1,1
2721,N38534 /1 undetected,output,,N38534,N38534,1,undetected,N38534,N38534,N38534,sa1,1
2722,N8670 /1 undetected,output,,N8670,N8670,1,undetected,N8670,N8670,N8670,sa1,1
2723,N38532 /1 undetected,output,,N38532,N38532,1,undetected,N38532,N38532,N38532,sa1,1
2724,N38531 /1 undetected,output,,N38531,N38531,1,undetected,N38531,N38531,N38531,sa1,1
2725,N38529 /1 undetected,output,,N38529,N38529,1,undetected,N38529,N38529,N38529,sa1,1
2726,N38528 /1 undetected,output,,N38528,N38528,1,undetected,N38528,N38528,N38528,sa1,1
2727,N38526 /1 undetected,output,,N38526,N38526,1,undetected,N38526,N38526,N38526,sa1,1
2728,N38525 /1 undetected,output,,N38525,N38525,1,undetected,N38525,N38525,N38525,sa1,1
2729,N8669 /1 undetected,output,,N8669,N8669,1,undetected,N8669,N8669,N8669,sa1,1
2730,N38523 /1 undetected,output,,N38523,N38523,1,undetected,N38523,N38523,N38523,sa1,1
2731,N38522 /1 undetected,output,,N38522,N38522,1,undetected,N38522,N38522,N38522,sa1,1
2732,N38520 /1 undetected,output,,N38520,N38520,1,undetected,N38520,N38520,N38520,sa1,1
2733,N38519 /1 undetected,output,,N38519,N38519,1,undetected,N38519,N38519,N38519,sa1,1
2734,N38517 /1 undetected,output,,N38517,N38517,1,undetected,N38517,N38517,N38517,sa1,1
2735,N38516 /1 undetected,output,,N38516,N38516,1,undetected,N38516,N38516,N38516,sa1,1
2736,N8668 /1 undetected,output,,N8668,N8668,1,undetected,N8668,N8668,N8668,sa1,1
2737,N38514 /1 undetected,output,,N38514,N38514,1,undetected,N38514,N38514,N38514,sa1,1
2738,N38513 /1 undetected,output,,N38513,N38513,1,undetected,N38513,N38513,N38513,sa1,1
2739,N38511 /1 undetected,output,,N38511,N38511,1,undetected,N38511,N38511,N38511,sa1,1
2740,N38510 /1 undetected,output,,N38510,N38510,1,undetected,N38510,N38510,N38510,sa1,1
2741,N38508 /1 undetected,output,,N38508,N38508,1,undetected,N38508,N38508,N38508,sa1,1
2742,N38507 /1 undetected,output,,N38507,N38507,1,undetected,N38507,N38507,N38507,sa1,1
2743,N8778 /1 undetected,output,,N8778,N8778,1,undetected,N8778,N8778,N8778,sa1,1
2744,N22528 /1 undetected,output,,N22528,N22528,1,undetected,N22528,N22528,N22528,sa1,1
2745,N22527 /1 undetected,output,,N22527,N22527,1,undetected,N22527,N22527,N22527,sa1,1
2746,N8706 /1 undetected,output,,N8706,N8706,1,undetected,N8706,N8706,N8706,sa1,1
2747,N38742 /1 undetected,output,,N38742,N38742,1,undetected,N38742,N38742,N38742,sa1,1
2748,N38741 /1 undetected,output,,N38741,N38741,1,undetected,N38741,N38741,N38741,sa1,1
2749,N38739 /1 undetected,output,,N38739,N38739,1,undetected,N38739,N38739,N38739,sa1,1
2750,N38738 /1 undetected,output,,N38738,N38738,1,undetected,N38738,N38738,N38738,sa1,1
2751,N8705 /1 undetected,output,,N8705,N8705,1,undetected,N8705,N8705,N8705,sa1,1
2752,N38736 /1 undetected,output,,N38736,N38736,1,undetected,N38736,N38736,N38736,sa1,1
2753,N38735 /1 undetected,output,,N38735,N38735,1,undetected,N38735,N38735,N38735,sa1,1
2754,N38733 /1 undetected,output,,N38733,N38733,1,undetected,N38733,N38733,N38733,sa1,1
2755,N38732 /1 undetected,output,,N38732,N38732,1,undetected,N38732,N38732,N38732,sa1,1
2756,N8704 /1 undetected,output,,N8704,N8704,1,undetected,N8704,N8704,N8704,sa1,1
2757,N38730 /1 undetected,output,,N38730,N38730,1,undetected,N38730,N38730,N38730,sa1,1
2758,N38729 /1 undetected,output,,N38729,N38729,1,undetected,N38729,N38729,N38729,sa1,1
2759,N38727 /1 undetected,output,,N38727,N38727,1,undetected,N38727,N38727,N38727,sa1,1
2760,N38726 /1 undetected,output,,N38726,N38726,1,undetected,N38726,N38726,N38726,sa1,1
2761,N8703 /1 undetected,output,,N8703,N8703,1,undetected,N8703,N8703,N8703,sa1,1
2762,N38724 /1 undetected,output,,N38724,N38724,1,undetected,N38724,N38724,N38724,sa1,1
2763,N38723 /1 undetected,output,,N38723,N38723,1,undetected,N38723,N38723,N38723,sa1,1
2764,N38721 /1 undetected,output,,N38721,N38721,1,undetected,N38721,N38721,N38721,sa1,1
2765,N38720 /1 undetected,output,,N38720,N38720,1,undetected,N38720,N38720,N38720,sa1,1
2766,N38718 /1 undetected,output,,N38718,N38718,1,undetected,N38718,N38718,N38718,sa1,1
2767,N38717 /1 undetected,output,,N38717,N38717,1,undetected,N38717,N38717,N38717,sa1,1
2768,N22517 /1 undetected,output,,N22517,N22517,1,undetected,N22517,N22517,N22517,sa1,1
2769,N22516 /1 undetected,output,,N22516,N22516,1,undetected,N22516,N22516,N22516,sa1,1
2770,N8701 /1 undetected,output,,N8701,N8701,1,undetected,N8701,N8701,N8701,sa1,1
2771,N38715 /1 undetected,output,,N38715,N38715,1,undetected,N38715,N38715,N38715,sa1,1
2772,N38714 /1 undetected,output,,N38714,N38714,1,undetected,N38714,N38714,N38714,sa1,1
2773,N38712 /1 undetected,output,,N38712,N38712,1,undetected,N38712,N38712,N38712,sa1,1
2774,N38711 /1 undetected,output,,N38711,N38711,1,undetected,N38711,N38711,N38711,sa1,1
2775,N8700 /1 undetected,output,,N8700,N8700,1,undetected,N8700,N8700,N8700,sa1,1
2776,N38709 /1 undetected,output,,N38709,N38709,1,undetected,N38709,N38709,N38709,sa1,1
2777,N38708 /1 undetected,output,,N38708,N38708,1,undetected,N38708,N38708,N38708,sa1,1
2778,N38706 /1 undetected,output,,N38706,N38706,1,undetected,N38706,N38706,N38706,sa1,1
2779,N38705 /1 undetected,output,,N38705,N38705,1,undetected,N38705,N38705,N38705,sa1,1
2780,N38703 /1 undetected,output,,N38703,N38703,1,undetected,N38703,N38703,N38703,sa1,1
2781,N38702 /1 undetected,output,,N38702,N38702,1,undetected,N38702,N38702,N38702,sa1,1
2782,N8699 /1 undetected,output,,N8699,N8699,1,undetected,N8699,N8699,N8699,sa1,1
2783,N38700 /1 undetected,output,,N38700,N38700,1,undetected,N38700,N38700,N38700,sa1,1
2784,N38699 /1 undetected,output,,N38699,N38699,1,undetected,N38699,N38699,N38699,sa1,1
2785,N38697 /1 undetected,output,,N38697,N38697,1,undetected,N38697,N38697,N38697,sa1,1
2786,N38696 /1 undetected,output,,N38696,N38696,1,undetected,N38696,N38696,N38696,sa1,1
2787,N8698 /1 undetected,output,,N8698,N8698,1,undetected,N8698,N8698,N8698,sa1,1
2788,N38694 /1 undetected,output,,N38694,N38694,1,undetected,N38694,N38694,N38694,sa1,1
2789,N38693 /1 undetected,output,,N38693,N38693,1,undetected,N38693,N38693,N38693,sa1,1
2790,N38691 /1 undetected,output,,N38691,N38691,1,undetected,N38691,N38691,N38691,sa1,1
2791,N38690 /1 undetected,output,,N38690,N38690,1,undetected,N38690,N38690,N38690,sa1,1
2792,N38688 /1 undetected,output,,N38688,N38688,1,undetected,N38688,N38688,N38688,sa1,1
2793,N38687 /1 undetected,output,,N38687,N38687,1,undetected,N38687,N38687,N38687,sa1,1
2794,N8645 /1 undetected,output,,N8645,N8645,1,undetected,N8645,N8645,N8645,sa1,1
2795,N38934 /1 undetected,output,,N38934,N38934,1,undetected,N38934,N38934,N38934,sa1,1
2796,N38933 /1 undetected,output,,N38933,N38933,1,undetected,N38933,N38933,N38933,sa1,1
2797,N38931 /1 undetected,output,,N38931,N38931,1,undetected,N38931,N38931,N38931,sa1,1
2798,N38930 /1 undetected,output,,N38930,N38930,1,undetected,N38930,N38930,N38930,sa1,1
2799,N38928 /1 undetected,output,,N38928,N38928,1,undetected,N38928,N38928,N38928,sa1,1
2800,N38927 /1 undetected,output,,N38927,N38927,1,undetected,N38927,N38927,N38927,sa1,1
2801,N38925 /1 undetected,output,,N38925,N38925,1,undetected,N38925,N38925,N38925,sa1,1
2802,N38921 /1 undetected,output,,N38921,N38921,1,undetected,N38921,N38921,N38921,sa1,1
2803,N38919 /1 undetected,output,,N38919,N38919,1,undetected,N38919,N38919,N38919,sa1,1
2804,N38918 /1 undetected,output,,N38918,N38918,1,undetected,N38918,N38918,N38918,sa1,1
2805,N38916 /1 undetected,output,,N38916,N38916,1,undetected,N38916,N38916,N38916,sa1,1
2806,N38913 /1 undetected,output,,N38913,N38913,1,undetected,N38913,N38913,N38913,sa1,1
2807,N38910 /1 undetected,output,,N38910,N38910,1,undetected,N38910,N38910,N38910,sa1,1
2808,N38907 /1 undetected,output,,N38907,N38907,1,undetected,N38907,N38907,N38907,sa1,1
2809,N38904 /1 undetected,output,,N38904,N38904,1,undetected,N38904,N38904,N38904,sa1,1
2810,N38901 /1 undetected,output,,N38901,N38901,1,undetected,N38901,N38901,N38901,sa1,1
2811,N8644 /1 undetected,output,,N8644,N8644,1,undetected,N8644,N8644,N8644,sa1,1
2812,N22433 /1 undetected,output,,N22433,N22433,1,undetected,N22433,N22433,N22433,sa1,1
2813,N22432 /1 undetected,output,,N22432,N22432,1,undetected,N22432,N22432,N22432,sa1,1
2814,N8666 /1 undetected,output,,N8666,N8666,1,undetected,N8666,N8666,N8666,sa1,1
2815,N38505 /1 undetected,output,,N38505,N38505,1,undetected,N38505,N38505,N38505,sa1,1
2816,N38504 /1 undetected,output,,N38504,N38504,1,undetected,N38504,N38504,N38504,sa1,1
2817,N38502 /1 undetected,output,,N38502,N38502,1,undetected,N38502,N38502,N38502,sa1,1
2818,N38501 /1 undetected,output,,N38501,N38501,1,undetected,N38501,N38501,N38501,sa1,1
2819,N8665 /1 undetected,output,,N8665,N8665,1,undetected,N8665,N8665,N8665,sa1,1
2820,N38499 /1 undetected,output,,N38499,N38499,1,undetected,N38499,N38499,N38499,sa1,1
2821,N38498 /1 undetected,output,,N38498,N38498,1,undetected,N38498,N38498,N38498,sa1,1
2822,N38496 /1 undetected,output,,N38496,N38496,1,undetected,N38496,N38496,N38496,sa1,1
2823,N38495 /1 undetected,output,,N38495,N38495,1,undetected,N38495,N38495,N38495,sa1,1
2824,N38493 /1 undetected,output,,N38493,N38493,1,undetected,N38493,N38493,N38493,sa1,1
2825,N38492 /1 undetected,output,,N38492,N38492,1,undetected,N38492,N38492,N38492,sa1,1
2826,N8664 /1 undetected,output,,N8664,N8664,1,undetected,N8664,N8664,N8664,sa1,1
2827,N38490 /1 undetected,output,,N38490,N38490,1,undetected,N38490,N38490,N38490,sa1,1
2828,N38489 /1 undetected,output,,N38489,N38489,1,undetected,N38489,N38489,N38489,sa1,1
2829,N38487 /1 undetected,output,,N38487,N38487,1,undetected,N38487,N38487,N38487,sa1,1
2830,N38486 /1 undetected,output,,N38486,N38486,1,undetected,N38486,N38486,N38486,sa1,1
2831,N38484 /1 undetected,output,,N38484,N38484,1,undetected,N38484,N38484,N38484,sa1,1
2832,N38483 /1 undetected,output,,N38483,N38483,1,undetected,N38483,N38483,N38483,sa1,1
2833,N8663 /1 undetected,output,,N8663,N8663,1,undetected,N8663,N8663,N8663,sa1,1
2834,N38481 /1 undetected,output,,N38481,N38481,1,undetected,N38481,N38481,N38481,sa1,1
2835,N38480 /1 undetected,output,,N38480,N38480,1,undetected,N38480,N38480,N38480,sa1,1
2836,N38478 /1 undetected,output,,N38478,N38478,1,undetected,N38478,N38478,N38478,sa1,1
2837,N38477 /1 undetected,output,,N38477,N38477,1,undetected,N38477,N38477,N38477,sa1,1
2838,N38475 /1 undetected,output,,N38475,N38475,1,undetected,N38475,N38475,N38475,sa1,1
2839,N38474 /1 undetected,output,,N38474,N38474,1,undetected,N38474,N38474,N38474,sa1,1
2840,N8662 /1 undetected,output,,N8662,N8662,1,undetected,N8662,N8662,N8662,sa1,1
2841,N22420 /1 undetected,output,,N22420,N22420,1,undetected,N22420,N22420,N22420,sa1,1
2842,N22419 /1 undetected,output,,N22419,N22419,1,undetected,N22419,N22419,N22419,sa1,1
2843,N8661 /1 undetected,output,,N8661,N8661,1,undetected,N8661,N8661,N8661,sa1,1
2844,N38472 /1 undetected,output,,N38472,N38472,1,undetected,N38472,N38472,N38472,sa1,1
2845,N38471 /1 undetected,output,,N38471,N38471,1,undetected,N38471,N38471,N38471,sa1,1
2846,N38469 /1 undetected,output,,N38469,N38469,1,undetected,N38469,N38469,N38469,sa1,1
2847,N38468 /1 undetected,output,,N38468,N38468,1,undetected,N38468,N38468,N38468,sa1,1
2848,N8660 /1 undetected,output,,N8660,N8660,1,undetected,N8660,N8660,N8660,sa1,1
2849,N38466 /1 undetected,output,,N38466,N38466,1,undetected,N38466,N38466,N38466,sa1,1
2850,N38465 /1 undetected,output,,N38465,N38465,1,undetected,N38465,N38465,N38465,sa1,1
2851,N38463 /1 undetected,output,,N38463,N38463,1,undetected,N38463,N38463,N38463,sa1,1
2852,N38462 /1 undetected,output,,N38462,N38462,1,undetected,N38462,N38462,N38462,sa1,1
2853,N38460 /1 undetected,output,,N38460,N38460,1,undetected,N38460,N38460,N38460,sa1,1
2854,N38459 /1 undetected,output,,N38459,N38459,1,undetected,N38459,N38459,N38459,sa1,1
2855,N8659 /1 undetected,output,,N8659,N8659,1,undetected,N8659,N8659,N8659,sa1,1
2856,N38457 /1 undetected,output,,N38457,N38457,1,undetected,N38457,N38457,N38457,sa1,1
2857,N38456 /1 undetected,output,,N38456,N38456,1,undetected,N38456,N38456,N38456,sa1,1
2858,N38454 /1 undetected,output,,N38454,N38454,1,undetected,N38454,N38454,N38454,sa1,1
2859,N38453 /1 undetected,output,,N38453,N38453,1,undetected,N38453,N38453,N38453,sa1,1
2860,N38451 /1 undetected,output,,N38451,N38451,1,undetected,N38451,N38451,N38451,sa1,1
2861,N38450 /1 undetected,output,,N38450,N38450,1,undetected,N38450,N38450,N38450,sa1,1
2862,N8658 /1 undetected,output,,N8658,N8658,1,undetected,N8658,N8658,N8658,sa1,1
2863,N38448 /1 undetected,output,,N38448,N38448,1,undetected,N38448,N38448,N38448,sa1,1
2864,N38447 /1 undetected,output,,N38447,N38447,1,undetected,N38447,N38447,N38447,sa1,1
2865,N38445 /1 undetected,output,,N38445,N38445,1,undetected,N38445,N38445,N38445,sa1,1
2866,N38444 /1 undetected,output,,N38444,N38444,1,undetected,N38444,N38444,N38444,sa1,1
2867,N38442 /1 undetected,output,,N38442,N38442,1,undetected,N38442,N38442,N38442,sa1,1
2868,N38441 /1 undetected,output,,N38441,N38441,1,undetected,N38441,N38441,N38441,sa1,1
2869,N14729 /0 undetected,output,,N14729,N14729,0,undetected,N14729,N14729,N14729,sa0,1
2870,N14775 /1 undetected,output,,N14775,N14775,1,undetected,N14775,N14775,N14775,sa1,1
2871,N39210 /1 undetected,output,,N39210,N39210,1,undetected,N39210,N39210,N39210,sa1,1
2872,N39209 /1 undetected,output,,N39209,N39209,1,undetected,N39209,N39209,N39209,sa1,1
2873,N39207 /1 undetected,output,,N39207,N39207,1,undetected,N39207,N39207,N39207,sa1,1
2874,N39206 /1 undetected,output,,N39206,N39206,1,undetected,N39206,N39206,N39206,sa1,1
2875,N39204 /1 undetected,output,,N39204,N39204,1,undetected,N39204,N39204,N39204,sa1,1
2876,N39203 /1 undetected,output,,N39203,N39203,1,undetected,N39203,N39203,N39203,sa1,1
2877,N39201 /1 undetected,output,,N39201,N39201,1,undetected,N39201,N39201,N39201,sa1,1
2878,N39198 /1 undetected,output,,N39198,N39198,1,undetected,N39198,N39198,N39198,sa1,1
2879,N14773 /1 undetected,output,,N14773,N14773,1,undetected,N14773,N14773,N14773,sa1,1
2880,N39192 /1 undetected,output,,N39192,N39192,1,undetected,N39192,N39192,N39192,sa1,1
2881,N39191 /1 undetected,output,,N39191,N39191,1,undetected,N39191,N39191,N39191,sa1,1
2882,N39189 /1 undetected,output,,N39189,N39189,1,undetected,N39189,N39189,N39189,sa1,1
2883,N39188 /1 undetected,output,,N39188,N39188,1,undetected,N39188,N39188,N39188,sa1,1
2884,N39186 /1 undetected,output,,N39186,N39186,1,undetected,N39186,N39186,N39186,sa1,1
2885,N39185 /1 undetected,output,,N39185,N39185,1,undetected,N39185,N39185,N39185,sa1,1
2886,N39183 /1 undetected,output,,N39183,N39183,1,undetected,N39183,N39183,N39183,sa1,1
2887,N39180 /1 undetected,output,,N39180,N39180,1,undetected,N39180,N39180,N39180,sa1,1
2888,N39177 /1 undetected,output,,N39177,N39177,1,undetected,N39177,N39177,N39177,sa1,1
2889,N39176 /1 undetected,output,,N39176,N39176,1,undetected,N39176,N39176,N39176,sa1,1
2890,N39174 /1 undetected,output,,N39174,N39174,1,undetected,N39174,N39174,N39174,sa1,1
2891,N39173 /1 undetected,output,,N39173,N39173,1,undetected,N39173,N39173,N39173,sa1,1
2892,N8780 /1 undetected,output,,N8780,N8780,1,undetected,N8780,N8780,N8780,sa1,1
2893,N22570 /1 undetected,output,,N22570,N22570,1,undetected,N22570,N22570,N22570,sa1,1
2894,N8726 /1 undetected,output,,N8726,N8726,1,undetected,N8726,N8726,N8726,sa1,1
2895,N38847 /1 undetected,output,,N38847,N38847,1,undetected,N38847,N38847,N38847,sa1,1
2896,N38846 /1 undetected,output,,N38846,N38846,1,undetected,N38846,N38846,N38846,sa1,1
2897,N38844 /1 undetected,output,,N38844,N38844,1,undetected,N38844,N38844,N38844,sa1,1
2898,N38843 /1 undetected,output,,N38843,N38843,1,undetected,N38843,N38843,N38843,sa1,1
2899,N8725 /1 undetected,output,,N8725,N8725,1,undetected,N8725,N8725,N8725,sa1,1
2900,N38841 /1 undetected,output,,N38841,N38841,1,undetected,N38841,N38841,N38841,sa1,1
2901,N38840 /1 undetected,output,,N38840,N38840,1,undetected,N38840,N38840,N38840,sa1,1
2902,N38838 /1 undetected,output,,N38838,N38838,1,undetected,N38838,N38838,N38838,sa1,1
2903,N38837 /1 undetected,output,,N38837,N38837,1,undetected,N38837,N38837,N38837,sa1,1
2904,N8724 /1 undetected,output,,N8724,N8724,1,undetected,N8724,N8724,N8724,sa1,1
2905,N38835 /1 undetected,output,,N38835,N38835,1,undetected,N38835,N38835,N38835,sa1,1
2906,N38834 /1 undetected,output,,N38834,N38834,1,undetected,N38834,N38834,N38834,sa1,1
2907,N38832 /1 undetected,output,,N38832,N38832,1,undetected,N38832,N38832,N38832,sa1,1
2908,N38831 /1 undetected,output,,N38831,N38831,1,undetected,N38831,N38831,N38831,sa1,1
2909,N8723 /1 undetected,output,,N8723,N8723,1,undetected,N8723,N8723,N8723,sa1,1
2910,N38829 /1 undetected,output,,N38829,N38829,1,undetected,N38829,N38829,N38829,sa1,1
2911,N38828 /1 undetected,output,,N38828,N38828,1,undetected,N38828,N38828,N38828,sa1,1
2912,N38826 /1 undetected,output,,N38826,N38826,1,undetected,N38826,N38826,N38826,sa1,1
2913,N38825 /1 undetected,output,,N38825,N38825,1,undetected,N38825,N38825,N38825,sa1,1
2914,N22560 /1 undetected,output,,N22560,N22560,1,undetected,N22560,N22560,N22560,sa1,1
2915,N8721 /1 undetected,output,,N8721,N8721,1,undetected,N8721,N8721,N8721,sa1,1
2916,N38823 /1 undetected,output,,N38823,N38823,1,undetected,N38823,N38823,N38823,sa1,1
2917,N38822 /1 undetected,output,,N38822,N38822,1,undetected,N38822,N38822,N38822,sa1,1
2918,N38820 /1 undetected,output,,N38820,N38820,1,undetected,N38820,N38820,N38820,sa1,1
2919,N38819 /1 undetected,output,,N38819,N38819,1,undetected,N38819,N38819,N38819,sa1,1
2920,N8720 /1 undetected,output,,N8720,N8720,1,undetected,N8720,N8720,N8720,sa1,1
2921,N38817 /1 undetected,output,,N38817,N38817,1,undetected,N38817,N38817,N38817,sa1,1
2922,N38816 /1 undetected,output,,N38816,N38816,1,undetected,N38816,N38816,N38816,sa1,1
2923,N38814 /1 undetected,output,,N38814,N38814,1,undetected,N38814,N38814,N38814,sa1,1
2924,N38813 /1 undetected,output,,N38813,N38813,1,undetected,N38813,N38813,N38813,sa1,1
2925,N8719 /1 undetected,output,,N8719,N8719,1,undetected,N8719,N8719,N8719,sa1,1
2926,N38811 /1 undetected,output,,N38811,N38811,1,undetected,N38811,N38811,N38811,sa1,1
2927,N38810 /1 undetected,output,,N38810,N38810,1,undetected,N38810,N38810,N38810,sa1,1
2928,N38808 /1 undetected,output,,N38808,N38808,1,undetected,N38808,N38808,N38808,sa1,1
2929,N38807 /1 undetected,output,,N38807,N38807,1,undetected,N38807,N38807,N38807,sa1,1
2930,N8718 /1 undetected,output,,N8718,N8718,1,undetected,N8718,N8718,N8718,sa1,1
2931,N38805 /1 undetected,output,,N38805,N38805,1,undetected,N38805,N38805,N38805,sa1,1
2932,N38804 /1 undetected,output,,N38804,N38804,1,undetected,N38804,N38804,N38804,sa1,1
2933,N38802 /1 undetected,output,,N38802,N38802,1,undetected,N38802,N38802,N38802,sa1,1
2934,N38801 /1 undetected,output,,N38801,N38801,1,undetected,N38801,N38801,N38801,sa1,1
2935,N38799 /1 undetected,output,,N38799,N38799,1,undetected,N38799,N38799,N38799,sa1,1
2936,N38798 /1 undetected,output,,N38798,N38798,1,undetected,N38798,N38798,N38798,sa1,1
2937,N8812 /1 undetected,output,,N8812,N8812,1,undetected,N8812,N8812,N8812,sa1,1
2938,N8736 /1 undetected,output,,N8736,N8736,1,undetected,N8736,N8736,N8736,sa1,1
2939,N38895 /1 undetected,output,,N38895,N38895,1,undetected,N38895,N38895,N38895,sa1,1
2940,N38894 /1 undetected,output,,N38894,N38894,1,undetected,N38894,N38894,N38894,sa1,1
2941,N38892 /1 undetected,output,,N38892,N38892,1,undetected,N38892,N38892,N38892,sa1,1
2942,N38891 /1 undetected,output,,N38891,N38891,1,undetected,N38891,N38891,N38891,sa1,1
2943,N8735 /1 undetected,output,,N8735,N8735,1,undetected,N8735,N8735,N8735,sa1,1
2944,N38889 /1 undetected,output,,N38889,N38889,1,undetected,N38889,N38889,N38889,sa1,1
2945,N38888 /1 undetected,output,,N38888,N38888,1,undetected,N38888,N38888,N38888,sa1,1
2946,N38886 /1 undetected,output,,N38886,N38886,1,undetected,N38886,N38886,N38886,sa1,1
2947,N38885 /1 undetected,output,,N38885,N38885,1,undetected,N38885,N38885,N38885,sa1,1
2948,N8734 /1 undetected,output,,N8734,N8734,1,undetected,N8734,N8734,N8734,sa1,1
2949,N38883 /1 undetected,output,,N38883,N38883,1,undetected,N38883,N38883,N38883,sa1,1
2950,N38882 /1 undetected,output,,N38882,N38882,1,undetected,N38882,N38882,N38882,sa1,1
2951,N38880 /1 undetected,output,,N38880,N38880,1,undetected,N38880,N38880,N38880,sa1,1
2952,N38879 /1 undetected,output,,N38879,N38879,1,undetected,N38879,N38879,N38879,sa1,1
2953,N8733 /1 undetected,output,,N8733,N8733,1,undetected,N8733,N8733,N8733,sa1,1
2954,N38877 /1 undetected,output,,N38877,N38877,1,undetected,N38877,N38877,N38877,sa1,1
2955,N38876 /1 undetected,output,,N38876,N38876,1,undetected,N38876,N38876,N38876,sa1,1
2956,N38874 /1 undetected,output,,N38874,N38874,1,undetected,N38874,N38874,N38874,sa1,1
2957,N38873 /1 undetected,output,,N38873,N38873,1,undetected,N38873,N38873,N38873,sa1,1
2958,N22581 /1 undetected,output,,N22581,N22581,1,undetected,N22581,N22581,N22581,sa1,1
2959,N22580 /1 undetected,output,,N22580,N22580,1,undetected,N22580,N22580,N22580,sa1,1
2960,N8731 /1 undetected,output,,N8731,N8731,1,undetected,N8731,N8731,N8731,sa1,1
2961,N38871 /1 undetected,output,,N38871,N38871,1,undetected,N38871,N38871,N38871,sa1,1
2962,N38870 /1 undetected,output,,N38870,N38870,1,undetected,N38870,N38870,N38870,sa1,1
2963,N38868 /1 undetected,output,,N38868,N38868,1,undetected,N38868,N38868,N38868,sa1,1
2964,N38867 /1 undetected,output,,N38867,N38867,1,undetected,N38867,N38867,N38867,sa1,1
2965,N8730 /1 undetected,output,,N8730,N8730,1,undetected,N8730,N8730,N8730,sa1,1
2966,N38865 /1 undetected,output,,N38865,N38865,1,undetected,N38865,N38865,N38865,sa1,1
2967,N38864 /1 undetected,output,,N38864,N38864,1,undetected,N38864,N38864,N38864,sa1,1
2968,N38862 /1 undetected,output,,N38862,N38862,1,undetected,N38862,N38862,N38862,sa1,1
2969,N38861 /1 undetected,output,,N38861,N38861,1,undetected,N38861,N38861,N38861,sa1,1
2970,N8729 /1 undetected,output,,N8729,N8729,1,undetected,N8729,N8729,N8729,sa1,1
2971,N38859 /1 undetected,output,,N38859,N38859,1,undetected,N38859,N38859,N38859,sa1,1
2972,N38858 /1 undetected,output,,N38858,N38858,1,undetected,N38858,N38858,N38858,sa1,1
2973,N38856 /1 undetected,output,,N38856,N38856,1,undetected,N38856,N38856,N38856,sa1,1
2974,N38855 /1 undetected,output,,N38855,N38855,1,undetected,N38855,N38855,N38855,sa1,1
2975,N8728 /1 undetected,output,,N8728,N8728,1,undetected,N8728,N8728,N8728,sa1,1
2976,N38853 /1 undetected,output,,N38853,N38853,1,undetected,N38853,N38853,N38853,sa1,1
2977,N38852 /1 undetected,output,,N38852,N38852,1,undetected,N38852,N38852,N38852,sa1,1
2978,N38850 /1 undetected,output,,N38850,N38850,1,undetected,N38850,N38850,N38850,sa1,1
2979,N38849 /1 undetected,output,,N38849,N38849,1,undetected,N38849,N38849,N38849,sa1,1
2980,N14726 /1 undetected,output,,N14726,N14726,1,undetected,N14726,N14726,N14726,sa1,1
2981,N14726 /0 undetected,output,,N14726,N14726,0,undetected,N14726,N14726,N14726,sa0,1
2982,N14777 /1 undetected,output,,N14777,N14777,1,undetected,N14777,N14777,N14777,sa1,1
2983,N39228 /1 undetected,output,,N39228,N39228,1,undetected,N39228,N39228,N39228,sa1,1
2984,N39227 /1 undetected,output,,N39227,N39227,1,undetected,N39227,N39227,N39227,sa1,1
2985,N39225 /1 undetected,output,,N39225,N39225,1,undetected,N39225,N39225,N39225,sa1,1
2986,N39224 /1 undetected,output,,N39224,N39224,1,undetected,N39224,N39224,N39224,sa1,1
2987,N39222 /1 undetected,output,,N39222,N39222,1,undetected,N39222,N39222,N39222,sa1,1
2988,N39221 /1 undetected,output,,N39221,N39221,1,undetected,N39221,N39221,N39221,sa1,1
2989,N14776 /1 undetected,output,,N14776,N14776,1,undetected,N14776,N14776,N14776,sa1,1
2990,N39219 /1 undetected,output,,N39219,N39219,1,undetected,N39219,N39219,N39219,sa1,1
2991,N39218 /1 undetected,output,,N39218,N39218,1,undetected,N39218,N39218,N39218,sa1,1
2992,N39216 /1 undetected,output,,N39216,N39216,1,undetected,N39216,N39216,N39216,sa1,1
2993,N39215 /1 undetected,output,,N39215,N39215,1,undetected,N39215,N39215,N39215,sa1,1
2994,N39213 /1 undetected,output,,N39213,N39213,1,undetected,N39213,N39213,N39213,sa1,1
2995,N39212 /1 undetected,output,,N39212,N39212,1,undetected,N39212,N39212,N39212,sa1,1
2996,N39144 /1 undetected,output,,N39144,N39144,1,undetected,N39144,N39144,N39144,sa1,1
2997,N14727 /1 undetected,output,,N14727,N14727,1,undetected,N14727,N14727,N14727,sa1,1
2998,N14727 /0 undetected,output,,N14727,N14727,0,undetected,N14727,N14727,N14727,sa0,1
2999,N39141 /1 undetected,output,,N39141,N39141,1,undetected,N39141,N39141,N39141,sa1,1
3000,N39140 /1 undetected,output,,N39140,N39140,1,undetected,N39140,N39140,N39140,sa1,1
3001,N39138 /1 undetected,output,,N39138,N39138,1,undetected,N39138,N39138,N39138,sa1,1
3002,N39137 /1 undetected,output,,N39137,N39137,1,undetected,N39137,N39137,N39137,sa1,1
3003,N41185 /1 undetected,output,,N41185,N41185,1,undetected,N41185,N41185,N41185,sa1,1
3004,N52838 /1 undetected,output,,N52838,N52838,1,undetected,N52838,N52838,N52838,sa1,1
3005,N40127 /1 undetected,output,,N40127,N40127,1,undetected,N40127,N40127,N40127,sa1,1
3006,N46745 /1 undetected,output,,N46745,N46745,1,undetected,N46745,N46745,N46745,sa1,1
3007,N14728 /1 undetected,output,,N14728,N14728,1,undetected,N14728,N14728,N14728,sa1,1
3008,N14728 /0 undetected,output,,N14728,N14728,0,undetected,N14728,N14728,N14728,sa0,1
3009,N34066 /1 undetected,output,,N34066,N34066,1,undetected,N34066,N34066,N34066,sa1,1
3010,N34065 /1 undetected,output,,N34065,N34065,1,undetected,N34065,N34065,N34065,sa1,1
3011,N14815 /1 undetected,output,,N14815,N14815,1,undetected,N14815,N14815,N14815,sa1,1
3012,N14815 /0 undetected,output,,N14815,N14815,0,undetected,N14815,N14815,N14815,sa0,1
3013,N14802 /1 undetected,output,,N14802,N14802,1,undetected,N14802,N14802,N14802,sa1,1
3014,N14802 /0 undetected,output,,N14802,N14802,0,undetected,N14802,N14802,N14802,sa0,1
3015,N14800 /1 undetected,output,,N14800,N14800,1,undetected,N14800,N14800,N14800,sa1,1
3016,N14800 /0 undetected,output,,N14800,N14800,0,undetected,N14800,N14800,N14800,sa0,1
3017,N14798 /1 undetected,output,,N14798,N14798,1,undetected,N14798,N14798,N14798,sa1,1
3018,N14798 /0 undetected,output,,N14798,N14798,0,undetected,N14798,N14798,N14798,sa0,1
3019,N8789 /1 undetected,output,,N8789,N8789,1,undetected,N8789,N8789,N8789,sa1,1
3020,N8787 /1 undetected,output,,N8787,N8787,1,undetected,N8787,N8787,N8787,sa1,1
3021,N8787 /0 undetected,output,,N8787,N8787,0,undetected,N8787,N8787,N8787,sa0,1
3022,N8775 /1 undetected,output,,N8775,N8775,1,undetected,N8775,N8775,N8775,sa1,1
3023,N8775 /0 undetected,output,,N8775,N8775,0,undetected,N8775,N8775,N8775,sa0,1
