line_no,raw,site_type,src_node,dst_node,node,sa_value,status,original_node,net,tmax_site,fault_type,is_hard
1,__tpi_op_51_N5877 /1 undetected,output,,__tpi_op_51_N5877,__tpi_op_51_N5877,1,undetected,__tpi_op_51_N5877,__tpi_op_51_N5877,__tpi_op_51_N5877,sa1,1
2,__tpi_op_47_N7614 /1 undetected,output,,__tpi_op_47_N7614,__tpi_op_47_N7614,1,undetected,__tpi_op_47_N7614,__tpi_op_47_N7614,__tpi_op_47_N7614,sa1,1
3,__tpi_op_34_N7627 /1 undetected,output,,__tpi_op_34_N7627,__tpi_op_34_N7627,1,undetected,__tpi_op_34_N7627,__tpi_op_34_N7627,__tpi_op_34_N7627,sa1,1
4,__tpi_op_9_N7516 /1 undetected,output,,__tpi_op_9_N7516,__tpi_op_9_N7516,1,undetected,__tpi_op_9_N7516,__tpi_op_9_N7516,__tpi_op_9_N7516,sa1,1
5,N5879 /1 undetected,output,,N5879,N5879,1,undetected,N5879,N5879,N5879,sa1,1
6,N13571 /1 undetected,output,,N13571,N13571,1,undetected,N13571,N13571,N13571,sa1,1
7,N13570 /1 undetected,output,,N13570,N13570,1,undetected,N13570,N13570,N13570,sa1,1
8,N23211 /1 undetected,output,,N23211,N23211,1,undetected,N23211,N23211,N23211,sa1,1
9,N5873->N14644 /1 undetected,input_edge,N5873,N14644,N14644,1,undetected,N14644,N14644,N14644,sa1,1
10,N23209 /1 undetected,output,,N23209,N23209,1,undetected,N23209,N23209,N23209,sa1,1
11,N1586 /0 undetected,output,,N1586,N1586,0,undetected,N1586,N1586,N1586,sa0,1
12,N18326 /1 undetected,output,,N18326,N18326,1,undetected,N18326,N18326,N18326,sa1,1
13,N18341 /1 undetected,output,,N18341,N18341,1,undetected,N18341,N18341,N18341,sa1,1
14,N3701 /1 undetected,output,,N3701,N3701,1,undetected,N3701,N3701,N3701,sa1,1
15,N27722 /1 undetected,output,,N27722,N27722,1,undetected,N27722,N27722,N27722,sa1,1
16,N18359 /1 undetected,output,,N18359,N18359,1,undetected,N18359,N18359,N18359,sa1,1
17,N3722 /1 undetected,output,,N3722,N3722,1,undetected,N3722,N3722,N3722,sa1,1
18,N8736 /1 undetected,output,,N8736,N8736,1,undetected,N8736,N8736,N8736,sa1,1
19,N8803 /1 undetected,output,,N8803,N8803,1,undetected,N8803,N8803,N8803,sa1,1
20,N27785 /1 undetected,output,,N27785,N27785,1,undetected,N27785,N27785,N27785,sa1,1
21,N8678 /1 undetected,output,,N8678,N8678,1,undetected,N8678,N8678,N8678,sa1,1
22,N8802 /1 undetected,output,,N8802,N8802,1,undetected,N8802,N8802,N8802,sa1,1
23,N27727 /1 undetected,output,,N27727,N27727,1,undetected,N27727,N27727,N27727,sa1,1
24,N18386 /1 undetected,output,,N18386,N18386,1,undetected,N18386,N18386,N18386,sa1,1
25,N8552 /1 undetected,output,,N8552,N8552,1,undetected,N8552,N8552,N8552,sa1,1
26,N27665 /1 undetected,output,,N27665,N27665,1,undetected,N27665,N27665,N27665,sa1,1
27,N8493 /1 undetected,output,,N8493,N8493,1,undetected,N8493,N8493,N8493,sa1,1
28,N27605 /1 undetected,output,,N27605,N27605,1,undetected,N27605,N27605,N27605,sa1,1
29,N18383 /1 undetected,output,,N18383,N18383,1,undetected,N18383,N18383,N18383,sa1,1
30,N3743 /1 undetected,output,,N3743,N3743,1,undetected,N3743,N3743,N3743,sa1,1
31,N8733 /1 undetected,output,,N8733,N8733,1,undetected,N8733,N8733,N8733,sa1,1
32,N8797 /1 undetected,output,,N8797,N8797,1,undetected,N8797,N8797,N8797,sa1,1
33,N27791 /1 undetected,output,,N27791,N27791,1,undetected,N27791,N27791,N27791,sa1,1
34,N8684 /1 undetected,output,,N8684,N8684,1,undetected,N8684,N8684,N8684,sa1,1
35,N8796 /1 undetected,output,,N8796,N8796,1,undetected,N8796,N8796,N8796,sa1,1
36,N27733 /1 undetected,output,,N27733,N27733,1,undetected,N27733,N27733,N27733,sa1,1
37,N18430 /1 undetected,output,,N18430,N18430,1,undetected,N18430,N18430,N18430,sa1,1
38,N8616 /1 undetected,output,,N8616,N8616,1,undetected,N8616,N8616,N8616,sa1,1
39,N8499 /1 undetected,output,,N8499,N8499,1,undetected,N8499,N8499,N8499,sa1,1
40,N27611 /1 undetected,output,,N27611,N27611,1,undetected,N27611,N27611,N27611,sa1,1
41,N3757 /1 undetected,output,,N3757,N3757,1,undetected,N3757,N3757,N3757,sa1,1
42,N8731 /1 undetected,output,,N8731,N8731,1,undetected,N8731,N8731,N8731,sa1,1
43,N8793 /1 undetected,output,,N8793,N8793,1,undetected,N8793,N8793,N8793,sa1,1
44,N27795 /1 undetected,output,,N27795,N27795,1,undetected,N27795,N27795,N27795,sa1,1
45,N8687 /1 undetected,output,,N8687,N8687,1,undetected,N8687,N8687,N8687,sa1,1
46,N8792 /1 undetected,output,,N8792,N8792,1,undetected,N8792,N8792,N8792,sa1,1
47,N27737 /1 undetected,output,,N27737,N27737,1,undetected,N27737,N27737,N27737,sa1,1
48,N18457 /1 undetected,output,,N18457,N18457,1,undetected,N18457,N18457,N18457,sa1,1
49,N8547 /1 undetected,output,,N8547,N8547,1,undetected,N8547,N8547,N8547,sa1,1
50,N8612 /1 undetected,output,,N8612,N8612,1,undetected,N8612,N8612,N8612,sa1,1
51,N27675 /1 undetected,output,,N27675,N27675,1,undetected,N27675,N27675,N27675,sa1,1
52,N8502 /1 undetected,output,,N8502,N8502,1,undetected,N8502,N8502,N8502,sa1,1
53,N27615 /1 undetected,output,,N27615,N27615,1,undetected,N27615,N27615,N27615,sa1,1
54,N18454 /1 undetected,output,,N18454,N18454,1,undetected,N18454,N18454,N18454,sa1,1
55,N8851 /1 undetected,output,,N8851,N8851,1,undetected,N8851,N8851,N8851,sa1,1
56,N8670 /1 undetected,output,,N8670,N8670,1,undetected,N8670,N8670,N8670,sa1,1
57,N8847 /1 undetected,output,,N8847,N8847,1,undetected,N8847,N8847,N8847,sa1,1
58,N5930 /1 undetected,output,,N5930,N5930,1,undetected,N5930,N5930,N5930,sa1,1
59,N25233 /1 undetected,output,,N25233,N25233,1,undetected,N25233,N25233,N25233,sa1,1
60,N3785 /1 undetected,output,,N3785,N3785,1,undetected,N3785,N3785,N3785,sa1,1
61,N8757 /1 undetected,output,,N8757,N8757,1,undetected,N8757,N8757,N8757,sa1,1
62,N8845 /1 undetected,output,,N8845,N8845,1,undetected,N8845,N8845,N8845,sa1,1
63,N27803 /1 undetected,output,,N27803,N27803,1,undetected,N27803,N27803,N27803,sa1,1
64,N8696 /1 undetected,output,,N8696,N8696,1,undetected,N8696,N8696,N8696,sa1,1
65,N8844 /1 undetected,output,,N8844,N8844,1,undetected,N8844,N8844,N8844,sa1,1
66,N27745 /1 undetected,output,,N27745,N27745,1,undetected,N27745,N27745,N27745,sa1,1
67,N18511 /1 undetected,output,,N18511,N18511,1,undetected,N18511,N18511,N18511,sa1,1
68,N8664 /1 undetected,output,,N8664,N8664,1,undetected,N8664,N8664,N8664,sa1,1
69,N8511 /1 undetected,output,,N8511,N8511,1,undetected,N8511,N8511,N8511,sa1,1
70,N27623 /1 undetected,output,,N27623,N27623,1,undetected,N27623,N27623,N27623,sa1,1
71,N25187 /1 undetected,output,,N25187,N25187,1,undetected,N25187,N25187,N25187,sa1,1
72,N6105 /1 undetected,output,,N6105,N6105,1,undetected,N6105,N6105,N6105,sa1,1
73,N5934 /1 undetected,output,,N5934,N5934,1,undetected,N5934,N5934,N5934,sa1,1
74,N3792 /1 undetected,output,,N3792,N3792,1,undetected,N3792,N3792,N3792,sa1,1
75,N8756 /1 undetected,output,,N8756,N8756,1,undetected,N8756,N8756,N8756,sa1,1
76,N8843 /1 undetected,output,,N8843,N8843,1,undetected,N8843,N8843,N8843,sa1,1
77,N27805 /1 undetected,output,,N27805,N27805,1,undetected,N27805,N27805,N27805,sa1,1
78,N8698 /1 undetected,output,,N8698,N8698,1,undetected,N8698,N8698,N8698,sa1,1
79,N8842 /1 undetected,output,,N8842,N8842,1,undetected,N8842,N8842,N8842,sa1,1
80,N27747 /1 undetected,output,,N27747,N27747,1,undetected,N27747,N27747,N27747,sa1,1
81,N18524 /1 undetected,output,,N18524,N18524,1,undetected,N18524,N18524,N18524,sa1,1
82,N8662 /1 undetected,output,,N8662,N8662,1,undetected,N8662,N8662,N8662,sa1,1
83,N8513 /1 undetected,output,,N8513,N8513,1,undetected,N8513,N8513,N8513,sa1,1
84,N27625 /1 undetected,output,,N27625,N27625,1,undetected,N27625,N27625,N27625,sa1,1
85,N6104 /1 undetected,output,,N6104,N6104,1,undetected,N6104,N6104,N6104,sa1,1
86,N5933 /1 undetected,output,,N5933,N5933,1,undetected,N5933,N5933,N5933,sa1,1
87,N25231 /1 undetected,output,,N25231,N25231,1,undetected,N25231,N25231,N25231,sa1,1
88,N3799 /1 undetected,output,,N3799,N3799,1,undetected,N3799,N3799,N3799,sa1,1
89,N8755 /1 undetected,output,,N8755,N8755,1,undetected,N8755,N8755,N8755,sa1,1
90,N8841 /1 undetected,output,,N8841,N8841,1,undetected,N8841,N8841,N8841,sa1,1
91,N27807 /1 undetected,output,,N27807,N27807,1,undetected,N27807,N27807,N27807,sa1,1
92,N8700 /1 undetected,output,,N8700,N8700,1,undetected,N8700,N8700,N8700,sa1,1
93,N8840 /1 undetected,output,,N8840,N8840,1,undetected,N8840,N8840,N8840,sa1,1
94,N27749 /1 undetected,output,,N27749,N27749,1,undetected,N27749,N27749,N27749,sa1,1
95,N18538 /1 undetected,output,,N18538,N18538,1,undetected,N18538,N18538,N18538,sa1,1
96,N8570 /1 undetected,output,,N8570,N8570,1,undetected,N8570,N8570,N8570,sa1,1
97,N8660 /1 undetected,output,,N8660,N8660,1,undetected,N8660,N8660,N8660,sa1,1
98,N27687 /1 undetected,output,,N27687,N27687,1,undetected,N27687,N27687,N27687,sa1,1
99,N8515 /1 undetected,output,,N8515,N8515,1,undetected,N8515,N8515,N8515,sa1,1
100,N27627 /1 undetected,output,,N27627,N27627,1,undetected,N27627,N27627,N27627,sa1,1
101,N18535 /1 undetected,output,,N18535,N18535,1,undetected,N18535,N18535,N18535,sa1,1
102,N25189 /1 undetected,output,,N25189,N25189,1,undetected,N25189,N25189,N25189,sa1,1
103,N6101 /1 undetected,output,,N6101,N6101,1,undetected,N6101,N6101,N6101,sa1,1
104,N5936 /1 undetected,output,,N5936,N5936,1,undetected,N5936,N5936,N5936,sa1,1
105,N3806 /1 undetected,output,,N3806,N3806,1,undetected,N3806,N3806,N3806,sa1,1
106,N8754 /1 undetected,output,,N8754,N8754,1,undetected,N8754,N8754,N8754,sa1,1
107,N8839 /1 undetected,output,,N8839,N8839,1,undetected,N8839,N8839,N8839,sa1,1
108,N27809 /1 undetected,output,,N27809,N27809,1,undetected,N27809,N27809,N27809,sa1,1
109,N8702 /1 undetected,output,,N8702,N8702,1,undetected,N8702,N8702,N8702,sa1,1
110,N8838 /1 undetected,output,,N8838,N8838,1,undetected,N8838,N8838,N8838,sa1,1
111,N27751 /1 undetected,output,,N27751,N27751,1,undetected,N27751,N27751,N27751,sa1,1
112,N18551 /1 undetected,output,,N18551,N18551,1,undetected,N18551,N18551,N18551,sa1,1
113,N8658 /1 undetected,output,,N8658,N8658,1,undetected,N8658,N8658,N8658,sa1,1
114,N8517 /1 undetected,output,,N8517,N8517,1,undetected,N8517,N8517,N8517,sa1,1
115,N27629 /1 undetected,output,,N27629,N27629,1,undetected,N27629,N27629,N27629,sa1,1
116,N6100 /1 undetected,output,,N6100,N6100,1,undetected,N6100,N6100,N6100,sa1,1
117,N5938 /1 undetected,output,,N5938,N5938,1,undetected,N5938,N5938,N5938,sa1,1
118,N25229 /1 undetected,output,,N25229,N25229,1,undetected,N25229,N25229,N25229,sa1,1
119,N3813 /1 undetected,output,,N3813,N3813,1,undetected,N3813,N3813,N3813,sa1,1
120,N8753 /1 undetected,output,,N8753,N8753,1,undetected,N8753,N8753,N8753,sa1,1
121,N8837 /1 undetected,output,,N8837,N8837,1,undetected,N8837,N8837,N8837,sa1,1
122,N27811 /1 undetected,output,,N27811,N27811,1,undetected,N27811,N27811,N27811,sa1,1
123,N8704 /1 undetected,output,,N8704,N8704,1,undetected,N8704,N8704,N8704,sa1,1
124,N8836 /1 undetected,output,,N8836,N8836,1,undetected,N8836,N8836,N8836,sa1,1
125,N27753 /1 undetected,output,,N27753,N27753,1,undetected,N27753,N27753,N27753,sa1,1
126,N18565 /1 undetected,output,,N18565,N18565,1,undetected,N18565,N18565,N18565,sa1,1
127,N8656 /1 undetected,output,,N8656,N8656,1,undetected,N8656,N8656,N8656,sa1,1
128,N8519 /1 undetected,output,,N8519,N8519,1,undetected,N8519,N8519,N8519,sa1,1
129,N27631 /1 undetected,output,,N27631,N27631,1,undetected,N27631,N27631,N27631,sa1,1
130,N25191 /1 undetected,output,,N25191,N25191,1,undetected,N25191,N25191,N25191,sa1,1
131,N6097 /1 undetected,output,,N6097,N6097,1,undetected,N6097,N6097,N6097,sa1,1
132,N5940 /1 undetected,output,,N5940,N5940,1,undetected,N5940,N5940,N5940,sa1,1
133,N3820 /1 undetected,output,,N3820,N3820,1,undetected,N3820,N3820,N3820,sa1,1
134,N8752 /1 undetected,output,,N8752,N8752,1,undetected,N8752,N8752,N8752,sa1,1
135,N8835 /1 undetected,output,,N8835,N8835,1,undetected,N8835,N8835,N8835,sa1,1
136,N27813 /1 undetected,output,,N27813,N27813,1,undetected,N27813,N27813,N27813,sa1,1
137,N8706 /1 undetected,output,,N8706,N8706,1,undetected,N8706,N8706,N8706,sa1,1
138,N8834 /1 undetected,output,,N8834,N8834,1,undetected,N8834,N8834,N8834,sa1,1
139,N27755 /1 undetected,output,,N27755,N27755,1,undetected,N27755,N27755,N27755,sa1,1
140,N18578 /1 undetected,output,,N18578,N18578,1,undetected,N18578,N18578,N18578,sa1,1
141,N8654 /1 undetected,output,,N8654,N8654,1,undetected,N8654,N8654,N8654,sa1,1
142,N8521 /1 undetected,output,,N8521,N8521,1,undetected,N8521,N8521,N8521,sa1,1
143,N27633 /1 undetected,output,,N27633,N27633,1,undetected,N27633,N27633,N27633,sa1,1
144,N6096 /1 undetected,output,,N6096,N6096,1,undetected,N6096,N6096,N6096,sa1,1
145,N5939 /1 undetected,output,,N5939,N5939,1,undetected,N5939,N5939,N5939,sa1,1
146,N25227 /1 undetected,output,,N25227,N25227,1,undetected,N25227,N25227,N25227,sa1,1
147,N3827 /1 undetected,output,,N3827,N3827,1,undetected,N3827,N3827,N3827,sa1,1
148,N8751 /1 undetected,output,,N8751,N8751,1,undetected,N8751,N8751,N8751,sa1,1
149,N8833 /1 undetected,output,,N8833,N8833,1,undetected,N8833,N8833,N8833,sa1,1
150,N27815 /1 undetected,output,,N27815,N27815,1,undetected,N27815,N27815,N27815,sa1,1
151,N8708 /1 undetected,output,,N8708,N8708,1,undetected,N8708,N8708,N8708,sa1,1
152,N8832 /1 undetected,output,,N8832,N8832,1,undetected,N8832,N8832,N8832,sa1,1
153,N27757 /1 undetected,output,,N27757,N27757,1,undetected,N27757,N27757,N27757,sa1,1
154,N18592 /1 undetected,output,,N18592,N18592,1,undetected,N18592,N18592,N18592,sa1,1
155,N8652 /1 undetected,output,,N8652,N8652,1,undetected,N8652,N8652,N8652,sa1,1
156,N8523 /1 undetected,output,,N8523,N8523,1,undetected,N8523,N8523,N8523,sa1,1
157,N27635 /1 undetected,output,,N27635,N27635,1,undetected,N27635,N27635,N27635,sa1,1
158,N25193 /1 undetected,output,,N25193,N25193,1,undetected,N25193,N25193,N25193,sa1,1
159,N6093 /1 undetected,output,,N6093,N6093,1,undetected,N6093,N6093,N6093,sa1,1
160,N5943 /1 undetected,output,,N5943,N5943,1,undetected,N5943,N5943,N5943,sa1,1
161,N8831 /1 undetected,output,,N8831,N8831,1,undetected,N8831,N8831,N8831,sa1,1
162,N8710 /1 undetected,output,,N8710,N8710,1,undetected,N8710,N8710,N8710,sa1,1
163,N27759 /1 undetected,output,,N27759,N27759,1,undetected,N27759,N27759,N27759,sa1,1
164,N8648 /1 undetected,output,,N8648,N8648,1,undetected,N8648,N8648,N8648,sa1,1
165,N8525 /1 undetected,output,,N8525,N8525,1,undetected,N8525,N8525,N8525,sa1,1
166,N27637 /1 undetected,output,,N27637,N27637,1,undetected,N27637,N27637,N27637,sa1,1
167,N6090 /1 undetected,output,,N6090,N6090,1,undetected,N6090,N6090,N6090,sa1,1
168,N5942 /1 undetected,output,,N5942,N5942,1,undetected,N5942,N5942,N5942,sa1,1
169,N25225 /1 undetected,output,,N25225,N25225,1,undetected,N25225,N25225,N25225,sa1,1
170,N8829 /1 undetected,output,,N8829,N8829,1,undetected,N8829,N8829,N8829,sa1,1
171,N8712 /1 undetected,output,,N8712,N8712,1,undetected,N8712,N8712,N8712,sa1,1
172,N27761 /1 undetected,output,,N27761,N27761,1,undetected,N27761,N27761,N27761,sa1,1
173,N8646 /1 undetected,output,,N8646,N8646,1,undetected,N8646,N8646,N8646,sa1,1
174,N8527 /1 undetected,output,,N8527,N8527,1,undetected,N8527,N8527,N8527,sa1,1
175,N27639 /1 undetected,output,,N27639,N27639,1,undetected,N27639,N27639,N27639,sa1,1
176,N25195 /1 undetected,output,,N25195,N25195,1,undetected,N25195,N25195,N25195,sa1,1
177,N6087 /1 undetected,output,,N6087,N6087,1,undetected,N6087,N6087,N6087,sa1,1
178,N5945 /1 undetected,output,,N5945,N5945,1,undetected,N5945,N5945,N5945,sa1,1
179,N3848 /1 undetected,output,,N3848,N3848,1,undetected,N3848,N3848,N3848,sa1,1
180,N8748 /1 undetected,output,,N8748,N8748,1,undetected,N8748,N8748,N8748,sa1,1
181,N8827 /1 undetected,output,,N8827,N8827,1,undetected,N8827,N8827,N8827,sa1,1
182,N27821 /1 undetected,output,,N27821,N27821,1,undetected,N27821,N27821,N27821,sa1,1
183,N8714 /1 undetected,output,,N8714,N8714,1,undetected,N8714,N8714,N8714,sa1,1
184,N8826 /1 undetected,output,,N8826,N8826,1,undetected,N8826,N8826,N8826,sa1,1
185,N27763 /1 undetected,output,,N27763,N27763,1,undetected,N27763,N27763,N27763,sa1,1
186,N18633 /1 undetected,output,,N18633,N18633,1,undetected,N18633,N18633,N18633,sa1,1
187,N8644 /1 undetected,output,,N8644,N8644,1,undetected,N8644,N8644,N8644,sa1,1
188,N8529 /1 undetected,output,,N8529,N8529,1,undetected,N8529,N8529,N8529,sa1,1
189,N27641 /1 undetected,output,,N27641,N27641,1,undetected,N27641,N27641,N27641,sa1,1
190,N6086 /1 undetected,output,,N6086,N6086,1,undetected,N6086,N6086,N6086,sa1,1
191,N5947 /1 undetected,output,,N5947,N5947,1,undetected,N5947,N5947,N5947,sa1,1
192,N25223 /1 undetected,output,,N25223,N25223,1,undetected,N25223,N25223,N25223,sa1,1
193,N3855 /1 undetected,output,,N3855,N3855,1,undetected,N3855,N3855,N3855,sa1,1
194,N8747 /1 undetected,output,,N8747,N8747,1,undetected,N8747,N8747,N8747,sa1,1
195,N8825 /1 undetected,output,,N8825,N8825,1,undetected,N8825,N8825,N8825,sa1,1
196,N27823 /1 undetected,output,,N27823,N27823,1,undetected,N27823,N27823,N27823,sa1,1
197,N8716 /1 undetected,output,,N8716,N8716,1,undetected,N8716,N8716,N8716,sa1,1
198,N8824 /1 undetected,output,,N8824,N8824,1,undetected,N8824,N8824,N8824,sa1,1
199,N27765 /1 undetected,output,,N27765,N27765,1,undetected,N27765,N27765,N27765,sa1,1
200,N18647 /1 undetected,output,,N18647,N18647,1,undetected,N18647,N18647,N18647,sa1,1
201,N8642 /1 undetected,output,,N8642,N8642,1,undetected,N8642,N8642,N8642,sa1,1
202,N8531 /1 undetected,output,,N8531,N8531,1,undetected,N8531,N8531,N8531,sa1,1
203,N27643 /1 undetected,output,,N27643,N27643,1,undetected,N27643,N27643,N27643,sa1,1
204,N25197 /1 undetected,output,,N25197,N25197,1,undetected,N25197,N25197,N25197,sa1,1
205,N6083 /1 undetected,output,,N6083,N6083,1,undetected,N6083,N6083,N6083,sa1,1
206,N5949 /1 undetected,output,,N5949,N5949,1,undetected,N5949,N5949,N5949,sa1,1
207,N3862 /1 undetected,output,,N3862,N3862,1,undetected,N3862,N3862,N3862,sa1,1
208,N8746 /1 undetected,output,,N8746,N8746,1,undetected,N8746,N8746,N8746,sa1,1
209,N8823 /1 undetected,output,,N8823,N8823,1,undetected,N8823,N8823,N8823,sa1,1
210,N27825 /1 undetected,output,,N27825,N27825,1,undetected,N27825,N27825,N27825,sa1,1
211,N8718 /1 undetected,output,,N8718,N8718,1,undetected,N8718,N8718,N8718,sa1,1
212,N8822 /1 undetected,output,,N8822,N8822,1,undetected,N8822,N8822,N8822,sa1,1
213,N27767 /1 undetected,output,,N27767,N27767,1,undetected,N27767,N27767,N27767,sa1,1
214,N18660 /1 undetected,output,,N18660,N18660,1,undetected,N18660,N18660,N18660,sa1,1
215,N8560 /1 undetected,output,,N8560,N8560,1,undetected,N8560,N8560,N8560,sa1,1
216,N8640 /1 undetected,output,,N8640,N8640,1,undetected,N8640,N8640,N8640,sa1,1
217,N27705 /1 undetected,output,,N27705,N27705,1,undetected,N27705,N27705,N27705,sa1,1
218,N8533 /1 undetected,output,,N8533,N8533,1,undetected,N8533,N8533,N8533,sa1,1
219,N27645 /1 undetected,output,,N27645,N27645,1,undetected,N27645,N27645,N27645,sa1,1
220,N18657 /1 undetected,output,,N18657,N18657,1,undetected,N18657,N18657,N18657,sa1,1
221,N6082 /1 undetected,output,,N6082,N6082,1,undetected,N6082,N6082,N6082,sa1,1
222,N5948 /1 undetected,output,,N5948,N5948,1,undetected,N5948,N5948,N5948,sa1,1
223,N25221 /1 undetected,output,,N25221,N25221,1,undetected,N25221,N25221,N25221,sa1,1
224,N8821 /1 undetected,output,,N8821,N8821,1,undetected,N8821,N8821,N8821,sa1,1
225,N8720 /1 undetected,output,,N8720,N8720,1,undetected,N8720,N8720,N8720,sa1,1
226,N27769 /1 undetected,output,,N27769,N27769,1,undetected,N27769,N27769,N27769,sa1,1
227,N8638 /1 undetected,output,,N8638,N8638,1,undetected,N8638,N8638,N8638,sa1,1
228,N8535 /1 undetected,output,,N8535,N8535,1,undetected,N8535,N8535,N8535,sa1,1
229,N27647 /1 undetected,output,,N27647,N27647,1,undetected,N27647,N27647,N27647,sa1,1
230,N25199 /1 undetected,output,,N25199,N25199,1,undetected,N25199,N25199,N25199,sa1,1
231,N6079 /1 undetected,output,,N6079,N6079,1,undetected,N6079,N6079,N6079,sa1,1
232,N5952 /1 undetected,output,,N5952,N5952,1,undetected,N5952,N5952,N5952,sa1,1
233,N8819 /1 undetected,output,,N8819,N8819,1,undetected,N8819,N8819,N8819,sa1,1
234,N8722 /1 undetected,output,,N8722,N8722,1,undetected,N8722,N8722,N8722,sa1,1
235,N27771 /1 undetected,output,,N27771,N27771,1,undetected,N27771,N27771,N27771,sa1,1
236,N3875 /1 undetected,output,,N3875,N3875,1,undetected,N3875,N3875,N3875,sa1,1
237,N8636 /1 undetected,output,,N8636,N8636,1,undetected,N8636,N8636,N8636,sa1,1
238,N8537 /1 undetected,output,,N8537,N8537,1,undetected,N8537,N8537,N8537,sa1,1
239,N8635 /1 undetected,output,,N8635,N8635,1,undetected,N8635,N8635,N8635,sa1,1
240,N27649 /1 undetected,output,,N27649,N27649,1,undetected,N27649,N27649,N27649,sa1,1
241,N6078 /1 undetected,output,,N6078,N6078,1,undetected,N6078,N6078,N6078,sa1,1
242,N5951 /1 undetected,output,,N5951,N5951,1,undetected,N5951,N5951,N5951,sa1,1
243,N25219 /1 undetected,output,,N25219,N25219,1,undetected,N25219,N25219,N25219,sa1,1
244,N3883 /1 undetected,output,,N3883,N3883,1,undetected,N3883,N3883,N3883,sa1,1
245,N8743 /1 undetected,output,,N8743,N8743,1,undetected,N8743,N8743,N8743,sa1,1
246,N8817 /1 undetected,output,,N8817,N8817,1,undetected,N8817,N8817,N8817,sa1,1
247,N27831 /1 undetected,output,,N27831,N27831,1,undetected,N27831,N27831,N27831,sa1,1
248,N8724 /1 undetected,output,,N8724,N8724,1,undetected,N8724,N8724,N8724,sa1,1
249,N8816 /1 undetected,output,,N8816,N8816,1,undetected,N8816,N8816,N8816,sa1,1
250,N27773 /1 undetected,output,,N27773,N27773,1,undetected,N27773,N27773,N27773,sa1,1
251,N18701 /1 undetected,output,,N18701,N18701,1,undetected,N18701,N18701,N18701,sa1,1
252,N8634 /1 undetected,output,,N8634,N8634,1,undetected,N8634,N8634,N8634,sa1,1
253,N8539 /1 undetected,output,,N8539,N8539,1,undetected,N8539,N8539,N8539,sa1,1
254,N27651 /1 undetected,output,,N27651,N27651,1,undetected,N27651,N27651,N27651,sa1,1
255,N25201 /1 undetected,output,,N25201,N25201,1,undetected,N25201,N25201,N25201,sa1,1
256,N6075 /1 undetected,output,,N6075,N6075,1,undetected,N6075,N6075,N6075,sa1,1
257,N5954 /1 undetected,output,,N5954,N5954,1,undetected,N5954,N5954,N5954,sa1,1
258,N3890 /1 undetected,output,,N3890,N3890,1,undetected,N3890,N3890,N3890,sa1,1
259,N8742 /1 undetected,output,,N8742,N8742,1,undetected,N8742,N8742,N8742,sa1,1
260,N8815 /1 undetected,output,,N8815,N8815,1,undetected,N8815,N8815,N8815,sa1,1
261,N27833 /1 undetected,output,,N27833,N27833,1,undetected,N27833,N27833,N27833,sa1,1
262,N8726 /1 undetected,output,,N8726,N8726,1,undetected,N8726,N8726,N8726,sa1,1
263,N8814 /1 undetected,output,,N8814,N8814,1,undetected,N8814,N8814,N8814,sa1,1
264,N27775 /1 undetected,output,,N27775,N27775,1,undetected,N27775,N27775,N27775,sa1,1
265,N18716 /1 undetected,output,,N18716,N18716,1,undetected,N18716,N18716,N18716,sa1,1
266,N8632 /1 undetected,output,,N8632,N8632,1,undetected,N8632,N8632,N8632,sa1,1
267,N8541 /1 undetected,output,,N8541,N8541,1,undetected,N8541,N8541,N8541,sa1,1
268,N27653 /1 undetected,output,,N27653,N27653,1,undetected,N27653,N27653,N27653,sa1,1
269,N6074 /1 undetected,output,,N6074,N6074,1,undetected,N6074,N6074,N6074,sa1,1
270,N5955 /1 undetected,output,,N5955,N5955,1,undetected,N5955,N5955,N5955,sa1,1
271,N25217 /1 undetected,output,,N25217,N25217,1,undetected,N25217,N25217,N25217,sa1,1
272,__tpi_not_test_en->__tpi_cp_38_N3897 /1 undetected,input_edge,__tpi_not_test_en,__tpi_cp_38_N3897,__tpi_cp_38_N3897,1,undetected,__tpi_cp_38_N3897,__tpi_cp_38_N3897,__tpi_cp_38_N3897,sa1,1
273,__tpi_cp_38_N3897 /1 undetected,output,,__tpi_cp_38_N3897,__tpi_cp_38_N3897,1,undetected,__tpi_cp_38_N3897,__tpi_cp_38_N3897,__tpi_cp_38_N3897,sa1,1
274,N3897 /1 undetected,output,,N3897,N3897,1,undetected,N3897,N3897,N3897,sa1,1
275,N8741 /1 undetected,output,,N8741,N8741,1,undetected,N8741,N8741,N8741,sa1,1
276,N8813 /1 undetected,output,,N8813,N8813,1,undetected,N8813,N8813,N8813,sa1,1
277,N27835 /1 undetected,output,,N27835,N27835,1,undetected,N27835,N27835,N27835,sa1,1
278,N8728 /1 undetected,output,,N8728,N8728,1,undetected,N8728,N8728,N8728,sa1,1
279,N8812 /1 undetected,output,,N8812,N8812,1,undetected,N8812,N8812,N8812,sa1,1
280,N27777 /1 undetected,output,,N27777,N27777,1,undetected,N27777,N27777,N27777,sa1,1
281,N18731 /1 undetected,output,,N18731,N18731,1,undetected,N18731,N18731,N18731,sa1,1
282,__tpi_not_test_en->__tpi_cp_100_N3896 /1 undetected,input_edge,__tpi_not_test_en,__tpi_cp_100_N3896,__tpi_cp_100_N3896,1,undetected,__tpi_cp_100_N3896,__tpi_cp_100_N3896,__tpi_cp_100_N3896,sa1,1
283,__tpi_cp_100_N3896 /1 undetected,output,,__tpi_cp_100_N3896,__tpi_cp_100_N3896,1,undetected,__tpi_cp_100_N3896,__tpi_cp_100_N3896,__tpi_cp_100_N3896,sa1,1
284,N3896 /1 undetected,output,,N3896,N3896,1,undetected,N3896,N3896,N3896,sa1,1
285,N8630 /1 undetected,output,,N8630,N8630,1,undetected,N8630,N8630,N8630,sa1,1
286,N8543 /1 undetected,output,,N8543,N8543,1,undetected,N8543,N8543,N8543,sa1,1
287,N8629 /1 undetected,output,,N8629,N8629,1,undetected,N8629,N8629,N8629,sa1,1
288,N27655 /1 undetected,output,,N27655,N27655,1,undetected,N27655,N27655,N27655,sa1,1
289,N25203 /1 undetected,output,,N25203,N25203,1,undetected,N25203,N25203,N25203,sa1,1
290,N6071 /1 undetected,output,,N6071,N6071,1,undetected,N6071,N6071,N6071,sa1,1
291,N5957 /1 undetected,output,,N5957,N5957,1,undetected,N5957,N5957,N5957,sa1,1
292,__tpi_not_test_en->__tpi_cp_37_N3904 /1 undetected,input_edge,__tpi_not_test_en,__tpi_cp_37_N3904,__tpi_cp_37_N3904,1,undetected,__tpi_cp_37_N3904,__tpi_cp_37_N3904,__tpi_cp_37_N3904,sa1,1
293,__tpi_cp_37_N3904 /1 undetected,output,,__tpi_cp_37_N3904,__tpi_cp_37_N3904,1,undetected,__tpi_cp_37_N3904,__tpi_cp_37_N3904,__tpi_cp_37_N3904,sa1,1
294,N3904 /1 undetected,output,,N3904,N3904,1,undetected,N3904,N3904,N3904,sa1,1
295,N8739 /1 undetected,output,,N8739,N8739,1,undetected,N8739,N8739,N8739,sa1,1
296,N8809 /1 undetected,output,,N8809,N8809,1,undetected,N8809,N8809,N8809,sa1,1
297,N27837 /1 undetected,output,,N27837,N27837,1,undetected,N27837,N27837,N27837,sa1,1
298,N8730 /1 undetected,output,,N8730,N8730,1,undetected,N8730,N8730,N8730,sa1,1
299,N8808 /1 undetected,output,,N8808,N8808,1,undetected,N8808,N8808,N8808,sa1,1
300,N27779 /1 undetected,output,,N27779,N27779,1,undetected,N27779,N27779,N27779,sa1,1
301,N18746 /1 undetected,output,,N18746,N18746,1,undetected,N18746,N18746,N18746,sa1,1
302,__tpi_not_test_en->__tpi_cp_97_N3903 /1 undetected,input_edge,__tpi_not_test_en,__tpi_cp_97_N3903,__tpi_cp_97_N3903,1,undetected,__tpi_cp_97_N3903,__tpi_cp_97_N3903,__tpi_cp_97_N3903,sa1,1
303,N8628 /1 undetected,output,,N8628,N8628,1,undetected,N8628,N8628,N8628,sa1,1
304,N8545 /1 undetected,output,,N8545,N8545,1,undetected,N8545,N8545,N8545,sa1,1
305,N27657 /1 undetected,output,,N27657,N27657,1,undetected,N27657,N27657,N27657,sa1,1
306,N6068 /1 undetected,output,,N6068,N6068,1,undetected,N6068,N6068,N6068,sa1,1
307,N5960 /1 undetected,output,,N5960,N5960,1,undetected,N5960,N5960,N5960,sa1,1
308,N25205 /1 undetected,output,,N25205,N25205,1,undetected,N25205,N25205,N25205,sa1,1
309,N3911 /1 undetected,output,,N3911,N3911,1,undetected,N3911,N3911,N3911,sa1,1
310,N8738 /1 undetected,output,,N8738,N8738,1,undetected,N8738,N8738,N8738,sa1,1
311,N8807 /1 undetected,output,,N8807,N8807,1,undetected,N8807,N8807,N8807,sa1,1
312,N8791 /1 undetected,output,,N8791,N8791,1,undetected,N8791,N8791,N8791,sa1,1
313,N8761 /1 undetected,output,,N8761,N8761,1,undetected,N8761,N8761,N8761,sa1,1
314,N8806 /1 undetected,output,,N8806,N8806,1,undetected,N8806,N8806,N8806,sa1,1
315,N27781 /1 undetected,output,,N27781,N27781,1,undetected,N27781,N27781,N27781,sa1,1
316,N18759 /1 undetected,output,,N18759,N18759,1,undetected,N18759,N18759,N18759,sa1,1
317,N8553 /1 undetected,output,,N8553,N8553,1,undetected,N8553,N8553,N8553,sa1,1
318,N8626 /1 undetected,output,,N8626,N8626,1,undetected,N8626,N8626,N8626,sa1,1
319,N8609 /1 undetected,output,,N8609,N8609,1,undetected,N8609,N8609,N8609,sa1,1
320,N8578 /1 undetected,output,,N8578,N8578,1,undetected,N8578,N8578,N8578,sa1,1
321,N27663 /1 undetected,output,,N27663,N27663,1,undetected,N27663,N27663,N27663,sa1,1
322,N18757 /1 undetected,output,,N18757,N18757,1,undetected,N18757,N18757,N18757,sa1,1
323,N6066 /1 undetected,output,,N6066,N6066,1,undetected,N6066,N6066,N6066,sa1,1
324,N6008 /1 undetected,output,,N6008,N6008,1,undetected,N6008,N6008,N6008,sa1,1
325,N25213 /1 undetected,output,,N25213,N25213,1,undetected,N25213,N25213,N25213,sa1,1
326,N9137 /1 undetected,output,,N9137,N9137,1,undetected,N9137,N9137,N9137,sa1,1
327,N4355 /1 undetected,output,,N4355,N4355,1,undetected,N4355,N4355,N4355,sa1,1
328,N4354 /1 undetected,output,,N4354,N4354,1,undetected,N4354,N4354,N4354,sa1,1
329,N16727 /1 undetected,output,,N16727,N16727,1,undetected,N16727,N16727,N16727,sa1,1
330,N23147 /1 undetected,output,,N23147,N23147,1,undetected,N23147,N23147,N23147,sa1,1
331,N4362 /1 undetected,output,,N4362,N4362,1,undetected,N4362,N4362,N4362,sa1,1
332,N23149 /1 undetected,output,,N23149,N23149,1,undetected,N23149,N23149,N23149,sa1,1
333,N16721 /1 undetected,output,,N16721,N16721,1,undetected,N16721,N16721,N16721,sa1,1
334,N23183 /1 undetected,output,,N23183,N23183,1,undetected,N23183,N23183,N23183,sa1,1
335,N4520 /1 undetected,output,,N4520,N4520,1,undetected,N4520,N4520,N4520,sa1,1
336,N27101 /1 undetected,output,,N27101,N27101,1,undetected,N27101,N27101,N27101,sa1,1
337,N4558 /1 undetected,output,,N4558,N4558,1,undetected,N4558,N4558,N4558,sa1,1
338,N8243 /1 undetected,output,,N8243,N8243,1,undetected,N8243,N8243,N8243,sa1,1
339,N8137 /1 undetected,output,,N8137,N8137,1,undetected,N8137,N8137,N8137,sa1,1
340,N8242 /1 undetected,output,,N8242,N8242,1,undetected,N8242,N8242,N8242,sa1,1
341,N27379 /1 undetected,output,,N27379,N27379,1,undetected,N27379,N27379,N27379,sa1,1
342,N4564 /1 undetected,output,,N4564,N4564,1,undetected,N4564,N4564,N4564,sa1,1
343,N27253 /1 undetected,output,,N27253,N27253,1,undetected,N27253,N27253,N27253,sa1,1
344,N8301 /1 undetected,output,,N8301,N8301,1,undetected,N8301,N8301,N8301,sa1,1
345,N8140 /1 undetected,output,,N8140,N8140,1,undetected,N8140,N8140,N8140,sa1,1
346,N27381 /1 undetected,output,,N27381,N27381,1,undetected,N27381,N27381,N27381,sa1,1
347,N8142 /1 undetected,output,,N8142,N8142,1,undetected,N8142,N8142,N8142,sa1,1
348,N27383 /1 undetected,output,,N27383,N27383,1,undetected,N27383,N27383,N27383,sa1,1
349,N4578 /1 undetected,output,,N4578,N4578,1,undetected,N4578,N4578,N4578,sa1,1
350,N27247 /1 undetected,output,,N27247,N27247,1,undetected,N27247,N27247,N27247,sa1,1
351,N8208 /1 undetected,output,,N8208,N8208,1,undetected,N8208,N8208,N8208,sa1,1
352,N8297 /1 undetected,output,,N8297,N8297,1,undetected,N8297,N8297,N8297,sa1,1
353,N27443 /1 undetected,output,,N27443,N27443,1,undetected,N27443,N27443,N27443,sa1,1
354,N8144 /1 undetected,output,,N8144,N8144,1,undetected,N8144,N8144,N8144,sa1,1
355,N27385 /1 undetected,output,,N27385,N27385,1,undetected,N27385,N27385,N27385,sa1,1
356,N19360 /1 undetected,output,,N19360,N19360,1,undetected,N19360,N19360,N19360,sa1,1
357,N27244 /1 undetected,output,,N27244,N27244,1,undetected,N27244,N27244,N27244,sa1,1
358,N4586 /1 undetected,output,,N4586,N4586,1,undetected,N4586,N4586,N4586,sa1,1
359,N8295 /1 undetected,output,,N8295,N8295,1,undetected,N8295,N8295,N8295,sa1,1
360,N8146 /1 undetected,output,,N8146,N8146,1,undetected,N8146,N8146,N8146,sa1,1
361,N8294 /1 undetected,output,,N8294,N8294,1,undetected,N8294,N8294,N8294,sa1,1
362,N27387 /1 undetected,output,,N27387,N27387,1,undetected,N27387,N27387,N27387,sa1,1
363,N8293 /1 undetected,output,,N8293,N8293,1,undetected,N8293,N8293,N8293,sa1,1
364,N8148 /1 undetected,output,,N8148,N8148,1,undetected,N8148,N8148,N8148,sa1,1
365,N27389 /1 undetected,output,,N27389,N27389,1,undetected,N27389,N27389,N27389,sa1,1
366,N8291 /1 undetected,output,,N8291,N8291,1,undetected,N8291,N8291,N8291,sa1,1
367,N8150 /1 undetected,output,,N8150,N8150,1,undetected,N8150,N8150,N8150,sa1,1
368,N27391 /1 undetected,output,,N27391,N27391,1,undetected,N27391,N27391,N27391,sa1,1
369,N8289 /1 undetected,output,,N8289,N8289,1,undetected,N8289,N8289,N8289,sa1,1
370,N8152 /1 undetected,output,,N8152,N8152,1,undetected,N8152,N8152,N8152,sa1,1
371,N27393 /1 undetected,output,,N27393,N27393,1,undetected,N27393,N27393,N27393,sa1,1
372,N27235 /1 undetected,output,,N27235,N27235,1,undetected,N27235,N27235,N27235,sa1,1
373,N4635 /1 undetected,output,,N4635,N4635,1,undetected,N4635,N4635,N4635,sa1,1
374,N8281 /1 undetected,output,,N8281,N8281,1,undetected,N8281,N8281,N8281,sa1,1
375,N8160 /1 undetected,output,,N8160,N8160,1,undetected,N8160,N8160,N8160,sa1,1
376,N8280 /1 undetected,output,,N8280,N8280,1,undetected,N8280,N8280,N8280,sa1,1
377,N27401 /1 undetected,output,,N27401,N27401,1,undetected,N27401,N27401,N27401,sa1,1
378,N4634 /1 undetected,output,,N4634,N4634,1,undetected,N4634,N4634,N4634,sa1,1
379,N27223 /1 undetected,output,,N27223,N27223,1,undetected,N27223,N27223,N27223,sa1,1
380,N8279 /1 undetected,output,,N8279,N8279,1,undetected,N8279,N8279,N8279,sa1,1
381,N8162 /1 undetected,output,,N8162,N8162,1,undetected,N8162,N8162,N8162,sa1,1
382,N27403 /1 undetected,output,,N27403,N27403,1,undetected,N27403,N27403,N27403,sa1,1
383,N8277 /1 undetected,output,,N8277,N8277,1,undetected,N8277,N8277,N8277,sa1,1
384,N8164 /1 undetected,output,,N8164,N8164,1,undetected,N8164,N8164,N8164,sa1,1
385,N27405 /1 undetected,output,,N27405,N27405,1,undetected,N27405,N27405,N27405,sa1,1
386,N4648 /1 undetected,output,,N4648,N4648,1,undetected,N4648,N4648,N4648,sa1,1
387,N4656 /1 undetected,output,,N4656,N4656,1,undetected,N4656,N4656,N4656,sa1,1
388,N8275 /1 undetected,output,,N8275,N8275,1,undetected,N8275,N8275,N8275,sa1,1
389,N8166 /1 undetected,output,,N8166,N8166,1,undetected,N8166,N8166,N8166,sa1,1
390,N8274 /1 undetected,output,,N8274,N8274,1,undetected,N8274,N8274,N8274,sa1,1
391,N27407 /1 undetected,output,,N27407,N27407,1,undetected,N27407,N27407,N27407,sa1,1
392,N4655 /1 undetected,output,,N4655,N4655,1,undetected,N4655,N4655,N4655,sa1,1
393,N8196 /1 undetected,output,,N8196,N8196,1,undetected,N8196,N8196,N8196,sa1,1
394,N8273 /1 undetected,output,,N8273,N8273,1,undetected,N8273,N8273,N8273,sa1,1
395,N27467 /1 undetected,output,,N27467,N27467,1,undetected,N27467,N27467,N27467,sa1,1
396,N8168 /1 undetected,output,,N8168,N8168,1,undetected,N8168,N8168,N8168,sa1,1
397,N27409 /1 undetected,output,,N27409,N27409,1,undetected,N27409,N27409,N27409,sa1,1
398,N16937 /1 undetected,output,,N16937,N16937,1,undetected,N16937,N16937,N16937,sa1,1
399,N4662 /1 undetected,output,,N4662,N4662,1,undetected,N4662,N4662,N4662,sa1,1
400,N4670 /1 undetected,output,,N4670,N4670,1,undetected,N4670,N4670,N4670,sa1,1
401,N8271 /1 undetected,output,,N8271,N8271,1,undetected,N8271,N8271,N8271,sa1,1
402,N8170 /1 undetected,output,,N8170,N8170,1,undetected,N8170,N8170,N8170,sa1,1
403,N8270 /1 undetected,output,,N8270,N8270,1,undetected,N8270,N8270,N8270,sa1,1
404,N27411 /1 undetected,output,,N27411,N27411,1,undetected,N27411,N27411,N27411,sa1,1
405,N4669 /1 undetected,output,,N4669,N4669,1,undetected,N4669,N4669,N4669,sa1,1
406,N27208 /1 undetected,output,,N27208,N27208,1,undetected,N27208,N27208,N27208,sa1,1
407,N8194 /1 undetected,output,,N8194,N8194,1,undetected,N8194,N8194,N8194,sa1,1
408,N8269 /1 undetected,output,,N8269,N8269,1,undetected,N8269,N8269,N8269,sa1,1
409,N27471 /1 undetected,output,,N27471,N27471,1,undetected,N27471,N27471,N27471,sa1,1
410,N8172 /1 undetected,output,,N8172,N8172,1,undetected,N8172,N8172,N8172,sa1,1
411,N27413 /1 undetected,output,,N27413,N27413,1,undetected,N27413,N27413,N27413,sa1,1
412,N16921 /1 undetected,output,,N16921,N16921,1,undetected,N16921,N16921,N16921,sa1,1
413,N4676 /1 undetected,output,,N4676,N4676,1,undetected,N4676,N4676,N4676,sa1,1
414,N27205 /1 undetected,output,,N27205,N27205,1,undetected,N27205,N27205,N27205,sa1,1
415,N8193 /1 undetected,output,,N8193,N8193,1,undetected,N8193,N8193,N8193,sa1,1
416,N8267 /1 undetected,output,,N8267,N8267,1,undetected,N8267,N8267,N8267,sa1,1
417,N27473 /1 undetected,output,,N27473,N27473,1,undetected,N27473,N27473,N27473,sa1,1
418,N8174 /1 undetected,output,,N8174,N8174,1,undetected,N8174,N8174,N8174,sa1,1
419,N27415 /1 undetected,output,,N27415,N27415,1,undetected,N27415,N27415,N27415,sa1,1
420,N16913 /1 undetected,output,,N16913,N16913,1,undetected,N16913,N16913,N16913,sa1,1
421,N27202 /1 undetected,output,,N27202,N27202,1,undetected,N27202,N27202,N27202,sa1,1
422,N8192 /1 undetected,output,,N8192,N8192,1,undetected,N8192,N8192,N8192,sa1,1
423,N8265 /1 undetected,output,,N8265,N8265,1,undetected,N8265,N8265,N8265,sa1,1
424,N27475 /1 undetected,output,,N27475,N27475,1,undetected,N27475,N27475,N27475,sa1,1
425,N8176 /1 undetected,output,,N8176,N8176,1,undetected,N8176,N8176,N8176,sa1,1
426,N27417 /1 undetected,output,,N27417,N27417,1,undetected,N27417,N27417,N27417,sa1,1
427,N16905 /1 undetected,output,,N16905,N16905,1,undetected,N16905,N16905,N16905,sa1,1
428,N4690 /1 undetected,output,,N4690,N4690,1,undetected,N4690,N4690,N4690,sa1,1
429,N27199 /1 undetected,output,,N27199,N27199,1,undetected,N27199,N27199,N27199,sa1,1
430,N8263 /1 undetected,output,,N8263,N8263,1,undetected,N8263,N8263,N8263,sa1,1
431,N8178 /1 undetected,output,,N8178,N8178,1,undetected,N8178,N8178,N8178,sa1,1
432,N27419 /1 undetected,output,,N27419,N27419,1,undetected,N27419,N27419,N27419,sa1,1
433,N4697 /1 undetected,output,,N4697,N4697,1,undetected,N4697,N4697,N4697,sa1,1
434,N4705 /1 undetected,output,,N4705,N4705,1,undetected,N4705,N4705,N4705,sa1,1
435,N8259 /1 undetected,output,,N8259,N8259,1,undetected,N8259,N8259,N8259,sa1,1
436,N8180 /1 undetected,output,,N8180,N8180,1,undetected,N8180,N8180,N8180,sa1,1
437,N8258 /1 undetected,output,,N8258,N8258,1,undetected,N8258,N8258,N8258,sa1,1
438,N27421 /1 undetected,output,,N27421,N27421,1,undetected,N27421,N27421,N27421,sa1,1
439,N4704 /1 undetected,output,,N4704,N4704,1,undetected,N4704,N4704,N4704,sa1,1
440,N27193 /1 undetected,output,,N27193,N27193,1,undetected,N27193,N27193,N27193,sa1,1
441,__tpi_not_test_en->__tpi_cp_48_N4712 /1 undetected,input_edge,__tpi_not_test_en,__tpi_cp_48_N4712,__tpi_cp_48_N4712,1,undetected,__tpi_cp_48_N4712,__tpi_cp_48_N4712,__tpi_cp_48_N4712,sa1,1
442,__tpi_cp_48_N4712 /1 undetected,output,,__tpi_cp_48_N4712,__tpi_cp_48_N4712,1,undetected,__tpi_cp_48_N4712,__tpi_cp_48_N4712,__tpi_cp_48_N4712,sa1,1
443,N4712 /1 undetected,output,,N4712,N4712,1,undetected,N4712,N4712,N4712,sa1,1
444,N8257 /1 undetected,output,,N8257,N8257,1,undetected,N8257,N8257,N8257,sa1,1
445,N8211 /1 undetected,output,,N8211,N8211,1,undetected,N8211,N8211,N8211,sa1,1
446,N8256 /1 undetected,output,,N8256,N8256,1,undetected,N8256,N8256,N8256,sa1,1
447,N27423 /1 undetected,output,,N27423,N27423,1,undetected,N27423,N27423,N27423,sa1,1
448,__tpi_not_test_en->__tpi_cp_49_N4716 /1 undetected,input_edge,__tpi_not_test_en,__tpi_cp_49_N4716,__tpi_cp_49_N4716,1,undetected,__tpi_cp_49_N4716,__tpi_cp_49_N4716,__tpi_cp_49_N4716,sa1,1
449,__tpi_cp_49_N4716 /1 undetected,output,,__tpi_cp_49_N4716,__tpi_cp_49_N4716,1,undetected,__tpi_cp_49_N4716,__tpi_cp_49_N4716,__tpi_cp_49_N4716,sa1,1
450,N4716 /1 undetected,output,,N4716,N4716,1,undetected,N4716,N4716,N4716,sa1,1
451,N4711 /1 undetected,output,,N4711,N4711,1,undetected,N4711,N4711,N4711,sa1,1
452,N4715 /1 undetected,output,,N4715,N4715,1,undetected,N4715,N4715,N4715,sa1,1
453,N23759 /1 undetected,output,,N23759,N23759,1,undetected,N23759,N23759,N23759,sa1,1
454,N5867->N8932 /1 undetected,input_edge,N5867,N8932,N8932,1,undetected,N8932,N8932,N8932,sa1,1
455,N23208 /1 undetected,output,,N23208,N23208,1,undetected,N23208,N23208,N23208,sa1,1
456,N5877->N8930 /1 undetected,input_edge,N5877,N8930,N8930,1,undetected,N8930,N8930,N8930,sa1,1
457,N23210 /1 undetected,output,,N23210,N23210,1,undetected,N23210,N23210,N23210,sa1,1
458,N7847 /1 undetected,output,,N7847,N7847,1,undetected,N7847,N7847,N7847,sa1,1
459,N27124 /1 undetected,output,,N27124,N27124,1,undetected,N27124,N27124,N27124,sa1,1
460,N7846 /1 undetected,output,,N7846,N7846,1,undetected,N7846,N7846,N7846,sa1,1
461,N7807 /1 undetected,output,,N7807,N7807,1,undetected,N7807,N7807,N7807,sa1,1
462,N27123 /1 undetected,output,,N27123,N27123,1,undetected,N27123,N27123,N27123,sa1,1
463,N27120 /1 undetected,output,,N27120,N27120,1,undetected,N27120,N27120,N27120,sa1,1
464,N7891 /0 undetected,output,,N7891,N7891,0,undetected,N7891,N7891,N7891,sa0,1
465,N27061 /1 undetected,output,,N27061,N27061,1,undetected,N27061,N27061,N27061,sa1,1
466,N8011 /1 undetected,output,,N8011,N8011,1,undetected,N8011,N8011,N8011,sa1,1
467,N7939 /1 undetected,output,,N7939,N7939,1,undetected,N7939,N7939,N7939,sa1,1
468,N7890 /0 undetected,output,,N7890,N7890,0,undetected,N7890,N7890,N7890,sa0,1
469,N7735 /1 undetected,output,,N7735,N7735,1,undetected,N7735,N7735,N7735,sa1,1
470,N27130 /1 undetected,output,,N27130,N27130,1,undetected,N27130,N27130,N27130,sa1,1
471,N7889 /0 undetected,output,,N7889,N7889,0,undetected,N7889,N7889,N7889,sa0,1
472,N8762 /1 undetected,output,,N8762,N8762,1,undetected,N8762,N8762,N8762,sa1,1
473,N8762 /0 undetected,output,,N8762,N8762,0,undetected,N8762,N8762,N8762,sa0,1
474,N27836 /1 undetected,output,,N27836,N27836,1,undetected,N27836,N27836,N27836,sa1,1
475,N18745 /1 undetected,output,,N18745,N18745,1,undetected,N18745,N18745,N18745,sa1,1
476,N6874 /1 undetected,output,,N6874,N6874,1,undetected,N6874,N6874,N6874,sa1,1
477,N26345 /1 undetected,output,,N26345,N26345,1,undetected,N26345,N26345,N26345,sa1,1
478,N6917 /1 undetected,output,,N6917,N6917,1,undetected,N6917,N6917,N6917,sa1,1
479,N26343 /1 undetected,output,,N26343,N26343,1,undetected,N26343,N26343,N26343,sa1,1
480,N8579 /1 undetected,output,,N8579,N8579,1,undetected,N8579,N8579,N8579,sa1,1
481,N18742 /1 undetected,output,,N18742,N18742,1,undetected,N18742,N18742,N18742,sa1,1
482,N8212 /1 undetected,output,,N8212,N8212,1,undetected,N8212,N8212,N8212,sa1,1
483,N27478 /1 undetected,output,,N27478,N27478,1,undetected,N27478,N27478,N27478,sa1,1
484,N16888 /1 undetected,output,,N16888,N16888,1,undetected,N16888,N16888,N16888,sa1,1
485,N26133 /1 undetected,output,,N26133,N26133,1,undetected,N26133,N26133,N26133,sa1,1
486,N6919 /1 undetected,output,,N6919,N6919,1,undetected,N6919,N6919,N6919,sa1,1
487,N26361 /1 undetected,output,,N26361,N26361,1,undetected,N26361,N26361,N26361,sa1,1
488,N26118 /1 undetected,output,,N26118,N26118,1,undetected,N26118,N26118,N26118,sa1,1
489,N6914 /1 undetected,output,,N6914,N6914,1,undetected,N6914,N6914,N6914,sa1,1
490,N26251 /1 undetected,output,,N26251,N26251,1,undetected,N26251,N26251,N26251,sa1,1
491,test_en->__tpi_cp_129_N8790 /0 undetected,input_edge,test_en,__tpi_cp_129_N8790,__tpi_cp_129_N8790,0,undetected,__tpi_cp_129_N8790,__tpi_cp_129_N8790,__tpi_cp_129_N8790,sa0,1
492,__tpi_cp_129_N8790 /1 undetected,output,,__tpi_cp_129_N8790,__tpi_cp_129_N8790,1,undetected,__tpi_cp_129_N8790,__tpi_cp_129_N8790,__tpi_cp_129_N8790,sa1,1
493,__tpi_cp_129_N8790 /0 undetected,output,,__tpi_cp_129_N8790,__tpi_cp_129_N8790,0,undetected,__tpi_cp_129_N8790,__tpi_cp_129_N8790,__tpi_cp_129_N8790,sa0,1
494,N8790 /0 undetected,output,,N8790,N8790,0,undetected,N8790,N8790,N8790,sa0,1
495,N7888 /0 undetected,output,,N7888,N7888,0,undetected,N7888,N7888,N7888,sa0,1
496,N26288 /1 undetected,output,,N26288,N26288,1,undetected,N26288,N26288,N26288,sa1,1
497,N26289 /1 undetected,output,,N26289,N26289,1,undetected,N26289,N26289,N26289,sa1,1
498,N6869 /1 undetected,output,,N6869,N6869,1,undetected,N6869,N6869,N6869,sa1,1
499,N26259 /1 undetected,output,,N26259,N26259,1,undetected,N26259,N26259,N26259,sa1,1
500,N6915 /1 undetected,output,,N6915,N6915,1,undetected,N6915,N6915,N6915,sa1,1
501,N26266 /1 undetected,output,,N26266,N26266,1,undetected,N26266,N26266,N26266,sa1,1
502,N8608 /0 undetected,output,,N8608,N8608,0,undetected,N8608,N8608,N8608,sa0,1
503,N8240 /0 undetected,output,,N8240,N8240,0,undetected,N8240,N8240,N8240,sa0,1
504,N6867 /1 undetected,output,,N6867,N6867,1,undetected,N6867,N6867,N6867,sa1,1
505,N26271 /1 undetected,output,,N26271,N26271,1,undetected,N26271,N26271,N26271,sa1,1
506,N6913 /1 undetected,output,,N6913,N6913,1,undetected,N6913,N6913,N6913,sa1,1
507,N26247 /1 undetected,output,,N26247,N26247,1,undetected,N26247,N26247,N26247,sa1,1
508,N26240 /1 undetected,output,,N26240,N26240,1,undetected,N26240,N26240,N26240,sa1,1
509,N26231 /1 undetected,output,,N26231,N26231,1,undetected,N26231,N26231,N26231,sa1,1
510,N8729 /1 undetected,output,,N8729,N8729,1,undetected,N8729,N8729,N8729,sa1,1
511,N8729 /0 undetected,output,,N8729,N8729,0,undetected,N8729,N8729,N8729,sa0,1
512,N27834 /1 undetected,output,,N27834,N27834,1,undetected,N27834,N27834,N27834,sa1,1
513,N18730 /1 undetected,output,,N18730,N18730,1,undetected,N18730,N18730,N18730,sa1,1
514,N6872 /1 undetected,output,,N6872,N6872,1,undetected,N6872,N6872,N6872,sa1,1
515,N6918 /1 undetected,output,,N6918,N6918,1,undetected,N6918,N6918,N6918,sa1,1
516,N26355 /1 undetected,output,,N26355,N26355,1,undetected,N26355,N26355,N26355,sa1,1
517,N8544 /1 undetected,output,,N8544,N8544,1,undetected,N8544,N8544,N8544,sa1,1
518,N27714 /1 undetected,output,,N27714,N27714,1,undetected,N27714,N27714,N27714,sa1,1
519,N18727 /1 undetected,output,,N18727,N18727,1,undetected,N18727,N18727,N18727,sa1,1
520,N8179 /1 undetected,output,,N8179,N8179,1,undetected,N8179,N8179,N8179,sa1,1
521,N16896 /1 undetected,output,,N16896,N16896,1,undetected,N16896,N16896,N16896,sa1,1
522,N6873 /1 undetected,output,,N6873,N6873,1,undetected,N6873,N6873,N6873,sa1,1
523,N26354 /1 undetected,output,,N26354,N26354,1,undetected,N26354,N26354,N26354,sa1,1
524,N26371 /1 undetected,output,,N26371,N26371,1,undetected,N26371,N26371,N26371,sa1,1
525,N26369 /1 undetected,output,,N26369,N26369,1,undetected,N26369,N26369,N26369,sa1,1
526,N26370 /1 undetected,output,,N26370,N26370,1,undetected,N26370,N26370,N26370,sa1,1
527,N26376 /1 undetected,output,,N26376,N26376,1,undetected,N26376,N26376,N26376,sa1,1
528,N26260 /1 undetected,output,,N26260,N26260,1,undetected,N26260,N26260,N26260,sa1,1
529,N26255 /1 undetected,output,,N26255,N26255,1,undetected,N26255,N26255,N26255,sa1,1
530,N26374 /1 undetected,output,,N26374,N26374,1,undetected,N26374,N26374,N26374,sa1,1
531,test_en->__tpi_cp_130_N8789 /0 undetected,input_edge,test_en,__tpi_cp_130_N8789,__tpi_cp_130_N8789,0,undetected,__tpi_cp_130_N8789,__tpi_cp_130_N8789,__tpi_cp_130_N8789,sa0,1
532,__tpi_cp_130_N8789 /1 undetected,output,,__tpi_cp_130_N8789,__tpi_cp_130_N8789,1,undetected,__tpi_cp_130_N8789,__tpi_cp_130_N8789,__tpi_cp_130_N8789,sa1,1
533,__tpi_cp_130_N8789 /0 undetected,output,,__tpi_cp_130_N8789,__tpi_cp_130_N8789,0,undetected,__tpi_cp_130_N8789,__tpi_cp_130_N8789,__tpi_cp_130_N8789,sa0,1
534,N8789 /0 undetected,output,,N8789,N8789,0,undetected,N8789,N8789,N8789,sa0,1
535,N25882 /1 undetected,output,,N25882,N25882,1,undetected,N25882,N25882,N25882,sa1,1
536,N25885 /1 undetected,output,,N25885,N25885,1,undetected,N25885,N25885,N25885,sa1,1
537,N25343 /1 undetected,output,,N25343,N25343,1,undetected,N25343,N25343,N25343,sa1,1
538,N25696 /1 undetected,output,,N25696,N25696,1,undetected,N25696,N25696,N25696,sa1,1
539,N6431 /1 undetected,output,,N6431,N6431,1,undetected,N6431,N6431,N6431,sa1,1
540,N25301 /1 undetected,output,,N25301,N25301,1,undetected,N25301,N25301,N25301,sa1,1
541,N6434 /1 undetected,output,,N6434,N6434,1,undetected,N6434,N6434,N6434,sa1,1
542,N25303 /1 undetected,output,,N25303,N25303,1,undetected,N25303,N25303,N25303,sa1,1
543,N6437 /1 undetected,output,,N6437,N6437,1,undetected,N6437,N6437,N6437,sa1,1
544,N6435 /1 undetected,output,,N6435,N6435,1,undetected,N6435,N6435,N6435,sa1,1
545,N25305 /1 undetected,output,,N25305,N25305,1,undetected,N25305,N25305,N25305,sa1,1
546,N25706 /1 undetected,output,,N25706,N25706,1,undetected,N25706,N25706,N25706,sa1,1
547,N25707 /1 undetected,output,,N25707,N25707,1,undetected,N25707,N25707,N25707,sa1,1
548,N7887 /0 undetected,output,,N7887,N7887,0,undetected,N7887,N7887,N7887,sa0,1
549,N8607 /0 undetected,output,,N8607,N8607,0,undetected,N8607,N8607,N8607,sa0,1
550,N8239 /0 undetected,output,,N8239,N8239,0,undetected,N8239,N8239,N8239,sa0,1
551,N25883 /1 undetected,output,,N25883,N25883,1,undetected,N25883,N25883,N25883,sa1,1
552,N26375 /1 undetected,output,,N26375,N26375,1,undetected,N26375,N26375,N26375,sa1,1
553,N26331 /1 undetected,output,,N26331,N26331,1,undetected,N26331,N26331,N26331,sa1,1
554,N26332 /1 undetected,output,,N26332,N26332,1,undetected,N26332,N26332,N26332,sa1,1
555,N6857 /1 undetected,output,,N6857,N6857,1,undetected,N6857,N6857,N6857,sa1,1
556,N26254 /1 undetected,output,,N26254,N26254,1,undetected,N26254,N26254,N26254,sa1,1
557,N6916 /1 undetected,output,,N6916,N6916,1,undetected,N6916,N6916,N6916,sa1,1
558,N26282 /1 undetected,output,,N26282,N26282,1,undetected,N26282,N26282,N26282,sa1,1
559,N27053 /1 undetected,output,,N27053,N27053,1,undetected,N27053,N27053,N27053,sa1,1
560,N8019 /1 undetected,output,,N8019,N8019,1,undetected,N8019,N8019,N8019,sa1,1
561,N7951 /1 undetected,output,,N7951,N7951,1,undetected,N7951,N7951,N7951,sa1,1
562,N6866 /1 undetected,output,,N6866,N6866,1,undetected,N6866,N6866,N6866,sa1,1
563,N6678 /1 undetected,output,,N6678,N6678,1,undetected,N6678,N6678,N6678,sa1,1
564,N26284 /1 undetected,output,,N26284,N26284,1,undetected,N26284,N26284,N26284,sa1,1
565,N10830 /1 undetected,output,,N10830,N10830,1,undetected,N10830,N10830,N10830,sa1,1
566,N26268 /1 undetected,output,,N26268,N26268,1,undetected,N26268,N26268,N26268,sa1,1
567,N26253 /1 undetected,output,,N26253,N26253,1,undetected,N26253,N26253,N26253,sa1,1
568,N26269 /1 undetected,output,,N26269,N26269,1,undetected,N26269,N26269,N26269,sa1,1
569,N6864 /1 undetected,output,,N6864,N6864,1,undetected,N6864,N6864,N6864,sa1,1
570,N6858 /1 undetected,output,,N6858,N6858,1,undetected,N6858,N6858,N6858,sa1,1
571,N26239 /1 undetected,output,,N26239,N26239,1,undetected,N26239,N26239,N26239,sa1,1
572,N7032 /1 undetected,output,,N7032,N7032,1,undetected,N7032,N7032,N7032,sa1,1
573,N25802 /1 undetected,output,,N25802,N25802,1,undetected,N25802,N25802,N25802,sa1,1
574,N7030 /1 undetected,output,,N7030,N7030,1,undetected,N7030,N7030,N7030,sa1,1
575,N26071 /1 undetected,output,,N26071,N26071,1,undetected,N26071,N26071,N26071,sa1,1
576,N25671 /1 undetected,output,,N25671,N25671,1,undetected,N25671,N25671,N25671,sa1,1
577,N25290 /1 undetected,output,,N25290,N25290,1,undetected,N25290,N25290,N25290,sa1,1
578,N25718 /1 undetected,output,,N25718,N25718,1,undetected,N25718,N25718,N25718,sa1,1
579,N25677 /1 undetected,output,,N25677,N25677,1,undetected,N25677,N25677,N25677,sa1,1
580,N25292 /1 undetected,output,,N25292,N25292,1,undetected,N25292,N25292,N25292,sa1,1
581,N25680 /1 undetected,output,,N25680,N25680,1,undetected,N25680,N25680,N25680,sa1,1
582,N25490 /1 undetected,output,,N25490,N25490,1,undetected,N25490,N25490,N25490,sa1,1
583,N25294 /1 undetected,output,,N25294,N25294,1,undetected,N25294,N25294,N25294,sa1,1
584,N25683 /1 undetected,output,,N25683,N25683,1,undetected,N25683,N25683,N25683,sa1,1
585,N25296 /1 undetected,output,,N25296,N25296,1,undetected,N25296,N25296,N25296,sa1,1
586,N8727 /1 undetected,output,,N8727,N8727,1,undetected,N8727,N8727,N8727,sa1,1
587,N8727 /0 undetected,output,,N8727,N8727,0,undetected,N8727,N8727,N8727,sa0,1
588,N27832 /1 undetected,output,,N27832,N27832,1,undetected,N27832,N27832,N27832,sa1,1
589,N18715 /1 undetected,output,,N18715,N18715,1,undetected,N18715,N18715,N18715,sa1,1
590,N8542 /1 undetected,output,,N8542,N8542,1,undetected,N8542,N8542,N8542,sa1,1
591,N18712 /1 undetected,output,,N18712,N18712,1,undetected,N18712,N18712,N18712,sa1,1
592,N8177 /1 undetected,output,,N8177,N8177,1,undetected,N8177,N8177,N8177,sa1,1
593,N16904 /1 undetected,output,,N16904,N16904,1,undetected,N16904,N16904,N16904,sa1,1
594,N6871 /1 undetected,output,,N6871,N6871,1,undetected,N6871,N6871,N6871,sa1,1
595,N26387 /1 undetected,output,,N26387,N26387,1,undetected,N26387,N26387,N26387,sa1,1
596,N26324 /1 undetected,output,,N26324,N26324,1,undetected,N26324,N26324,N26324,sa1,1
597,N6960 /1 undetected,output,,N6960,N6960,1,undetected,N6960,N6960,N6960,sa1,1
598,N26388 /1 undetected,output,,N26388,N26388,1,undetected,N26388,N26388,N26388,sa1,1
599,N25881 /1 undetected,output,,N25881,N25881,1,undetected,N25881,N25881,N25881,sa1,1
600,N25729 /1 undetected,output,,N25729,N25729,1,undetected,N25729,N25729,N25729,sa1,1
601,N6868 /1 undetected,output,,N6868,N6868,1,undetected,N6868,N6868,N6868,sa1,1
602,N26281 /1 undetected,output,,N26281,N26281,1,undetected,N26281,N26281,N26281,sa1,1
603,N26373 /1 undetected,output,,N26373,N26373,1,undetected,N26373,N26373,N26373,sa1,1
604,N25337 /1 undetected,output,,N25337,N25337,1,undetected,N25337,N25337,N25337,sa1,1
605,N25299 /1 undetected,output,,N25299,N25299,1,undetected,N25299,N25299,N25299,sa1,1
606,N25617 /1 undetected,output,,N25617,N25617,1,undetected,N25617,N25617,N25617,sa1,1
607,N25298 /1 undetected,output,,N25298,N25298,1,undetected,N25298,N25298,N25298,sa1,1
608,N8788 /1 undetected,output,,N8788,N8788,1,undetected,N8788,N8788,N8788,sa1,1
609,N8788 /0 undetected,output,,N8788,N8788,0,undetected,N8788,N8788,N8788,sa0,1
610,N8606 /0 undetected,output,,N8606,N8606,0,undetected,N8606,N8606,N8606,sa0,1
611,N8238 /0 undetected,output,,N8238,N8238,0,undetected,N8238,N8238,N8238,sa0,1
612,N7886 /0 undetected,output,,N7886,N7886,0,undetected,N7886,N7886,N7886,sa0,1
613,N26328 /1 undetected,output,,N26328,N26328,1,undetected,N26328,N26328,N26328,sa1,1
614,N6947 /1 undetected,output,,N6947,N6947,1,undetected,N6947,N6947,N6947,sa1,1
615,N6674->N15325 /1 undetected,input_edge,N6674,N15325,N15325,1,undetected,N15325,N15325,N15325,sa1,1
616,N6948->N6676 /1 undetected,input_edge,N6948,N6676,N6676,1,undetected,N6676,N6676,N6676,sa1,1
617,N25320 /1 undetected,output,,N25320,N25320,1,undetected,N25320,N25320,N25320,sa1,1
618,N25661 /1 undetected,output,,N25661,N25661,1,undetected,N25661,N25661,N25661,sa1,1
619,N25284 /1 undetected,output,,N25284,N25284,1,undetected,N25284,N25284,N25284,sa1,1
620,N6451 /1 undetected,output,,N6451,N6451,1,undetected,N6451,N6451,N6451,sa1,1
621,N25286 /1 undetected,output,,N25286,N25286,1,undetected,N25286,N25286,N25286,sa1,1
622,N8725 /1 undetected,output,,N8725,N8725,1,undetected,N8725,N8725,N8725,sa1,1
623,N8725 /0 undetected,output,,N8725,N8725,0,undetected,N8725,N8725,N8725,sa0,1
624,N27830 /1 undetected,output,,N27830,N27830,1,undetected,N27830,N27830,N27830,sa1,1
625,N18700 /1 undetected,output,,N18700,N18700,1,undetected,N18700,N18700,N18700,sa1,1
626,N8540 /1 undetected,output,,N8540,N8540,1,undetected,N8540,N8540,N8540,sa1,1
627,N18697 /1 undetected,output,,N18697,N18697,1,undetected,N18697,N18697,N18697,sa1,1
628,N8175 /1 undetected,output,,N8175,N8175,1,undetected,N8175,N8175,N8175,sa1,1
629,N16912 /1 undetected,output,,N16912,N16912,1,undetected,N16912,N16912,N16912,sa1,1
630,N6955 /1 undetected,output,,N6955,N6955,1,undetected,N6955,N6955,N6955,sa1,1
631,N6961 /1 undetected,output,,N6961,N6961,1,undetected,N6961,N6961,N6961,sa1,1
632,N10901 /1 undetected,output,,N10901,N10901,1,undetected,N10901,N10901,N10901,sa1,1
633,N26380 /1 undetected,output,,N26380,N26380,1,undetected,N26380,N26380,N26380,sa1,1
634,N26154 /1 undetected,output,,N26154,N26154,1,undetected,N26154,N26154,N26154,sa1,1
635,N6666 /1 undetected,output,,N6666,N6666,1,undetected,N6666,N6666,N6666,sa1,1
636,N26389 /1 undetected,output,,N26389,N26389,1,undetected,N26389,N26389,N26389,sa1,1
637,N26381 /1 undetected,output,,N26381,N26381,1,undetected,N26381,N26381,N26381,sa1,1
638,N26391 /1 undetected,output,,N26391,N26391,1,undetected,N26391,N26391,N26391,sa1,1
639,N25746 /1 undetected,output,,N25746,N25746,1,undetected,N25746,N25746,N25746,sa1,1
640,N6932 /1 undetected,output,,N6932,N6932,1,undetected,N6932,N6932,N6932,sa1,1
641,N26232 /1 undetected,output,,N26232,N26232,1,undetected,N26232,N26232,N26232,sa1,1
642,N6956 /1 undetected,output,,N6956,N6956,1,undetected,N6956,N6956,N6956,sa1,1
643,N25901 /1 undetected,output,,N25901,N25901,1,undetected,N25901,N25901,N25901,sa1,1
644,N26325 /1 undetected,output,,N26325,N26325,1,undetected,N26325,N26325,N26325,sa1,1
645,N25340 /1 undetected,output,,N25340,N25340,1,undetected,N25340,N25340,N25340,sa1,1
646,N7731 /1 undetected,output,,N7731,N7731,1,undetected,N7731,N7731,N7731,sa1,1
647,N27142 /1 undetected,output,,N27142,N27142,1,undetected,N27142,N27142,N27142,sa1,1
648,N8787 /1 undetected,output,,N8787,N8787,1,undetected,N8787,N8787,N8787,sa1,1
649,N8787 /0 undetected,output,,N8787,N8787,0,undetected,N8787,N8787,N8787,sa0,1
650,N8605 /0 undetected,output,,N8605,N8605,0,undetected,N8605,N8605,N8605,sa0,1
651,N8237 /0 undetected,output,,N8237,N8237,0,undetected,N8237,N8237,N8237,sa0,1
652,N25655 /1 undetected,output,,N25655,N25655,1,undetected,N25655,N25655,N25655,sa1,1
653,N25710 /1 undetected,output,,N25710,N25710,1,undetected,N25710,N25710,N25710,sa1,1
654,N25712 /1 undetected,output,,N25712,N25712,1,undetected,N25712,N25712,N25712,sa1,1
655,N25649 /1 undetected,output,,N25649,N25649,1,undetected,N25649,N25649,N25649,sa1,1
656,N25658 /1 undetected,output,,N25658,N25658,1,undetected,N25658,N25658,N25658,sa1,1
657,N25641 /1 undetected,output,,N25641,N25641,1,undetected,N25641,N25641,N25641,sa1,1
658,N7885 /0 undetected,output,,N7885,N7885,0,undetected,N7885,N7885,N7885,sa0,1
659,N8723 /1 undetected,output,,N8723,N8723,1,undetected,N8723,N8723,N8723,sa1,1
660,N8723 /0 undetected,output,,N8723,N8723,0,undetected,N8723,N8723,N8723,sa0,1
661,N27828 /1 undetected,output,,N27828,N27828,1,undetected,N27828,N27828,N27828,sa1,1
662,N18686 /1 undetected,output,,N18686,N18686,1,undetected,N18686,N18686,N18686,sa1,1
663,N8538 /1 undetected,output,,N8538,N8538,1,undetected,N8538,N8538,N8538,sa1,1
664,N27708 /1 undetected,output,,N27708,N27708,1,undetected,N27708,N27708,N27708,sa1,1
665,N18683 /1 undetected,output,,N18683,N18683,1,undetected,N18683,N18683,N18683,sa1,1
666,N8173 /1 undetected,output,,N8173,N8173,1,undetected,N8173,N8173,N8173,sa1,1
667,N16920 /1 undetected,output,,N16920,N16920,1,undetected,N16920,N16920,N16920,sa1,1
668,N25688 /1 undetected,output,,N25688,N25688,1,undetected,N25688,N25688,N25688,sa1,1
669,N25657 /1 undetected,output,,N25657,N25657,1,undetected,N25657,N25657,N25657,sa1,1
670,N8786 /0 undetected,output,,N8786,N8786,0,undetected,N8786,N8786,N8786,sa0,1
671,N8604 /0 undetected,output,,N8604,N8604,0,undetected,N8604,N8604,N8604,sa0,1
672,N8236 /0 undetected,output,,N8236,N8236,0,undetected,N8236,N8236,N8236,sa0,1
673,N26162 /1 undetected,output,,N26162,N26162,1,undetected,N26162,N26162,N26162,sa1,1
674,N26318 /1 undetected,output,,N26318,N26318,1,undetected,N26318,N26318,N26318,sa1,1
675,N25705 /1 undetected,output,,N25705,N25705,1,undetected,N25705,N25705,N25705,sa1,1
676,N8721 /1 undetected,output,,N8721,N8721,1,undetected,N8721,N8721,N8721,sa1,1
677,N18673 /1 undetected,output,,N18673,N18673,1,undetected,N18673,N18673,N18673,sa1,1
678,N8536 /1 undetected,output,,N8536,N8536,1,undetected,N8536,N8536,N8536,sa1,1
679,N18670 /1 undetected,output,,N18670,N18670,1,undetected,N18670,N18670,N18670,sa1,1
680,N8171 /1 undetected,output,,N8171,N8171,1,undetected,N8171,N8171,N8171,sa1,1
681,N27468 /1 undetected,output,,N27468,N27468,1,undetected,N27468,N27468,N27468,sa1,1
682,N16928 /1 undetected,output,,N16928,N16928,1,undetected,N16928,N16928,N16928,sa1,1
683,N6964 /1 undetected,output,,N6964,N6964,1,undetected,N6964,N6964,N6964,sa1,1
684,N26394 /1 undetected,output,,N26394,N26394,1,undetected,N26394,N26394,N26394,sa1,1
685,N26349 /1 undetected,output,,N26349,N26349,1,undetected,N26349,N26349,N26349,sa1,1
686,N6660 /1 undetected,output,,N6660,N6660,1,undetected,N6660,N6660,N6660,sa1,1
687,N26352 /1 undetected,output,,N26352,N26352,1,undetected,N26352,N26352,N26352,sa1,1
688,N26341 /1 undetected,output,,N26341,N26341,1,undetected,N26341,N26341,N26341,sa1,1
689,N7884 /0 undetected,output,,N7884,N7884,0,undetected,N7884,N7884,N7884,sa0,1
690,N25620 /1 undetected,output,,N25620,N25620,1,undetected,N25620,N25620,N25620,sa1,1
691,N25654 /1 undetected,output,,N25654,N25654,1,undetected,N25654,N25654,N25654,sa1,1
692,N25711 /1 undetected,output,,N25711,N25711,1,undetected,N25711,N25711,N25711,sa1,1
693,N25713 /1 undetected,output,,N25713,N25713,1,undetected,N25713,N25713,N25713,sa1,1
694,N25625 /1 undetected,output,,N25625,N25625,1,undetected,N25625,N25625,N25625,sa1,1
695,N26237 /1 undetected,output,,N26237,N26237,1,undetected,N26237,N26237,N26237,sa1,1
696,N8785 /0 undetected,output,,N8785,N8785,0,undetected,N8785,N8785,N8785,sa0,1
697,N8603 /0 undetected,output,,N8603,N8603,0,undetected,N8603,N8603,N8603,sa0,1
698,N8235 /0 undetected,output,,N8235,N8235,0,undetected,N8235,N8235,N8235,sa0,1
699,N6327 /1 undetected,output,,N6327,N6327,1,undetected,N6327,N6327,N6327,sa1,1
700,N10818 /1 undetected,output,,N10818,N10818,1,undetected,N10818,N10818,N10818,sa1,1
701,N25717 /1 undetected,output,,N25717,N25717,1,undetected,N25717,N25717,N25717,sa1,1
702,N6444 /1 undetected,output,,N6444,N6444,1,undetected,N6444,N6444,N6444,sa1,1
703,N10820 /1 undetected,output,,N10820,N10820,1,undetected,N10820,N10820,N10820,sa1,1
704,N25404 /1 undetected,output,,N25404,N25404,1,undetected,N25404,N25404,N25404,sa1,1
705,N6156 /1 undetected,output,,N6156,N6156,1,undetected,N6156,N6156,N6156,sa1,1
706,N25598 /1 undetected,output,,N25598,N25598,1,undetected,N25598,N25598,N25598,sa1,1
707,N25570 /1 undetected,output,,N25570,N25570,1,undetected,N25570,N25570,N25570,sa1,1
708,N6157 /1 undetected,output,,N6157,N6157,1,undetected,N6157,N6157,N6157,sa1,1
709,N25602 /1 undetected,output,,N25602,N25602,1,undetected,N25602,N25602,N25602,sa1,1
710,N6445 /1 undetected,output,,N6445,N6445,1,undetected,N6445,N6445,N6445,sa1,1
711,N15048 /1 undetected,output,,N15048,N15048,1,undetected,N15048,N15048,N15048,sa1,1
712,N15047 /1 undetected,output,,N15047,N15047,1,undetected,N15047,N15047,N15047,sa1,1
713,N6158 /1 undetected,output,,N6158,N6158,1,undetected,N6158,N6158,N6158,sa1,1
714,N25607 /1 undetected,output,,N25607,N25607,1,undetected,N25607,N25607,N25607,sa1,1
715,N10792 /1 undetected,output,,N10792,N10792,1,undetected,N10792,N10792,N10792,sa1,1
716,N25715 /1 undetected,output,,N25715,N25715,1,undetected,N25715,N25715,N25715,sa1,1
717,N25577 /1 undetected,output,,N25577,N25577,1,undetected,N25577,N25577,N25577,sa1,1
718,N6159 /1 undetected,output,,N6159,N6159,1,undetected,N6159,N6159,N6159,sa1,1
719,N25611 /1 undetected,output,,N25611,N25611,1,undetected,N25611,N25611,N25611,sa1,1
720,N25608 /1 undetected,output,,N25608,N25608,1,undetected,N25608,N25608,N25608,sa1,1
721,N25629 /1 undetected,output,,N25629,N25629,1,undetected,N25629,N25629,N25629,sa1,1
722,N25703 /1 undetected,output,,N25703,N25703,1,undetected,N25703,N25703,N25703,sa1,1
723,N6362 /1 undetected,output,,N6362,N6362,1,undetected,N6362,N6362,N6362,sa1,1
724,N8719 /1 undetected,output,,N8719,N8719,1,undetected,N8719,N8719,N8719,sa1,1
725,N18659 /1 undetected,output,,N18659,N18659,1,undetected,N18659,N18659,N18659,sa1,1
726,N8534 /1 undetected,output,,N8534,N8534,1,undetected,N8534,N8534,N8534,sa1,1
727,N18656 /1 undetected,output,,N18656,N18656,1,undetected,N18656,N18656,N18656,sa1,1
728,N8169 /1 undetected,output,,N8169,N8169,1,undetected,N8169,N8169,N8169,sa1,1
729,N16936 /1 undetected,output,,N16936,N16936,1,undetected,N16936,N16936,N16936,sa1,1
730,N21217 /1 undetected,output,,N21217,N21217,1,undetected,N21217,N21217,N21217,sa1,1
731,N6538 /0 undetected,output,,N6538,N6538,0,undetected,N6538,N6538,N6538,sa0,1
732,N25735 /1 undetected,output,,N25735,N25735,1,undetected,N25735,N25735,N25735,sa1,1
733,N25732 /1 undetected,output,,N25732,N25732,1,undetected,N25732,N25732,N25732,sa1,1
734,N25623 /1 undetected,output,,N25623,N25623,1,undetected,N25623,N25623,N25623,sa1,1
735,N25597 /1 undetected,output,,N25597,N25597,1,undetected,N25597,N25597,N25597,sa1,1
736,N25569 /1 undetected,output,,N25569,N25569,1,undetected,N25569,N25569,N25569,sa1,1
737,N6152 /1 undetected,output,,N6152,N6152,1,undetected,N6152,N6152,N6152,sa1,1
738,N25601 /1 undetected,output,,N25601,N25601,1,undetected,N25601,N25601,N25601,sa1,1
739,N6411 /1 undetected,output,,N6411,N6411,1,undetected,N6411,N6411,N6411,sa1,1
740,N15019 /1 undetected,output,,N15019,N15019,1,undetected,N15019,N15019,N15019,sa1,1
741,N25716 /1 undetected,output,,N25716,N25716,1,undetected,N25716,N25716,N25716,sa1,1
742,N7883 /0 undetected,output,,N7883,N7883,0,undetected,N7883,N7883,N7883,sa0,1
743,N6853 /1 undetected,output,,N6853,N6853,1,undetected,N6853,N6853,N6853,sa1,1
744,N26366 /1 undetected,output,,N26366,N26366,1,undetected,N26366,N26366,N26366,sa1,1
745,N26368 /1 undetected,output,,N26368,N26368,1,undetected,N26368,N26368,N26368,sa1,1
746,N26270 /1 undetected,output,,N26270,N26270,1,undetected,N26270,N26270,N26270,sa1,1
747,N26275 /1 undetected,output,,N26275,N26275,1,undetected,N26275,N26275,N26275,sa1,1
748,N26272 /1 undetected,output,,N26272,N26272,1,undetected,N26272,N26272,N26272,sa1,1
749,N26207 /1 undetected,output,,N26207,N26207,1,undetected,N26207,N26207,N26207,sa1,1
750,N25740 /1 undetected,output,,N25740,N25740,1,undetected,N25740,N25740,N25740,sa1,1
751,N5723 /1 undetected,output,,N5723,N5723,1,undetected,N5723,N5723,N5723,sa1,1
752,N23799 /1 undetected,output,,N23799,N23799,1,undetected,N23799,N23799,N23799,sa1,1
753,N21147 /1 undetected,output,,N21147,N21147,1,undetected,N21147,N21147,N21147,sa1,1
754,N8784 /0 undetected,output,,N8784,N8784,0,undetected,N8784,N8784,N8784,sa0,1
755,N8602 /0 undetected,output,,N8602,N8602,0,undetected,N8602,N8602,N8602,sa0,1
756,N8234 /0 undetected,output,,N8234,N8234,0,undetected,N8234,N8234,N8234,sa0,1
757,N25704 /1 undetected,output,,N25704,N25704,1,undetected,N25704,N25704,N25704,sa1,1
758,N25624 /1 undetected,output,,N25624,N25624,1,undetected,N25624,N25624,N25624,sa1,1
759,N26326 /1 undetected,output,,N26326,N26326,1,undetected,N26326,N26326,N26326,sa1,1
760,N6534 /0 undetected,output,,N6534,N6534,0,undetected,N6534,N6534,N6534,sa0,1
761,N6661 /1 undetected,output,,N6661,N6661,1,undetected,N6661,N6661,N6661,sa1,1
762,N26238 /1 undetected,output,,N26238,N26238,1,undetected,N26238,N26238,N26238,sa1,1
763,N26230 /1 undetected,output,,N26230,N26230,1,undetected,N26230,N26230,N26230,sa1,1
764,N25664 /1 undetected,output,,N25664,N25664,1,undetected,N25664,N25664,N25664,sa1,1
765,N25700 /1 undetected,output,,N25700,N25700,1,undetected,N25700,N25700,N25700,sa1,1
766,N25699 /1 undetected,output,,N25699,N25699,1,undetected,N25699,N25699,N25699,sa1,1
767,N6290 /1 undetected,output,,N6290,N6290,1,undetected,N6290,N6290,N6290,sa1,1
768,N25572 /1 undetected,output,,N25572,N25572,1,undetected,N25572,N25572,N25572,sa1,1
769,N25605 /1 undetected,output,,N25605,N25605,1,undetected,N25605,N25605,N25605,sa1,1
770,N8717 /1 undetected,output,,N8717,N8717,1,undetected,N8717,N8717,N8717,sa1,1
771,N18646 /1 undetected,output,,N18646,N18646,1,undetected,N18646,N18646,N18646,sa1,1
772,N8532 /1 undetected,output,,N8532,N8532,1,undetected,N8532,N8532,N8532,sa1,1
773,N18643 /1 undetected,output,,N18643,N18643,1,undetected,N18643,N18643,N18643,sa1,1
774,N8167 /1 undetected,output,,N8167,N8167,1,undetected,N8167,N8167,N8167,sa1,1
775,N27464 /1 undetected,output,,N27464,N27464,1,undetected,N27464,N27464,N27464,sa1,1
776,N16944 /1 undetected,output,,N16944,N16944,1,undetected,N16944,N16944,N16944,sa1,1
777,N6813 /1 undetected,output,,N6813,N6813,1,undetected,N6813,N6813,N6813,sa1,1
778,N26261 /1 undetected,output,,N26261,N26261,1,undetected,N26261,N26261,N26261,sa1,1
779,N26257 /1 undetected,output,,N26257,N26257,1,undetected,N26257,N26257,N26257,sa1,1
780,N6656 /1 undetected,output,,N6656,N6656,1,undetected,N6656,N6656,N6656,sa1,1
781,N26264 /1 undetected,output,,N26264,N26264,1,undetected,N26264,N26264,N26264,sa1,1
782,N26250 /1 undetected,output,,N26250,N26250,1,undetected,N26250,N26250,N26250,sa1,1
783,N6404 /1 undetected,output,,N6404,N6404,1,undetected,N6404,N6404,N6404,sa1,1
784,N6403 /1 undetected,output,,N6403,N6403,1,undetected,N6403,N6403,N6403,sa1,1
785,N6161 /0 undetected,output,,N6161,N6161,0,undetected,N6161,N6161,N6161,sa0,1
786,N25612 /1 undetected,output,,N25612,N25612,1,undetected,N25612,N25612,N25612,sa1,1
787,N25702 /1 undetected,output,,N25702,N25702,1,undetected,N25702,N25702,N25702,sa1,1
788,N25300 /1 undetected,output,,N25300,N25300,1,undetected,N25300,N25300,N25300,sa1,1
789,N25627 /1 undetected,output,,N25627,N25627,1,undetected,N25627,N25627,N25627,sa1,1
790,N25676 /1 undetected,output,,N25676,N25676,1,undetected,N25676,N25676,N25676,sa1,1
791,N6410 /1 undetected,output,,N6410,N6410,1,undetected,N6410,N6410,N6410,sa1,1
792,N18416 /1 undetected,output,,N18416,N18416,1,undetected,N18416,N18416,N18416,sa1,1
793,N6122 /1 undetected,output,,N6122,N6122,1,undetected,N6122,N6122,N6122,sa1,1
794,N25697 /1 undetected,output,,N25697,N25697,1,undetected,N25697,N25697,N25697,sa1,1
795,N25694 /1 undetected,output,,N25694,N25694,1,undetected,N25694,N25694,N25694,sa1,1
796,N25662 /1 undetected,output,,N25662,N25662,1,undetected,N25662,N25662,N25662,sa1,1
797,N7882 /0 undetected,output,,N7882,N7882,0,undetected,N7882,N7882,N7882,sa0,1
798,N8783 /0 undetected,output,,N8783,N8783,0,undetected,N8783,N8783,N8783,sa0,1
799,N8601 /0 undetected,output,,N8601,N8601,0,undetected,N8601,N8601,N8601,sa0,1
800,N8233 /0 undetected,output,,N8233,N8233,0,undetected,N8233,N8233,N8233,sa0,1
801,N7541 /1 undetected,output,,N7541,N7541,1,undetected,N7541,N7541,N7541,sa1,1
802,N26786 /1 undetected,output,,N26786,N26786,1,undetected,N26786,N26786,N26786,sa1,1
803,N25812 /1 undetected,output,,N25812,N25812,1,undetected,N25812,N25812,N25812,sa1,1
804,N7055 /1 undetected,output,,N7055,N7055,1,undetected,N7055,N7055,N7055,sa1,1
805,N26078 /1 undetected,output,,N26078,N26078,1,undetected,N26078,N26078,N26078,sa1,1
806,N6367 /1 undetected,output,,N6367,N6367,1,undetected,N6367,N6367,N6367,sa1,1
807,N15000 /1 undetected,output,,N15000,N15000,1,undetected,N15000,N15000,N15000,sa1,1
808,N6364 /1 undetected,output,,N6364,N6364,1,undetected,N6364,N6364,N6364,sa1,1
809,N14996 /1 undetected,output,,N14996,N14996,1,undetected,N14996,N14996,N14996,sa1,1
810,N6361 /1 undetected,output,,N6361,N6361,1,undetected,N6361,N6361,N6361,sa1,1
811,N14992 /1 undetected,output,,N14992,N14992,1,undetected,N14992,N14992,N14992,sa1,1
812,N6814 /1 undetected,output,,N6814,N6814,1,undetected,N6814,N6814,N6814,sa1,1
813,N7118 /1 undetected,output,,N7118,N7118,1,undetected,N7118,N7118,N7118,sa1,1
814,N7117 /1 undetected,output,,N7117,N7117,1,undetected,N7117,N7117,N7117,sa1,1
815,N25837 /1 undetected,output,,N25837,N25837,1,undetected,N25837,N25837,N25837,sa1,1
816,N22049 /1 undetected,output,,N22049,N22049,1,undetected,N22049,N22049,N22049,sa1,1
817,N7116 /1 undetected,output,,N7116,N7116,1,undetected,N7116,N7116,N7116,sa1,1
818,N26098 /1 undetected,output,,N26098,N26098,1,undetected,N26098,N26098,N26098,sa1,1
819,N19472 /1 undetected,output,,N19472,N19472,1,undetected,N19472,N19472,N19472,sa1,1
820,N6846 /1 undetected,output,,N6846,N6846,1,undetected,N6846,N6846,N6846,sa1,1
821,N7094 /1 undetected,output,,N7094,N7094,1,undetected,N7094,N7094,N7094,sa1,1
822,N7093 /1 undetected,output,,N7093,N7093,1,undetected,N7093,N7093,N7093,sa1,1
823,N25829 /1 undetected,output,,N25829,N25829,1,undetected,N25829,N25829,N25829,sa1,1
824,N22061 /1 undetected,output,,N22061,N22061,1,undetected,N22061,N22061,N22061,sa1,1
825,N7092 /1 undetected,output,,N7092,N7092,1,undetected,N7092,N7092,N7092,sa1,1
826,N26090 /1 undetected,output,,N26090,N26090,1,undetected,N26090,N26090,N26090,sa1,1
827,N19464 /1 undetected,output,,N19464,N19464,1,undetected,N19464,N19464,N19464,sa1,1
828,N6849 /1 undetected,output,,N6849,N6849,1,undetected,N6849,N6849,N6849,sa1,1
829,N7100 /1 undetected,output,,N7100,N7100,1,undetected,N7100,N7100,N7100,sa1,1
830,N7099 /1 undetected,output,,N7099,N7099,1,undetected,N7099,N7099,N7099,sa1,1
831,N25831 /1 undetected,output,,N25831,N25831,1,undetected,N25831,N25831,N25831,sa1,1
832,N22067 /1 undetected,output,,N22067,N22067,1,undetected,N22067,N22067,N22067,sa1,1
833,N7098 /1 undetected,output,,N7098,N7098,1,undetected,N7098,N7098,N7098,sa1,1
834,N26094 /1 undetected,output,,N26094,N26094,1,undetected,N26094,N26094,N26094,sa1,1
835,N19466 /1 undetected,output,,N19466,N19466,1,undetected,N19466,N19466,N19466,sa1,1
836,N6815 /1 undetected,output,,N6815,N6815,1,undetected,N6815,N6815,N6815,sa1,1
837,N7115 /1 undetected,output,,N7115,N7115,1,undetected,N7115,N7115,N7115,sa1,1
838,N7114 /1 undetected,output,,N7114,N7114,1,undetected,N7114,N7114,N7114,sa1,1
839,N25836 /1 undetected,output,,N25836,N25836,1,undetected,N25836,N25836,N25836,sa1,1
840,N22052 /1 undetected,output,,N22052,N22052,1,undetected,N22052,N22052,N22052,sa1,1
841,N7113 /1 undetected,output,,N7113,N7113,1,undetected,N7113,N7113,N7113,sa1,1
842,N26100 /1 undetected,output,,N26100,N26100,1,undetected,N26100,N26100,N26100,sa1,1
843,N19471 /1 undetected,output,,N19471,N19471,1,undetected,N19471,N19471,N19471,sa1,1
844,N6810 /1 undetected,output,,N6810,N6810,1,undetected,N6810,N6810,N6810,sa1,1
845,N7112 /1 undetected,output,,N7112,N7112,1,undetected,N7112,N7112,N7112,sa1,1
846,N7111 /1 undetected,output,,N7111,N7111,1,undetected,N7111,N7111,N7111,sa1,1
847,N25835 /1 undetected,output,,N25835,N25835,1,undetected,N25835,N25835,N25835,sa1,1
848,N22055 /1 undetected,output,,N22055,N22055,1,undetected,N22055,N22055,N22055,sa1,1
849,N7110 /1 undetected,output,,N7110,N7110,1,undetected,N7110,N7110,N7110,sa1,1
850,N26102 /1 undetected,output,,N26102,N26102,1,undetected,N26102,N26102,N26102,sa1,1
851,N19470 /1 undetected,output,,N19470,N19470,1,undetected,N19470,N19470,N19470,sa1,1
852,N6847 /1 undetected,output,,N6847,N6847,1,undetected,N6847,N6847,N6847,sa1,1
853,N7097 /1 undetected,output,,N7097,N7097,1,undetected,N7097,N7097,N7097,sa1,1
854,N7096 /1 undetected,output,,N7096,N7096,1,undetected,N7096,N7096,N7096,sa1,1
855,N25830 /1 undetected,output,,N25830,N25830,1,undetected,N25830,N25830,N25830,sa1,1
856,N22064 /1 undetected,output,,N22064,N22064,1,undetected,N22064,N22064,N22064,sa1,1
857,N7095 /1 undetected,output,,N7095,N7095,1,undetected,N7095,N7095,N7095,sa1,1
858,N26092 /1 undetected,output,,N26092,N26092,1,undetected,N26092,N26092,N26092,sa1,1
859,N19465 /1 undetected,output,,N19465,N19465,1,undetected,N19465,N19465,N19465,sa1,1
860,N6809 /1 undetected,output,,N6809,N6809,1,undetected,N6809,N6809,N6809,sa1,1
861,N7109 /1 undetected,output,,N7109,N7109,1,undetected,N7109,N7109,N7109,sa1,1
862,N7108 /1 undetected,output,,N7108,N7108,1,undetected,N7108,N7108,N7108,sa1,1
863,N25834 /1 undetected,output,,N25834,N25834,1,undetected,N25834,N25834,N25834,sa1,1
864,N22058 /1 undetected,output,,N22058,N22058,1,undetected,N22058,N22058,N22058,sa1,1
865,N7107 /1 undetected,output,,N7107,N7107,1,undetected,N7107,N7107,N7107,sa1,1
866,N26104 /1 undetected,output,,N26104,N26104,1,undetected,N26104,N26104,N26104,sa1,1
867,N19469 /1 undetected,output,,N19469,N19469,1,undetected,N19469,N19469,N19469,sa1,1
868,N8715 /1 undetected,output,,N8715,N8715,1,undetected,N8715,N8715,N8715,sa1,1
869,N18632 /1 undetected,output,,N18632,N18632,1,undetected,N18632,N18632,N18632,sa1,1
870,N8530 /1 undetected,output,,N8530,N8530,1,undetected,N8530,N8530,N8530,sa1,1
871,N18629 /1 undetected,output,,N18629,N18629,1,undetected,N18629,N18629,N18629,sa1,1
872,N8165 /1 undetected,output,,N8165,N8165,1,undetected,N8165,N8165,N8165,sa1,1
873,N27462 /1 undetected,output,,N27462,N27462,1,undetected,N27462,N27462,N27462,sa1,1
874,N16952 /1 undetected,output,,N16952,N16952,1,undetected,N16952,N16952,N16952,sa1,1
875,N6852 /1 undetected,output,,N6852,N6852,1,undetected,N6852,N6852,N6852,sa1,1
876,N7103 /1 undetected,output,,N7103,N7103,1,undetected,N7103,N7103,N7103,sa1,1
877,N7102 /1 undetected,output,,N7102,N7102,1,undetected,N7102,N7102,N7102,sa1,1
878,N25832 /1 undetected,output,,N25832,N25832,1,undetected,N25832,N25832,N25832,sa1,1
879,N22070 /1 undetected,output,,N22070,N22070,1,undetected,N22070,N22070,N22070,sa1,1
880,N7101 /1 undetected,output,,N7101,N7101,1,undetected,N7101,N7101,N7101,sa1,1
881,N26096 /1 undetected,output,,N26096,N26096,1,undetected,N26096,N26096,N26096,sa1,1
882,N19467 /1 undetected,output,,N19467,N19467,1,undetected,N19467,N19467,N19467,sa1,1
883,N25839 /1 undetected,output,,N25839,N25839,1,undetected,N25839,N25839,N25839,sa1,1
884,N7122 /1 undetected,output,,N7122,N7122,1,undetected,N7122,N7122,N7122,sa1,1
885,N26088 /1 undetected,output,,N26088,N26088,1,undetected,N26088,N26088,N26088,sa1,1
886,N25806 /1 undetected,output,,N25806,N25806,1,undetected,N25806,N25806,N25806,sa1,1
887,N7039 /1 undetected,output,,N7039,N7039,1,undetected,N7039,N7039,N7039,sa1,1
888,N26076 /1 undetected,output,,N26076,N26076,1,undetected,N26076,N26076,N26076,sa1,1
889,N25841 /1 undetected,output,,N25841,N25841,1,undetected,N25841,N25841,N25841,sa1,1
890,N7128 /1 undetected,output,,N7128,N7128,1,undetected,N7128,N7128,N7128,sa1,1
891,N26082 /1 undetected,output,,N26082,N26082,1,undetected,N26082,N26082,N26082,sa1,1
892,N25842 /1 undetected,output,,N25842,N25842,1,undetected,N25842,N25842,N25842,sa1,1
893,N7131 /1 undetected,output,,N7131,N7131,1,undetected,N7131,N7131,N7131,sa1,1
894,N26084 /1 undetected,output,,N26084,N26084,1,undetected,N26084,N26084,N26084,sa1,1
895,N8323 /1 undetected,output,,N8323,N8323,1,undetected,N8323,N8323,N8323,sa1,1
896,N8307 /1 undetected,output,,N8307,N8307,1,undetected,N8307,N8307,N8307,sa1,1
897,N8308 /1 undetected,output,,N8308,N8308,1,undetected,N8308,N8308,N8308,sa1,1
898,N752 /0 undetected,output,,N752,N752,0,undetected,N752,N752,N752,sa0,1
899,N753 /0 undetected,output,,N753,N753,0,undetected,N753,N753,N753,sa0,1
900,N7590 /0 undetected,output,,N7590,N7590,0,undetected,N7590,N7590,N7590,sa0,1
901,N8782 /0 undetected,output,,N8782,N8782,0,undetected,N8782,N8782,N8782,sa0,1
902,N8600 /0 undetected,output,,N8600,N8600,0,undetected,N8600,N8600,N8600,sa0,1
903,N8232 /0 undetected,output,,N8232,N8232,0,undetected,N8232,N8232,N8232,sa0,1
904,N7881 /0 undetected,output,,N7881,N7881,0,undetected,N7881,N7881,N7881,sa0,1
905,N25785 /1 undetected,output,,N25785,N25785,1,undetected,N25785,N25785,N25785,sa1,1
906,N6974 /1 undetected,output,,N6974,N6974,1,undetected,N6974,N6974,N6974,sa1,1
907,N26041 /1 undetected,output,,N26041,N26041,1,undetected,N26041,N26041,N26041,sa1,1
908,N8283 /1 undetected,output,,N8283,N8283,1,undetected,N8283,N8283,N8283,sa1,1
909,N8158 /1 undetected,output,,N8158,N8158,1,undetected,N8158,N8158,N8158,sa1,1
910,N27399 /1 undetected,output,,N27399,N27399,1,undetected,N27399,N27399,N27399,sa1,1
911,N8156 /1 undetected,output,,N8156,N8156,1,undetected,N8156,N8156,N8156,sa1,1
912,N27397 /1 undetected,output,,N27397,N27397,1,undetected,N27397,N27397,N27397,sa1,1
913,N8287 /1 undetected,output,,N8287,N8287,1,undetected,N8287,N8287,N8287,sa1,1
914,N8477 /1 undetected,output,,N8477,N8477,1,undetected,N8477,N8477,N8477,sa1,1
915,N8457 /1 undetected,output,,N8457,N8457,1,undetected,N8457,N8457,N8457,sa1,1
916,N27590 /1 undetected,output,,N27590,N27590,1,undetected,N27590,N27590,N27590,sa1,1
917,N7542 /1 undetected,output,,N7542,N7542,1,undetected,N7542,N7542,N7542,sa1,1
918,N26795 /1 undetected,output,,N26795,N26795,1,undetected,N26795,N26795,N26795,sa1,1
919,N8713 /1 undetected,output,,N8713,N8713,1,undetected,N8713,N8713,N8713,sa1,1
920,N18619 /1 undetected,output,,N18619,N18619,1,undetected,N18619,N18619,N18619,sa1,1
921,N8528 /1 undetected,output,,N8528,N8528,1,undetected,N8528,N8528,N8528,sa1,1
922,N18616 /1 undetected,output,,N18616,N18616,1,undetected,N18616,N18616,N18616,sa1,1
923,N8163 /1 undetected,output,,N8163,N8163,1,undetected,N8163,N8163,N8163,sa1,1
924,N27460 /1 undetected,output,,N27460,N27460,1,undetected,N27460,N27460,N27460,sa1,1
925,N16960 /1 undetected,output,,N16960,N16960,1,undetected,N16960,N16960,N16960,sa1,1
926,N25801 /1 undetected,output,,N25801,N25801,1,undetected,N25801,N25801,N25801,sa1,1
927,N7014 /1 undetected,output,,N7014,N7014,1,undetected,N7014,N7014,N7014,sa1,1
928,N26056 /1 undetected,output,,N26056,N26056,1,undetected,N26056,N26056,N26056,sa1,1
929,N25788 /1 undetected,output,,N25788,N25788,1,undetected,N25788,N25788,N25788,sa1,1
930,N6982 /1 undetected,output,,N6982,N6982,1,undetected,N6982,N6982,N6982,sa1,1
931,N26043 /1 undetected,output,,N26043,N26043,1,undetected,N26043,N26043,N26043,sa1,1
932,N8781 /0 undetected,output,,N8781,N8781,0,undetected,N8781,N8781,N8781,sa0,1
933,N8599 /0 undetected,output,,N8599,N8599,0,undetected,N8599,N8599,N8599,sa0,1
934,N8231 /0 undetected,output,,N8231,N8231,0,undetected,N8231,N8231,N8231,sa0,1
935,N5603 /1 undetected,output,,N5603,N5603,1,undetected,N5603,N5603,N5603,sa1,1
936,N7588 /0 undetected,output,,N7588,N7588,0,undetected,N7588,N7588,N7588,sa0,1
937,N25789 /1 undetected,output,,N25789,N25789,1,undetected,N25789,N25789,N25789,sa1,1
938,N6985 /1 undetected,output,,N6985,N6985,1,undetected,N6985,N6985,N6985,sa1,1
939,N26045 /1 undetected,output,,N26045,N26045,1,undetected,N26045,N26045,N26045,sa1,1
940,N6705 /0 undetected,output,,N6705,N6705,0,undetected,N6705,N6705,N6705,sa0,1
941,N8711 /1 undetected,output,,N8711,N8711,1,undetected,N8711,N8711,N8711,sa1,1
942,N18605 /1 undetected,output,,N18605,N18605,1,undetected,N18605,N18605,N18605,sa1,1
943,N8526 /1 undetected,output,,N8526,N8526,1,undetected,N8526,N8526,N8526,sa1,1
944,N18602 /1 undetected,output,,N18602,N18602,1,undetected,N18602,N18602,N18602,sa1,1
945,N8161 /1 undetected,output,,N8161,N8161,1,undetected,N8161,N8161,N8161,sa1,1
946,N16968 /1 undetected,output,,N16968,N16968,1,undetected,N16968,N16968,N16968,sa1,1
947,test_en->__tpi_cp_9_N7511 /0 undetected,input_edge,test_en,__tpi_cp_9_N7511,__tpi_cp_9_N7511,0,undetected,__tpi_cp_9_N7511,__tpi_cp_9_N7511,__tpi_cp_9_N7511,sa0,1
948,N26472 /1 undetected,output,,N26472,N26472,1,undetected,N26472,N26472,N26472,sa1,1
949,N7852 /1 undetected,output,,N7852,N7852,1,undetected,N7852,N7852,N7852,sa1,1
950,N27161 /1 undetected,output,,N27161,N27161,1,undetected,N27161,N27161,N27161,sa1,1
951,N7725 /1 undetected,output,,N7725,N7725,1,undetected,N7725,N7725,N7725,sa1,1
952,N7806 /1 undetected,output,,N7806,N7806,1,undetected,N7806,N7806,N7806,sa1,1
953,N27164 /1 undetected,output,,N27164,N27164,1,undetected,N27164,N27164,N27164,sa1,1
954,N27160 /1 undetected,output,,N27160,N27160,1,undetected,N27160,N27160,N27160,sa1,1
955,N507 /0 undetected,output,,N507,N507,0,undetected,N507,N507,N507,sa0,1
956,N25792 /1 undetected,output,,N25792,N25792,1,undetected,N25792,N25792,N25792,sa1,1
957,N6992 /1 undetected,output,,N6992,N6992,1,undetected,N6992,N6992,N6992,sa1,1
958,N26047 /1 undetected,output,,N26047,N26047,1,undetected,N26047,N26047,N26047,sa1,1
959,N25799 /1 undetected,output,,N25799,N25799,1,undetected,N25799,N25799,N25799,sa1,1
960,N7009 /1 undetected,output,,N7009,N7009,1,undetected,N7009,N7009,N7009,sa1,1
961,N26054 /1 undetected,output,,N26054,N26054,1,undetected,N26054,N26054,N26054,sa1,1
962,N8780 /0 undetected,output,,N8780,N8780,0,undetected,N8780,N8780,N8780,sa0,1
963,N8598 /0 undetected,output,,N8598,N8598,0,undetected,N8598,N8598,N8598,sa0,1
964,N8230 /0 undetected,output,,N8230,N8230,0,undetected,N8230,N8230,N8230,sa0,1
965,N20867 /1 undetected,output,,N20867,N20867,1,undetected,N20867,N20867,N20867,sa1,1
966,N8709 /1 undetected,output,,N8709,N8709,1,undetected,N8709,N8709,N8709,sa1,1
967,N18591 /1 undetected,output,,N18591,N18591,1,undetected,N18591,N18591,N18591,sa1,1
968,N8524 /1 undetected,output,,N8524,N8524,1,undetected,N8524,N8524,N8524,sa1,1
969,N18588 /1 undetected,output,,N18588,N18588,1,undetected,N18588,N18588,N18588,sa1,1
970,N8159 /1 undetected,output,,N8159,N8159,1,undetected,N8159,N8159,N8159,sa1,1
971,N16976 /1 undetected,output,,N16976,N16976,1,undetected,N16976,N16976,N16976,sa1,1
972,test_en->__tpi_cp_13_N496 /0 undetected,input_edge,test_en,__tpi_cp_13_N496,__tpi_cp_13_N496,0,undetected,__tpi_cp_13_N496,__tpi_cp_13_N496,__tpi_cp_13_N496,sa0,1
973,N7325 /1 undetected,output,,N7325,N7325,1,undetected,N7325,N7325,N7325,sa1,1
974,N7271 /1 undetected,output,,N7271,N7271,1,undetected,N7271,N7271,N7271,sa1,1
975,N26549 /1 undetected,output,,N26549,N26549,1,undetected,N26549,N26549,N26549,sa1,1
976,N22694 /1 undetected,output,,N22694,N22694,1,undetected,N22694,N22694,N22694,sa1,1
977,N23978 /1 undetected,output,,N23978,N23978,1,undetected,N23978,N23978,N23978,sa1,1
978,N7853 /1 undetected,output,,N7853,N7853,1,undetected,N7853,N7853,N7853,sa1,1
979,N27168 /1 undetected,output,,N27168,N27168,1,undetected,N27168,N27168,N27168,sa1,1
980,N7724 /1 undetected,output,,N7724,N7724,1,undetected,N7724,N7724,N7724,sa1,1
981,N7805 /1 undetected,output,,N7805,N7805,1,undetected,N7805,N7805,N7805,sa1,1
982,N27171 /1 undetected,output,,N27171,N27171,1,undetected,N27171,N27171,N27171,sa1,1
983,N27167 /1 undetected,output,,N27167,N27167,1,undetected,N27167,N27167,N27167,sa1,1
984,N8779 /0 undetected,output,,N8779,N8779,0,undetected,N8779,N8779,N8779,sa0,1
985,N8597 /0 undetected,output,,N8597,N8597,0,undetected,N8597,N8597,N8597,sa0,1
986,N8229 /0 undetected,output,,N8229,N8229,0,undetected,N8229,N8229,N8229,sa0,1
987,N7875 /0 undetected,output,,N7875,N7875,0,undetected,N7875,N7875,N7875,sa0,1
988,N25794 /1 undetected,output,,N25794,N25794,1,undetected,N25794,N25794,N25794,sa1,1
989,N6998 /1 undetected,output,,N6998,N6998,1,undetected,N6998,N6998,N6998,sa1,1
990,N26051 /1 undetected,output,,N26051,N26051,1,undetected,N26051,N26051,N26051,sa1,1
991,N25793 /1 undetected,output,,N25793,N25793,1,undetected,N25793,N25793,N25793,sa1,1
992,N6995 /1 undetected,output,,N6995,N6995,1,undetected,N6995,N6995,N6995,sa1,1
993,N26049 /1 undetected,output,,N26049,N26049,1,undetected,N26049,N26049,N26049,sa1,1
994,N5894 /1 undetected,output,,N5894,N5894,1,undetected,N5894,N5894,N5894,sa1,1
995,test_en->__tpi_cp_115_N1607 /0 undetected,input_edge,test_en,__tpi_cp_115_N1607,__tpi_cp_115_N1607,0,undetected,__tpi_cp_115_N1607,__tpi_cp_115_N1607,__tpi_cp_115_N1607,sa0,1
996,N1607 /0 undetected,output,,N1607,N1607,0,undetected,N1607,N1607,N1607,sa0,1
997,N8707 /1 undetected,output,,N8707,N8707,1,undetected,N8707,N8707,N8707,sa1,1
998,N18577 /1 undetected,output,,N18577,N18577,1,undetected,N18577,N18577,N18577,sa1,1
999,N8522 /1 undetected,output,,N8522,N8522,1,undetected,N8522,N8522,N8522,sa1,1
1000,N18574 /1 undetected,output,,N18574,N18574,1,undetected,N18574,N18574,N18574,sa1,1
1001,N8157 /1 undetected,output,,N8157,N8157,1,undetected,N8157,N8157,N8157,sa1,1
1002,N7327 /1 undetected,output,,N7327,N7327,1,undetected,N7327,N7327,N7327,sa1,1
1003,N7226 /1 undetected,output,,N7226,N7226,1,undetected,N7226,N7226,N7226,sa1,1
1004,N26446 /1 undetected,output,,N26446,N26446,1,undetected,N26446,N26446,N26446,sa1,1
1005,N7272 /1 undetected,output,,N7272,N7272,1,undetected,N7272,N7272,N7272,sa1,1
1006,N18960 /1 undetected,output,,N18960,N18960,1,undetected,N18960,N18960,N18960,sa1,1
1007,N8778 /0 undetected,output,,N8778,N8778,0,undetected,N8778,N8778,N8778,sa0,1
1008,N8596 /0 undetected,output,,N8596,N8596,0,undetected,N8596,N8596,N8596,sa0,1
1009,N7723 /1 undetected,output,,N7723,N7723,1,undetected,N7723,N7723,N7723,sa1,1
1010,N7804 /1 undetected,output,,N7804,N7804,1,undetected,N7804,N7804,N7804,sa1,1
1011,N27178 /1 undetected,output,,N27178,N27178,1,undetected,N27178,N27178,N27178,sa1,1
1012,N27174 /1 undetected,output,,N27174,N27174,1,undetected,N27174,N27174,N27174,sa1,1
1013,N6009 /1 undetected,output,,N6009,N6009,1,undetected,N6009,N6009,N6009,sa1,1
1014,N18735 /1 undetected,output,,N18735,N18735,1,undetected,N18735,N18735,N18735,sa1,1
1015,N8705 /1 undetected,output,,N8705,N8705,1,undetected,N8705,N8705,N8705,sa1,1
1016,N18564 /1 undetected,output,,N18564,N18564,1,undetected,N18564,N18564,N18564,sa1,1
1017,N8520 /1 undetected,output,,N8520,N8520,1,undetected,N8520,N8520,N8520,sa1,1
1018,N18561 /1 undetected,output,,N18561,N18561,1,undetected,N18561,N18561,N18561,sa1,1
1019,N16992 /1 undetected,output,,N16992,N16992,1,undetected,N16992,N16992,N16992,sa1,1
1020,N7308 /0 undetected,output,,N7308,N7308,0,undetected,N7308,N7308,N7308,sa0,1
1021,N7331 /1 undetected,output,,N7331,N7331,1,undetected,N7331,N7331,N7331,sa1,1
1022,N7224 /1 undetected,output,,N7224,N7224,1,undetected,N7224,N7224,N7224,sa1,1
1023,N26444 /1 undetected,output,,N26444,N26444,1,undetected,N26444,N26444,N26444,sa1,1
1024,N7225 /1 undetected,output,,N7225,N7225,1,undetected,N7225,N7225,N7225,sa1,1
1025,N18954 /1 undetected,output,,N18954,N18954,1,undetected,N18954,N18954,N18954,sa1,1
1026,N6038 /0 undetected,output,,N6038,N6038,0,undetected,N6038,N6038,N6038,sa0,1
1027,N8777 /0 undetected,output,,N8777,N8777,0,undetected,N8777,N8777,N8777,sa0,1
1028,N8595 /0 undetected,output,,N8595,N8595,0,undetected,N8595,N8595,N8595,sa0,1
1029,N5959 /1 undetected,output,,N5959,N5959,1,undetected,N5959,N5959,N5959,sa1,1
1030,N18720 /1 undetected,output,,N18720,N18720,1,undetected,N18720,N18720,N18720,sa1,1
1031,N7855 /1 undetected,output,,N7855,N7855,1,undetected,N7855,N7855,N7855,sa1,1
1032,N27182 /1 undetected,output,,N27182,N27182,1,undetected,N27182,N27182,N27182,sa1,1
1033,N7722 /1 undetected,output,,N7722,N7722,1,undetected,N7722,N7722,N7722,sa1,1
1034,N7803 /1 undetected,output,,N7803,N7803,1,undetected,N7803,N7803,N7803,sa1,1
1035,N27185 /1 undetected,output,,N27185,N27185,1,undetected,N27185,N27185,N27185,sa1,1
1036,N27181 /1 undetected,output,,N27181,N27181,1,undetected,N27181,N27181,N27181,sa1,1
1037,N8703 /1 undetected,output,,N8703,N8703,1,undetected,N8703,N8703,N8703,sa1,1
1038,N18550 /1 undetected,output,,N18550,N18550,1,undetected,N18550,N18550,N18550,sa1,1
1039,N8518 /1 undetected,output,,N8518,N8518,1,undetected,N8518,N8518,N8518,sa1,1
1040,N18547 /1 undetected,output,,N18547,N18547,1,undetected,N18547,N18547,N18547,sa1,1
1041,N17000 /1 undetected,output,,N17000,N17000,1,undetected,N17000,N17000,N17000,sa1,1
1042,N7307 /0 undetected,output,,N7307,N7307,0,undetected,N7307,N7307,N7307,sa0,1
1043,N7333 /1 undetected,output,,N7333,N7333,1,undetected,N7333,N7333,N7333,sa1,1
1044,N7222 /1 undetected,output,,N7222,N7222,1,undetected,N7222,N7222,N7222,sa1,1
1045,N26442 /1 undetected,output,,N26442,N26442,1,undetected,N26442,N26442,N26442,sa1,1
1046,N7223 /1 undetected,output,,N7223,N7223,1,undetected,N7223,N7223,N7223,sa1,1
1047,N18948 /1 undetected,output,,N18948,N18948,1,undetected,N18948,N18948,N18948,sa1,1
1048,N6033 /0 undetected,output,,N6033,N6033,0,undetected,N6033,N6033,N6033,sa0,1
1049,N8776 /0 undetected,output,,N8776,N8776,0,undetected,N8776,N8776,N8776,sa0,1
1050,N8594 /0 undetected,output,,N8594,N8594,0,undetected,N8594,N8594,N8594,sa0,1
1051,N7872 /0 undetected,output,,N7872,N7872,0,undetected,N7872,N7872,N7872,sa0,1
1052,N6011 /1 undetected,output,,N6011,N6011,1,undetected,N6011,N6011,N6011,sa1,1
1053,N18692 /1 undetected,output,,N18692,N18692,1,undetected,N18692,N18692,N18692,sa1,1
1054,N5958 /1 undetected,output,,N5958,N5958,1,undetected,N5958,N5958,N5958,sa1,1
1055,N6004 /1 undetected,output,,N6004,N6004,1,undetected,N6004,N6004,N6004,sa1,1
1056,N18705 /1 undetected,output,,N18705,N18705,1,undetected,N18705,N18705,N18705,sa1,1
1057,N18691 /1 undetected,output,,N18691,N18691,1,undetected,N18691,N18691,N18691,sa1,1
1058,N25112 /1 undetected,output,,N25112,N25112,1,undetected,N25112,N25112,N25112,sa1,1
1059,N3625 /1 undetected,output,,N3625,N3625,1,undetected,N3625,N3625,N3625,sa1,1
1060,N23232 /1 undetected,output,,N23232,N23232,1,undetected,N23232,N23232,N23232,sa1,1
1061,N26618 /1 undetected,output,,N26618,N26618,1,undetected,N26618,N26618,N26618,sa1,1
1062,N7442 /1 undetected,output,,N7442,N7442,1,undetected,N7442,N7442,N7442,sa1,1
1063,N7382 /1 undetected,output,,N7382,N7382,1,undetected,N7382,N7382,N7382,sa1,1
1064,N8701 /1 undetected,output,,N8701,N8701,1,undetected,N8701,N8701,N8701,sa1,1
1065,N18537 /1 undetected,output,,N18537,N18537,1,undetected,N18537,N18537,N18537,sa1,1
1066,N8516 /1 undetected,output,,N8516,N8516,1,undetected,N8516,N8516,N8516,sa1,1
1067,N18534 /1 undetected,output,,N18534,N18534,1,undetected,N18534,N18534,N18534,sa1,1
1068,N22186 /1 undetected,output,,N22186,N22186,1,undetected,N22186,N22186,N22186,sa1,1
1069,N17238 /1 undetected,output,,N17238,N17238,1,undetected,N17238,N17238,N17238,sa1,1
1070,N27347 /1 undetected,output,,N27347,N27347,1,undetected,N27347,N27347,N27347,sa1,1
1071,N7306 /0 undetected,output,,N7306,N7306,0,undetected,N7306,N7306,N7306,sa0,1
1072,N7335 /1 undetected,output,,N7335,N7335,1,undetected,N7335,N7335,N7335,sa1,1
1073,N7220 /1 undetected,output,,N7220,N7220,1,undetected,N7220,N7220,N7220,sa1,1
1074,N26440 /1 undetected,output,,N26440,N26440,1,undetected,N26440,N26440,N26440,sa1,1
1075,N7424 /0 undetected,output,,N7424,N7424,0,undetected,N7424,N7424,N7424,sa0,1
1076,N7820 /1 undetected,output,,N7820,N7820,1,undetected,N7820,N7820,N7820,sa1,1
1077,N27068 /1 undetected,output,,N27068,N27068,1,undetected,N27068,N27068,N27068,sa1,1
1078,N7221 /1 undetected,output,,N7221,N7221,1,undetected,N7221,N7221,N7221,sa1,1
1079,N18942 /1 undetected,output,,N18942,N18942,1,undetected,N18942,N18942,N18942,sa1,1
1080,N6032 /0 undetected,output,,N6032,N6032,0,undetected,N6032,N6032,N6032,sa0,1
1081,N8775 /0 undetected,output,,N8775,N8775,0,undetected,N8775,N8775,N8775,sa0,1
1082,N8593 /0 undetected,output,,N8593,N8593,0,undetected,N8593,N8593,N8593,sa0,1
1083,N6012 /1 undetected,output,,N6012,N6012,1,undetected,N6012,N6012,N6012,sa1,1
1084,N18665 /1 undetected,output,,N18665,N18665,1,undetected,N18665,N18665,N18665,sa1,1
1085,N5956 /1 undetected,output,,N5956,N5956,1,undetected,N5956,N5956,N5956,sa1,1
1086,N6003 /1 undetected,output,,N6003,N6003,1,undetected,N6003,N6003,N6003,sa1,1
1087,N18678 /1 undetected,output,,N18678,N18678,1,undetected,N18678,N18678,N18678,sa1,1
1088,N18664 /1 undetected,output,,N18664,N18664,1,undetected,N18664,N18664,N18664,sa1,1
1089,N7370 /0 undetected,output,,N7370,N7370,0,undetected,N7370,N7370,N7370,sa0,1
1090,N22228 /1 undetected,output,,N22228,N22228,1,undetected,N22228,N22228,N22228,sa1,1
1091,N8699 /1 undetected,output,,N8699,N8699,1,undetected,N8699,N8699,N8699,sa1,1
1092,N18523 /1 undetected,output,,N18523,N18523,1,undetected,N18523,N18523,N18523,sa1,1
1093,N8514 /1 undetected,output,,N8514,N8514,1,undetected,N8514,N8514,N8514,sa1,1
1094,N18520 /1 undetected,output,,N18520,N18520,1,undetected,N18520,N18520,N18520,sa1,1
1095,N19375 /1 undetected,output,,N19375,N19375,1,undetected,N19375,N19375,N19375,sa1,1
1096,N7305 /0 undetected,output,,N7305,N7305,0,undetected,N7305,N7305,N7305,sa0,1
1097,N7337 /1 undetected,output,,N7337,N7337,1,undetected,N7337,N7337,N7337,sa1,1
1098,N7218 /1 undetected,output,,N7218,N7218,1,undetected,N7218,N7218,N7218,sa1,1
1099,N26438 /1 undetected,output,,N26438,N26438,1,undetected,N26438,N26438,N26438,sa1,1
1100,N7339 /1 undetected,output,,N7339,N7339,1,undetected,N7339,N7339,N7339,sa1,1
1101,N7215 /1 undetected,output,,N7215,N7215,1,undetected,N7215,N7215,N7215,sa1,1
1102,N26551 /1 undetected,output,,N26551,N26551,1,undetected,N26551,N26551,N26551,sa1,1
1103,N7219 /1 undetected,output,,N7219,N7219,1,undetected,N7219,N7219,N7219,sa1,1
1104,N18936 /1 undetected,output,,N18936,N18936,1,undetected,N18936,N18936,N18936,sa1,1
1105,N6026 /0 undetected,output,,N6026,N6026,0,undetected,N6026,N6026,N6026,sa0,1
1106,__tpi_not_test_en->__tpi_cp_4_N3644 /1 undetected,input_edge,__tpi_not_test_en,__tpi_cp_4_N3644,__tpi_cp_4_N3644,1,undetected,__tpi_cp_4_N3644,__tpi_cp_4_N3644,__tpi_cp_4_N3644,sa1,1
1107,N8774 /0 undetected,output,,N8774,N8774,0,undetected,N8774,N8774,N8774,sa0,1
1108,N8592 /0 undetected,output,,N8592,N8592,0,undetected,N8592,N8592,N8592,sa0,1
1109,N7408 /1 undetected,output,,N7408,N7408,1,undetected,N7408,N7408,N7408,sa1,1
1110,N22217 /1 undetected,output,,N22217,N22217,1,undetected,N22217,N22217,N22217,sa1,1
1111,N8096 /1 undetected,output,,N8096,N8096,1,undetected,N8096,N8096,N8096,sa1,1
1112,N8081 /1 undetected,output,,N8081,N8081,1,undetected,N8081,N8081,N8081,sa1,1
1113,N8094 /1 undetected,output,,N8094,N8094,1,undetected,N8094,N8094,N8094,sa1,1
1114,N6013 /1 undetected,output,,N6013,N6013,1,undetected,N6013,N6013,N6013,sa1,1
1115,N18638 /1 undetected,output,,N18638,N18638,1,undetected,N18638,N18638,N18638,sa1,1
1116,N5953 /1 undetected,output,,N5953,N5953,1,undetected,N5953,N5953,N5953,sa1,1
1117,N6002 /1 undetected,output,,N6002,N6002,1,undetected,N6002,N6002,N6002,sa1,1
1118,N18651 /1 undetected,output,,N18651,N18651,1,undetected,N18651,N18651,N18651,sa1,1
1119,N18637 /1 undetected,output,,N18637,N18637,1,undetected,N18637,N18637,N18637,sa1,1
1120,N8697 /1 undetected,output,,N8697,N8697,1,undetected,N8697,N8697,N8697,sa1,1
1121,N18510 /1 undetected,output,,N18510,N18510,1,undetected,N18510,N18510,N18510,sa1,1
1122,N8512 /1 undetected,output,,N8512,N8512,1,undetected,N8512,N8512,N8512,sa1,1
1123,N18507 /1 undetected,output,,N18507,N18507,1,undetected,N18507,N18507,N18507,sa1,1
1124,N7304 /0 undetected,output,,N7304,N7304,0,undetected,N7304,N7304,N7304,sa0,1
1125,N7341 /1 undetected,output,,N7341,N7341,1,undetected,N7341,N7341,N7341,sa1,1
1126,N7216 /1 undetected,output,,N7216,N7216,1,undetected,N7216,N7216,N7216,sa1,1
1127,N26436 /1 undetected,output,,N26436,N26436,1,undetected,N26436,N26436,N26436,sa1,1
1128,__tpi_cp_19_N1437 /1 undetected,output,,__tpi_cp_19_N1437,__tpi_cp_19_N1437,1,undetected,__tpi_cp_19_N1437,__tpi_cp_19_N1437,__tpi_cp_19_N1437,sa1,1
1129,N7343 /1 undetected,output,,N7343,N7343,1,undetected,N7343,N7343,N7343,sa1,1
1130,N7212 /1 undetected,output,,N7212,N7212,1,undetected,N7212,N7212,N7212,sa1,1
1131,N26553 /1 undetected,output,,N26553,N26553,1,undetected,N26553,N26553,N26553,sa1,1
1132,N7273 /1 undetected,output,,N7273,N7273,1,undetected,N7273,N7273,N7273,sa1,1
1133,N18924 /1 undetected,output,,N18924,N18924,1,undetected,N18924,N18924,N18924,sa1,1
1134,N7217 /1 undetected,output,,N7217,N7217,1,undetected,N7217,N7217,N7217,sa1,1
1135,N7266 /1 undetected,output,,N7266,N7266,1,undetected,N7266,N7266,N7266,sa1,1
1136,N18930 /1 undetected,output,,N18930,N18930,1,undetected,N18930,N18930,N18930,sa1,1
1137,N18923 /1 undetected,output,,N18923,N18923,1,undetected,N18923,N18923,N18923,sa1,1
1138,N6025 /0 undetected,output,,N6025,N6025,0,undetected,N6025,N6025,N6025,sa0,1
1139,N8773 /0 undetected,output,,N8773,N8773,0,undetected,N8773,N8773,N8773,sa0,1
1140,N8591 /0 undetected,output,,N8591,N8591,0,undetected,N8591,N8591,N8591,sa0,1
1141,N6014 /1 undetected,output,,N6014,N6014,1,undetected,N6014,N6014,N6014,sa1,1
1142,N18611 /1 undetected,output,,N18611,N18611,1,undetected,N18611,N18611,N18611,sa1,1
1143,N5950 /1 undetected,output,,N5950,N5950,1,undetected,N5950,N5950,N5950,sa1,1
1144,N6001 /1 undetected,output,,N6001,N6001,1,undetected,N6001,N6001,N6001,sa1,1
1145,N18624 /1 undetected,output,,N18624,N18624,1,undetected,N18624,N18624,N18624,sa1,1
1146,N18610 /1 undetected,output,,N18610,N18610,1,undetected,N18610,N18610,N18610,sa1,1
1147,N8695 /1 undetected,output,,N8695,N8695,1,undetected,N8695,N8695,N8695,sa1,1
1148,N8510 /1 undetected,output,,N8510,N8510,1,undetected,N8510,N8510,N8510,sa1,1
1149,N7302 /0 undetected,output,,N7302,N7302,0,undetected,N7302,N7302,N7302,sa0,1
1150,N7345 /1 undetected,output,,N7345,N7345,1,undetected,N7345,N7345,N7345,sa1,1
1151,N7213 /1 undetected,output,,N7213,N7213,1,undetected,N7213,N7213,N7213,sa1,1
1152,N26434 /1 undetected,output,,N26434,N26434,1,undetected,N26434,N26434,N26434,sa1,1
1153,N22223 /1 undetected,output,,N22223,N22223,1,undetected,N22223,N22223,N22223,sa1,1
1154,N7347 /1 undetected,output,,N7347,N7347,1,undetected,N7347,N7347,N7347,sa1,1
1155,N7209 /1 undetected,output,,N7209,N7209,1,undetected,N7209,N7209,N7209,sa1,1
1156,N26555 /1 undetected,output,,N26555,N26555,1,undetected,N26555,N26555,N26555,sa1,1
1157,N7274 /1 undetected,output,,N7274,N7274,1,undetected,N7274,N7274,N7274,sa1,1
1158,N18911 /1 undetected,output,,N18911,N18911,1,undetected,N18911,N18911,N18911,sa1,1
1159,N7214 /1 undetected,output,,N7214,N7214,1,undetected,N7214,N7214,N7214,sa1,1
1160,N7265 /1 undetected,output,,N7265,N7265,1,undetected,N7265,N7265,N7265,sa1,1
1161,N18917 /1 undetected,output,,N18917,N18917,1,undetected,N18917,N18917,N18917,sa1,1
1162,N18910 /1 undetected,output,,N18910,N18910,1,undetected,N18910,N18910,N18910,sa1,1
1163,N6031 /0 undetected,output,,N6031,N6031,0,undetected,N6031,N6031,N6031,sa0,1
1164,N8772 /0 undetected,output,,N8772,N8772,0,undetected,N8772,N8772,N8772,sa0,1
1165,N23974 /1 undetected,output,,N23974,N23974,1,undetected,N23974,N23974,N23974,sa1,1
1166,N8466 /1 undetected,output,,N8466,N8466,1,undetected,N8466,N8466,N8466,sa1,1
1167,N22422 /1 undetected,output,,N22422,N22422,1,undetected,N22422,N22422,N22422,sa1,1
1168,N25813 /1 undetected,output,,N25813,N25813,1,undetected,N25813,N25813,N25813,sa1,1
1169,N7058 /1 undetected,output,,N7058,N7058,1,undetected,N7058,N7058,N7058,sa1,1
1170,N26080 /1 undetected,output,,N26080,N26080,1,undetected,N26080,N26080,N26080,sa1,1
1171,N6015 /1 undetected,output,,N6015,N6015,1,undetected,N6015,N6015,N6015,sa1,1
1172,N18583 /1 undetected,output,,N18583,N18583,1,undetected,N18583,N18583,N18583,sa1,1
1173,N5946 /1 undetected,output,,N5946,N5946,1,undetected,N5946,N5946,N5946,sa1,1
1174,N6000 /1 undetected,output,,N6000,N6000,1,undetected,N6000,N6000,N6000,sa1,1
1175,N18596 /1 undetected,output,,N18596,N18596,1,undetected,N18596,N18596,N18596,sa1,1
1176,N18582 /1 undetected,output,,N18582,N18582,1,undetected,N18582,N18582,N18582,sa1,1
1177,N18483 /1 undetected,output,,N18483,N18483,1,undetected,N18483,N18483,N18483,sa1,1
1178,N19351 /1 undetected,output,,N19351,N19351,1,undetected,N19351,N19351,N19351,sa1,1
1179,N7300 /0 undetected,output,,N7300,N7300,0,undetected,N7300,N7300,N7300,sa0,1
1180,N7349 /1 undetected,output,,N7349,N7349,1,undetected,N7349,N7349,N7349,sa1,1
1181,N7210 /1 undetected,output,,N7210,N7210,1,undetected,N7210,N7210,N7210,sa1,1
1182,N26432 /1 undetected,output,,N26432,N26432,1,undetected,N26432,N26432,N26432,sa1,1
1183,N7351 /1 undetected,output,,N7351,N7351,1,undetected,N7351,N7351,N7351,sa1,1
1184,N7206 /1 undetected,output,,N7206,N7206,1,undetected,N7206,N7206,N7206,sa1,1
1185,N26557 /1 undetected,output,,N26557,N26557,1,undetected,N26557,N26557,N26557,sa1,1
1186,__tpi_not_test_en->__tpi_cp_136_N5629 /1 undetected,input_edge,__tpi_not_test_en,__tpi_cp_136_N5629,__tpi_cp_136_N5629,1,undetected,__tpi_cp_136_N5629,__tpi_cp_136_N5629,__tpi_cp_136_N5629,sa1,1
1187,N7627->N15813 /1 undetected,input_edge,N7627,N15813,N15813,1,undetected,N15813,N15813,N15813,sa1,1
1188,N26848 /1 undetected,output,,N26848,N26848,1,undetected,N26848,N26848,N26848,sa1,1
1189,N7275 /1 undetected,output,,N7275,N7275,1,undetected,N7275,N7275,N7275,sa1,1
1190,N18898 /1 undetected,output,,N18898,N18898,1,undetected,N18898,N18898,N18898,sa1,1
1191,N7211 /1 undetected,output,,N7211,N7211,1,undetected,N7211,N7211,N7211,sa1,1
1192,N7264 /1 undetected,output,,N7264,N7264,1,undetected,N7264,N7264,N7264,sa1,1
1193,N18904 /1 undetected,output,,N18904,N18904,1,undetected,N18904,N18904,N18904,sa1,1
1194,N18897 /1 undetected,output,,N18897,N18897,1,undetected,N18897,N18897,N18897,sa1,1
1195,N6024 /0 undetected,output,,N6024,N6024,0,undetected,N6024,N6024,N6024,sa0,1
1196,N7614->N10920 /1 undetected,input_edge,N7614,N10920,N10920,1,undetected,N10920,N10920,N10920,sa1,1
1197,N26847 /1 undetected,output,,N26847,N26847,1,undetected,N26847,N26847,N26847,sa1,1
1198,N5478 /1 undetected,output,,N5478,N5478,1,undetected,N5478,N5478,N5478,sa1,1
1199,N6016 /1 undetected,output,,N6016,N6016,1,undetected,N6016,N6016,N6016,sa1,1
1200,N18556 /1 undetected,output,,N18556,N18556,1,undetected,N18556,N18556,N18556,sa1,1
1201,N5944 /1 undetected,output,,N5944,N5944,1,undetected,N5944,N5944,N5944,sa1,1
1202,N5999 /1 undetected,output,,N5999,N5999,1,undetected,N5999,N5999,N5999,sa1,1
1203,N18569 /1 undetected,output,,N18569,N18569,1,undetected,N18569,N18569,N18569,sa1,1
1204,N18555 /1 undetected,output,,N18555,N18555,1,undetected,N18555,N18555,N18555,sa1,1
1205,N24850 /1 undetected,output,,N24850,N24850,1,undetected,N24850,N24850,N24850,sa1,1
1206,N7859 /1 undetected,output,,N7859,N7859,1,undetected,N7859,N7859,N7859,sa1,1
1207,N7298 /0 undetected,output,,N7298,N7298,0,undetected,N7298,N7298,N7298,sa0,1
1208,N7353 /1 undetected,output,,N7353,N7353,1,undetected,N7353,N7353,N7353,sa1,1
1209,N7207 /1 undetected,output,,N7207,N7207,1,undetected,N7207,N7207,N7207,sa1,1
1210,N26430 /1 undetected,output,,N26430,N26430,1,undetected,N26430,N26430,N26430,sa1,1
1211,test_en->__tpi_cp_15_N5203 /0 undetected,input_edge,test_en,__tpi_cp_15_N5203,__tpi_cp_15_N5203,0,undetected,__tpi_cp_15_N5203,__tpi_cp_15_N5203,__tpi_cp_15_N5203,sa0,1
1212,N7355 /1 undetected,output,,N7355,N7355,1,undetected,N7355,N7355,N7355,sa1,1
1213,N7203 /1 undetected,output,,N7203,N7203,1,undetected,N7203,N7203,N7203,sa1,1
1214,N26559 /1 undetected,output,,N26559,N26559,1,undetected,N26559,N26559,N26559,sa1,1
1215,N7276 /1 undetected,output,,N7276,N7276,1,undetected,N7276,N7276,N7276,sa1,1
1216,N18885 /1 undetected,output,,N18885,N18885,1,undetected,N18885,N18885,N18885,sa1,1
1217,N7208 /1 undetected,output,,N7208,N7208,1,undetected,N7208,N7208,N7208,sa1,1
1218,N7263 /1 undetected,output,,N7263,N7263,1,undetected,N7263,N7263,N7263,sa1,1
1219,N18891 /1 undetected,output,,N18891,N18891,1,undetected,N18891,N18891,N18891,sa1,1
1220,N18884 /1 undetected,output,,N18884,N18884,1,undetected,N18884,N18884,N18884,sa1,1
1221,N6027 /0 undetected,output,,N6027,N6027,0,undetected,N6027,N6027,N6027,sa0,1
1222,N24881 /1 undetected,output,,N24881,N24881,1,undetected,N24881,N24881,N24881,sa1,1
1223,N24879 /1 undetected,output,,N24879,N24879,1,undetected,N24879,N24879,N24879,sa1,1
1224,N19489 /1 undetected,output,,N19489,N19489,1,undetected,N19489,N19489,N19489,sa1,1
1225,N8440 /1 undetected,output,,N8440,N8440,1,undetected,N8440,N8440,N8440,sa1,1
1226,N7627 /1 undetected,output,,N7627,N7627,1,undetected,N7627,N7627,N7627,sa1,1
1227,N26722 /1 undetected,output,,N26722,N26722,1,undetected,N26722,N26722,N26722,sa1,1
1228,N7614 /1 undetected,output,,N7614,N7614,1,undetected,N7614,N7614,N7614,sa1,1
1229,N26717 /1 undetected,output,,N26717,N26717,1,undetected,N26717,N26717,N26717,sa1,1
1230,N7516 /1 undetected,output,,N7516,N7516,1,undetected,N7516,N7516,N7516,sa1,1
1231,N6017 /1 undetected,output,,N6017,N6017,1,undetected,N6017,N6017,N6017,sa1,1
1232,N18529 /1 undetected,output,,N18529,N18529,1,undetected,N18529,N18529,N18529,sa1,1
1233,N5941 /1 undetected,output,,N5941,N5941,1,undetected,N5941,N5941,N5941,sa1,1
1234,N5998 /1 undetected,output,,N5998,N5998,1,undetected,N5998,N5998,N5998,sa1,1
1235,N18542 /1 undetected,output,,N18542,N18542,1,undetected,N18542,N18542,N18542,sa1,1
1236,N18528 /1 undetected,output,,N18528,N18528,1,undetected,N18528,N18528,N18528,sa1,1
1237,N27011 /1 undetected,output,,N27011,N27011,1,undetected,N27011,N27011,N27011,sa1,1
1238,N7970 /1 undetected,output,,N7970,N7970,1,undetected,N7970,N7970,N7970,sa1,1
1239,N7835 /1 undetected,output,,N7835,N7835,1,undetected,N7835,N7835,N7835,sa1,1
1240,N7296 /0 undetected,output,,N7296,N7296,0,undetected,N7296,N7296,N7296,sa0,1
1241,N7357 /1 undetected,output,,N7357,N7357,1,undetected,N7357,N7357,N7357,sa1,1
1242,N7204 /1 undetected,output,,N7204,N7204,1,undetected,N7204,N7204,N7204,sa1,1
1243,N26428 /1 undetected,output,,N26428,N26428,1,undetected,N26428,N26428,N26428,sa1,1
1244,N25807 /1 undetected,output,,N25807,N25807,1,undetected,N25807,N25807,N25807,sa1,1
1245,N7042 /1 undetected,output,,N7042,N7042,1,undetected,N7042,N7042,N7042,sa1,1
1246,N26074 /1 undetected,output,,N26074,N26074,1,undetected,N26074,N26074,N26074,sa1,1
1247,N23977 /1 undetected,output,,N23977,N23977,1,undetected,N23977,N23977,N23977,sa1,1
1248,N7359 /1 undetected,output,,N7359,N7359,1,undetected,N7359,N7359,N7359,sa1,1
1249,N7200 /1 undetected,output,,N7200,N7200,1,undetected,N7200,N7200,N7200,sa1,1
1250,N26561 /1 undetected,output,,N26561,N26561,1,undetected,N26561,N26561,N26561,sa1,1
1251,N893 /0 undetected,output,,N893,N893,0,undetected,N893,N893,N893,sa0,1
1252,N5048 /1 undetected,output,,N5048,N5048,1,undetected,N5048,N5048,N5048,sa1,1
1253,N5047 /1 undetected,output,,N5047,N5047,1,undetected,N5047,N5047,N5047,sa1,1
1254,N7277 /1 undetected,output,,N7277,N7277,1,undetected,N7277,N7277,N7277,sa1,1
1255,N18872 /1 undetected,output,,N18872,N18872,1,undetected,N18872,N18872,N18872,sa1,1
1256,N7205 /1 undetected,output,,N7205,N7205,1,undetected,N7205,N7205,N7205,sa1,1
1257,N7262 /1 undetected,output,,N7262,N7262,1,undetected,N7262,N7262,N7262,sa1,1
1258,N18878 /1 undetected,output,,N18878,N18878,1,undetected,N18878,N18878,N18878,sa1,1
1259,N18871 /1 undetected,output,,N18871,N18871,1,undetected,N18871,N18871,N18871,sa1,1
1260,N6034 /0 undetected,output,,N6034,N6034,0,undetected,N6034,N6034,N6034,sa0,1
1261,N22646 /1 undetected,output,,N22646,N22646,1,undetected,N22646,N22646,N22646,sa1,1
1262,N23579 /1 undetected,output,,N23579,N23579,1,undetected,N23579,N23579,N23579,sa1,1
1263,test_en->__tpi_cp_144_N651 /0 undetected,input_edge,test_en,__tpi_cp_144_N651,__tpi_cp_144_N651,0,undetected,__tpi_cp_144_N651,__tpi_cp_144_N651,__tpi_cp_144_N651,sa0,1
1264,N17224 /1 undetected,output,,N17224,N17224,1,undetected,N17224,N17224,N17224,sa1,1
1265,N23192 /1 undetected,output,,N23192,N23192,1,undetected,N23192,N23192,N23192,sa1,1
1266,N6018 /1 undetected,output,,N6018,N6018,1,undetected,N6018,N6018,N6018,sa1,1
1267,N18502 /1 undetected,output,,N18502,N18502,1,undetected,N18502,N18502,N18502,sa1,1
1268,N5937 /1 undetected,output,,N5937,N5937,1,undetected,N5937,N5937,N5937,sa1,1
1269,N5997 /1 undetected,output,,N5997,N5997,1,undetected,N5997,N5997,N5997,sa1,1
1270,N18515 /1 undetected,output,,N18515,N18515,1,undetected,N18515,N18515,N18515,sa1,1
1271,N18501 /1 undetected,output,,N18501,N18501,1,undetected,N18501,N18501,N18501,sa1,1
1272,N7294 /0 undetected,output,,N7294,N7294,0,undetected,N7294,N7294,N7294,sa0,1
1273,N7201 /1 undetected,output,,N7201,N7201,1,undetected,N7201,N7201,N7201,sa1,1
1274,N26426 /1 undetected,output,,N26426,N26426,1,undetected,N26426,N26426,N26426,sa1,1
1275,N22687 /1 undetected,output,,N22687,N22687,1,undetected,N22687,N22687,N22687,sa1,1
1276,N22647 /1 undetected,output,,N22647,N22647,1,undetected,N22647,N22647,N22647,sa1,1
1277,N7716 /1 undetected,output,,N7716,N7716,1,undetected,N7716,N7716,N7716,sa1,1
1278,N27022 /1 undetected,output,,N27022,N27022,1,undetected,N27022,N27022,N27022,sa1,1
1279,N7363 /1 undetected,output,,N7363,N7363,1,undetected,N7363,N7363,N7363,sa1,1
1280,N5506 /1 undetected,output,,N5506,N5506,1,undetected,N5506,N5506,N5506,sa1,1
1281,N18160 /1 undetected,output,,N18160,N18160,1,undetected,N18160,N18160,N18160,sa1,1
1282,N7278 /1 undetected,output,,N7278,N7278,1,undetected,N7278,N7278,N7278,sa1,1
1283,N7202 /1 undetected,output,,N7202,N7202,1,undetected,N7202,N7202,N7202,sa1,1
1284,N18865 /1 undetected,output,,N18865,N18865,1,undetected,N18865,N18865,N18865,sa1,1
1285,N18858 /1 undetected,output,,N18858,N18858,1,undetected,N18858,N18858,N18858,sa1,1
1286,N6029 /0 undetected,output,,N6029,N6029,0,undetected,N6029,N6029,N6029,sa0,1
1287,N24617 /1 undetected,output,,N24617,N24617,1,undetected,N24617,N24617,N24617,sa1,1
1288,N23856 /1 undetected,output,,N23856,N23856,1,undetected,N23856,N23856,N23856,sa1,1
1289,N5935 /1 undetected,output,,N5935,N5935,1,undetected,N5935,N5935,N5935,sa1,1
1290,N18845 /1 undetected,output,,N18845,N18845,1,undetected,N18845,N18845,N18845,sa1,1
1291,N22748 /1 undetected,output,,N22748,N22748,1,undetected,N22748,N22748,N22748,sa1,1
1292,N23866 /1 undetected,output,,N23866,N23866,1,undetected,N23866,N23866,N23866,sa1,1
1293,N23954 /1 undetected,output,,N23954,N23954,1,undetected,N23954,N23954,N23954,sa1,1
1294,N9837 /1 undetected,output,,N9837,N9837,1,undetected,N9837,N9837,N9837,sa1,1
1295,N23342 /1 undetected,output,,N23342,N23342,1,undetected,N23342,N23342,N23342,sa1,1
1296,N9836 /1 undetected,output,,N9836,N9836,1,undetected,N9836,N9836,N9836,sa1,1
1297,N23963 /1 undetected,output,,N23963,N23963,1,undetected,N23963,N23963,N23963,sa1,1
1298,N21932 /1 undetected,output,,N21932,N21932,1,undetected,N21932,N21932,N21932,sa1,1
1299,N5877 /1 undetected,output,,N5877,N5877,1,undetected,N5877,N5877,N5877,sa1,1
1300,N1599 /1 undetected,output,,N1599,N1599,1,undetected,N1599,N1599,N1599,sa1,1
1301,N11318 /1 undetected,output,,N11318,N11318,1,undetected,N11318,N11318,N11318,sa1,1
1302,N11317 /1 undetected,output,,N11317,N11317,1,undetected,N11317,N11317,N11317,sa1,1
1303,N2083->N11387 /1 undetected,input_edge,N2083,N11387,N11387,1,undetected,N11387,N11387,N11387,sa1,1
1304,N2082->N9849 /1 undetected,input_edge,N2082,N9849,N9849,1,undetected,N9849,N9849,N9849,sa1,1
1305,N2078 /1 undetected,output,,N2078,N2078,1,undetected,N2078,N2078,N2078,sa1,1
1306,N2077 /1 undetected,output,,N2077,N2077,1,undetected,N2077,N2077,N2077,sa1,1
1307,N16691 /1 undetected,output,,N16691,N16691,1,undetected,N16691,N16691,N16691,sa1,1
1308,N16690 /1 undetected,output,,N16690,N16690,1,undetected,N16690,N16690,N16690,sa1,1
1309,N16688 /1 undetected,output,,N16688,N16688,1,undetected,N16688,N16688,N16688,sa1,1
1310,N16687 /1 undetected,output,,N16687,N16687,1,undetected,N16687,N16687,N16687,sa1,1
1311,N16685 /1 undetected,output,,N16685,N16685,1,undetected,N16685,N16685,N16685,sa1,1
1312,N16684 /1 undetected,output,,N16684,N16684,1,undetected,N16684,N16684,N16684,sa1,1
1313,N2076 /1 undetected,output,,N2076,N2076,1,undetected,N2076,N2076,N2076,sa1,1
1314,N16682 /1 undetected,output,,N16682,N16682,1,undetected,N16682,N16682,N16682,sa1,1
1315,N16681 /1 undetected,output,,N16681,N16681,1,undetected,N16681,N16681,N16681,sa1,1
1316,N16679 /1 undetected,output,,N16679,N16679,1,undetected,N16679,N16679,N16679,sa1,1
1317,N16678 /1 undetected,output,,N16678,N16678,1,undetected,N16678,N16678,N16678,sa1,1
1318,N16676 /1 undetected,output,,N16676,N16676,1,undetected,N16676,N16676,N16676,sa1,1
1319,N16675 /1 undetected,output,,N16675,N16675,1,undetected,N16675,N16675,N16675,sa1,1
1320,N2075 /1 undetected,output,,N2075,N2075,1,undetected,N2075,N2075,N2075,sa1,1
1321,N2074 /1 undetected,output,,N2074,N2074,1,undetected,N2074,N2074,N2074,sa1,1
1322,N16673 /1 undetected,output,,N16673,N16673,1,undetected,N16673,N16673,N16673,sa1,1
1323,N16672 /1 undetected,output,,N16672,N16672,1,undetected,N16672,N16672,N16672,sa1,1
1324,N16670 /1 undetected,output,,N16670,N16670,1,undetected,N16670,N16670,N16670,sa1,1
1325,N16669 /1 undetected,output,,N16669,N16669,1,undetected,N16669,N16669,N16669,sa1,1
1326,N16667 /1 undetected,output,,N16667,N16667,1,undetected,N16667,N16667,N16667,sa1,1
1327,N16666 /1 undetected,output,,N16666,N16666,1,undetected,N16666,N16666,N16666,sa1,1
1328,N2073 /1 undetected,output,,N2073,N2073,1,undetected,N2073,N2073,N2073,sa1,1
1329,N16664 /1 undetected,output,,N16664,N16664,1,undetected,N16664,N16664,N16664,sa1,1
1330,N16663 /1 undetected,output,,N16663,N16663,1,undetected,N16663,N16663,N16663,sa1,1
1331,N16661 /1 undetected,output,,N16661,N16661,1,undetected,N16661,N16661,N16661,sa1,1
1332,N16660 /1 undetected,output,,N16660,N16660,1,undetected,N16660,N16660,N16660,sa1,1
1333,N16658 /1 undetected,output,,N16658,N16658,1,undetected,N16658,N16658,N16658,sa1,1
1334,N16657 /1 undetected,output,,N16657,N16657,1,undetected,N16657,N16657,N16657,sa1,1
1335,N2072 /1 undetected,output,,N2072,N2072,1,undetected,N2072,N2072,N2072,sa1,1
1336,N2071 /1 undetected,output,,N2071,N2071,1,undetected,N2071,N2071,N2071,sa1,1
1337,N16655 /1 undetected,output,,N16655,N16655,1,undetected,N16655,N16655,N16655,sa1,1
1338,N16654 /1 undetected,output,,N16654,N16654,1,undetected,N16654,N16654,N16654,sa1,1
1339,N16652 /1 undetected,output,,N16652,N16652,1,undetected,N16652,N16652,N16652,sa1,1
1340,N16651 /1 undetected,output,,N16651,N16651,1,undetected,N16651,N16651,N16651,sa1,1
1341,N16649 /1 undetected,output,,N16649,N16649,1,undetected,N16649,N16649,N16649,sa1,1
1342,N16648 /1 undetected,output,,N16648,N16648,1,undetected,N16648,N16648,N16648,sa1,1
1343,N2070 /1 undetected,output,,N2070,N2070,1,undetected,N2070,N2070,N2070,sa1,1
1344,N16646 /1 undetected,output,,N16646,N16646,1,undetected,N16646,N16646,N16646,sa1,1
1345,N16645 /1 undetected,output,,N16645,N16645,1,undetected,N16645,N16645,N16645,sa1,1
1346,N16643 /1 undetected,output,,N16643,N16643,1,undetected,N16643,N16643,N16643,sa1,1
1347,N16642 /1 undetected,output,,N16642,N16642,1,undetected,N16642,N16642,N16642,sa1,1
1348,N16640 /1 undetected,output,,N16640,N16640,1,undetected,N16640,N16640,N16640,sa1,1
1349,N16639 /1 undetected,output,,N16639,N16639,1,undetected,N16639,N16639,N16639,sa1,1
1350,N18323 /1 undetected,output,,N18323,N18323,1,undetected,N18323,N18323,N18323,sa1,1
1351,N8121 /1 undetected,output,,N8121,N8121,1,undetected,N8121,N8121,N8121,sa1,1
1352,N18338 /1 undetected,output,,N18338,N18338,1,undetected,N18338,N18338,N18338,sa1,1
1353,N18751 /1 undetected,output,,N18751,N18751,1,undetected,N18751,N18751,N18751,sa1,1
1354,N23362 /1 undetected,output,,N23362,N23362,1,undetected,N23362,N23362,N23362,sa1,1
