line_no,raw,site_type,src_node,dst_node,node,sa_value,status,original_node,net,tmax_site,fault_type,is_hard
1,test_en->__tpi_cp_278___aig_not_26620 /0 undetected,input_edge,test_en,__tpi_cp_278___aig_not_26620,__tpi_cp_278___aig_not_26620,0,undetected,__tpi_cp_278___aig_not_26620,__tpi_cp_278___aig_not_26620,__tpi_cp_278___aig_not_26620,sa0,1
2,__tpi_not_test_en->__tpi_cp_205___buf_split_15554 /1 undetected,input_edge,__tpi_not_test_en,__tpi_cp_205___buf_split_15554,__tpi_cp_205___buf_split_15554,1,undetected,__tpi_cp_205___buf_split_15554,__tpi_cp_205___buf_split_15554,__tpi_cp_205___buf_split_15554,sa1,1
3,__tpi_not_test_en->__tpi_cp_201___buf_split_15548 /1 undetected,input_edge,__tpi_not_test_en,__tpi_cp_201___buf_split_15548,__tpi_cp_201___buf_split_15548,1,undetected,__tpi_cp_201___buf_split_15548,__tpi_cp_201___buf_split_15548,__tpi_cp_201___buf_split_15548,sa1,1
4,__tpi_not_test_en->__tpi_cp_173___aig_not_25391 /1 undetected,input_edge,__tpi_not_test_en,__tpi_cp_173___aig_not_25391,__tpi_cp_173___aig_not_25391,1,undetected,__tpi_cp_173___aig_not_25391,__tpi_cp_173___aig_not_25391,__tpi_cp_173___aig_not_25391,sa1,1
5,__tpi_not_test_en->__tpi_cp_125___aig_not_25385 /1 undetected,input_edge,__tpi_not_test_en,__tpi_cp_125___aig_not_25385,__tpi_cp_125___aig_not_25385,1,undetected,__tpi_cp_125___aig_not_25385,__tpi_cp_125___aig_not_25385,__tpi_cp_125___aig_not_25385,sa1,1
6,__tpi_not_test_en->__tpi_cp_204___buf_split_14839 /1 undetected,input_edge,__tpi_not_test_en,__tpi_cp_204___buf_split_14839,__tpi_cp_204___buf_split_14839,1,undetected,__tpi_cp_204___buf_split_14839,__tpi_cp_204___buf_split_14839,__tpi_cp_204___buf_split_14839,sa1,1
7,test_en->__tpi_cp_273___aig_not_25377 /0 undetected,input_edge,test_en,__tpi_cp_273___aig_not_25377,__tpi_cp_273___aig_not_25377,0,undetected,__tpi_cp_273___aig_not_25377,__tpi_cp_273___aig_not_25377,__tpi_cp_273___aig_not_25377,sa0,1
8,__tpi_not_test_en->__tpi_cp_206___buf_split_14833 /1 undetected,input_edge,__tpi_not_test_en,__tpi_cp_206___buf_split_14833,__tpi_cp_206___buf_split_14833,1,undetected,__tpi_cp_206___buf_split_14833,__tpi_cp_206___buf_split_14833,__tpi_cp_206___buf_split_14833,sa1,1
9,__tpi_not_test_en->__tpi_cp_244___buf_split_14152 /1 undetected,input_edge,__tpi_not_test_en,__tpi_cp_244___buf_split_14152,__tpi_cp_244___buf_split_14152,1,undetected,__tpi_cp_244___buf_split_14152,__tpi_cp_244___buf_split_14152,__tpi_cp_244___buf_split_14152,sa1,1
10,test_en->__tpi_cp_284___buf_split_14150 /0 undetected,input_edge,test_en,__tpi_cp_284___buf_split_14150,__tpi_cp_284___buf_split_14150,0,undetected,__tpi_cp_284___buf_split_14150,__tpi_cp_284___buf_split_14150,__tpi_cp_284___buf_split_14150,sa0,1
11,__tpi_not_test_en->__tpi_cp_243___buf_split_14146 /1 undetected,input_edge,__tpi_not_test_en,__tpi_cp_243___buf_split_14146,__tpi_cp_243___buf_split_14146,1,undetected,__tpi_cp_243___buf_split_14146,__tpi_cp_243___buf_split_14146,__tpi_cp_243___buf_split_14146,sa1,1
12,__tpi_not_test_en->__tpi_cp_175___aig_not_24180 /1 undetected,input_edge,__tpi_not_test_en,__tpi_cp_175___aig_not_24180,__tpi_cp_175___aig_not_24180,1,undetected,__tpi_cp_175___aig_not_24180,__tpi_cp_175___aig_not_24180,__tpi_cp_175___aig_not_24180,sa1,1
13,__tpi_not_test_en->__tpi_cp_247___aig_not_24157 /1 undetected,input_edge,__tpi_not_test_en,__tpi_cp_247___aig_not_24157,__tpi_cp_247___aig_not_24157,1,undetected,__tpi_cp_247___aig_not_24157,__tpi_cp_247___aig_not_24157,__tpi_cp_247___aig_not_24157,sa1,1
14,__tpi_not_test_en->__tpi_cp_38___aig_not_24155 /1 undetected,input_edge,__tpi_not_test_en,__tpi_cp_38___aig_not_24155,__tpi_cp_38___aig_not_24155,1,undetected,__tpi_cp_38___aig_not_24155,__tpi_cp_38___aig_not_24155,__tpi_cp_38___aig_not_24155,sa1,1
15,test_en->__tpi_cp_274___buf_split_14127 /0 undetected,input_edge,test_en,__tpi_cp_274___buf_split_14127,__tpi_cp_274___buf_split_14127,0,undetected,__tpi_cp_274___buf_split_14127,__tpi_cp_274___buf_split_14127,__tpi_cp_274___buf_split_14127,sa0,1
16,__tpi_not_test_en->__tpi_cp_231___aig_not_23023 /1 undetected,input_edge,__tpi_not_test_en,__tpi_cp_231___aig_not_23023,__tpi_cp_231___aig_not_23023,1,undetected,__tpi_cp_231___aig_not_23023,__tpi_cp_231___aig_not_23023,__tpi_cp_231___aig_not_23023,sa1,1
17,__tpi_not_test_en->__tpi_cp_212___aig_not_23022 /1 undetected,input_edge,__tpi_not_test_en,__tpi_cp_212___aig_not_23022,__tpi_cp_212___aig_not_23022,1,undetected,__tpi_cp_212___aig_not_23022,__tpi_cp_212___aig_not_23022,__tpi_cp_212___aig_not_23022,sa1,1
18,__tpi_not_test_en->__tpi_cp_51___aig_not_23017 /1 undetected,input_edge,__tpi_not_test_en,__tpi_cp_51___aig_not_23017,__tpi_cp_51___aig_not_23017,1,undetected,__tpi_cp_51___aig_not_23017,__tpi_cp_51___aig_not_23017,__tpi_cp_51___aig_not_23017,sa1,1
19,__tpi_not_test_en->__tpi_cp_62___buf_split_13463 /1 undetected,input_edge,__tpi_not_test_en,__tpi_cp_62___buf_split_13463,__tpi_cp_62___buf_split_13463,1,undetected,__tpi_cp_62___buf_split_13463,__tpi_cp_62___buf_split_13463,__tpi_cp_62___buf_split_13463,sa1,1
20,__tpi_not_test_en->__tpi_cp_210___aig_not_22987 /1 undetected,input_edge,__tpi_not_test_en,__tpi_cp_210___aig_not_22987,__tpi_cp_210___aig_not_22987,1,undetected,__tpi_cp_210___aig_not_22987,__tpi_cp_210___aig_not_22987,__tpi_cp_210___aig_not_22987,sa1,1
21,test_en->__tpi_cp_283_new_n9981 /0 undetected,input_edge,test_en,__tpi_cp_283_new_n9981,__tpi_cp_283_new_n9981,0,undetected,__tpi_cp_283_new_n9981,__tpi_cp_283_new_n9981,__tpi_cp_283_new_n9981,sa0,1
22,test_en->__tpi_cp_22___aig_and_22986 /0 undetected,input_edge,test_en,__tpi_cp_22___aig_and_22986,__tpi_cp_22___aig_and_22986,0,undetected,__tpi_cp_22___aig_and_22986,__tpi_cp_22___aig_and_22986,__tpi_cp_22___aig_and_22986,sa0,1
23,__tpi_not_test_en->__tpi_cp_111___aig_not_22985 /1 undetected,input_edge,__tpi_not_test_en,__tpi_cp_111___aig_not_22985,__tpi_cp_111___aig_not_22985,1,undetected,__tpi_cp_111___aig_not_22985,__tpi_cp_111___aig_not_22985,__tpi_cp_111___aig_not_22985,sa1,1
24,__tpi_not_test_en->__tpi_cp_176___aig_not_21868 /1 undetected,input_edge,__tpi_not_test_en,__tpi_cp_176___aig_not_21868,__tpi_cp_176___aig_not_21868,1,undetected,__tpi_cp_176___aig_not_21868,__tpi_cp_176___aig_not_21868,__tpi_cp_176___aig_not_21868,sa1,1
25,__tpi_not_test_en->__tpi_cp_41_new_n11001 /1 undetected,input_edge,__tpi_not_test_en,__tpi_cp_41_new_n11001,__tpi_cp_41_new_n11001,1,undetected,__tpi_cp_41_new_n11001,__tpi_cp_41_new_n11001,__tpi_cp_41_new_n11001,sa1,1
26,__tpi_not_test_en->__tpi_cp_195___aig_and_25371 /1 undetected,input_edge,__tpi_not_test_en,__tpi_cp_195___aig_and_25371,__tpi_cp_195___aig_and_25371,1,undetected,__tpi_cp_195___aig_and_25371,__tpi_cp_195___aig_and_25371,__tpi_cp_195___aig_and_25371,sa1,1
27,__tpi_not_test_en->__tpi_cp_199___aig_not_25370 /1 undetected,input_edge,__tpi_not_test_en,__tpi_cp_199___aig_not_25370,__tpi_cp_199___aig_not_25370,1,undetected,__tpi_cp_199___aig_not_25370,__tpi_cp_199___aig_not_25370,__tpi_cp_199___aig_not_25370,sa1,1
28,test_en->__tpi_cp_272_new_n11000 /0 undetected,input_edge,test_en,__tpi_cp_272_new_n11000,__tpi_cp_272_new_n11000,0,undetected,__tpi_cp_272_new_n11000,__tpi_cp_272_new_n11000,__tpi_cp_272_new_n11000,sa0,1
29,test_en->__tpi_cp_26___aig_and_25368 /0 undetected,input_edge,test_en,__tpi_cp_26___aig_and_25368,__tpi_cp_26___aig_and_25368,0,undetected,__tpi_cp_26___aig_and_25368,__tpi_cp_26___aig_and_25368,__tpi_cp_26___aig_and_25368,sa0,1
30,__tpi_not_test_en->__tpi_cp_275___buf_split_14829 /1 undetected,input_edge,__tpi_not_test_en,__tpi_cp_275___buf_split_14829,__tpi_cp_275___buf_split_14829,1,undetected,__tpi_cp_275___buf_split_14829,__tpi_cp_275___buf_split_14829,__tpi_cp_275___buf_split_14829,sa1,1
31,__tpi_not_test_en->__tpi_cp_209___aig_not_25369 /1 undetected,input_edge,__tpi_not_test_en,__tpi_cp_209___aig_not_25369,__tpi_cp_209___aig_not_25369,1,undetected,__tpi_cp_209___aig_not_25369,__tpi_cp_209___aig_not_25369,__tpi_cp_209___aig_not_25369,sa1,1
32,test_en->__tpi_cp_308_new_n10997 /0 undetected,input_edge,test_en,__tpi_cp_308_new_n10997,__tpi_cp_308_new_n10997,0,undetected,__tpi_cp_308_new_n10997,__tpi_cp_308_new_n10997,__tpi_cp_308_new_n10997,sa0,1
33,test_en->__tpi_cp_32___aig_and_25361 /0 undetected,input_edge,test_en,__tpi_cp_32___aig_and_25361,__tpi_cp_32___aig_and_25361,0,undetected,__tpi_cp_32___aig_and_25361,__tpi_cp_32___aig_and_25361,__tpi_cp_32___aig_and_25361,sa0,1
34,test_en->__tpi_cp_256___aig_and_25360 /0 undetected,input_edge,test_en,__tpi_cp_256___aig_and_25360,__tpi_cp_256___aig_and_25360,0,undetected,__tpi_cp_256___aig_and_25360,__tpi_cp_256___aig_and_25360,__tpi_cp_256___aig_and_25360,sa0,1
35,__tpi_not_test_en->__tpi_cp_193_new_n10489 /1 undetected,input_edge,__tpi_not_test_en,__tpi_cp_193_new_n10489,__tpi_cp_193_new_n10489,1,undetected,__tpi_cp_193_new_n10489,__tpi_cp_193_new_n10489,__tpi_cp_193_new_n10489,sa1,1
36,__tpi_not_test_en->__tpi_cp_194___aig_and_24173 /1 undetected,input_edge,__tpi_not_test_en,__tpi_cp_194___aig_and_24173,__tpi_cp_194___aig_and_24173,1,undetected,__tpi_cp_194___aig_and_24173,__tpi_cp_194___aig_and_24173,__tpi_cp_194___aig_and_24173,sa1,1
37,__tpi_not_test_en->__tpi_cp_211___aig_not_24172 /1 undetected,input_edge,__tpi_not_test_en,__tpi_cp_211___aig_not_24172,__tpi_cp_211___aig_not_24172,1,undetected,__tpi_cp_211___aig_not_24172,__tpi_cp_211___aig_not_24172,__tpi_cp_211___aig_not_24172,sa1,1
38,test_en->__tpi_cp_147_new_n10488 /0 undetected,input_edge,test_en,__tpi_cp_147_new_n10488,__tpi_cp_147_new_n10488,0,undetected,__tpi_cp_147_new_n10488,__tpi_cp_147_new_n10488,__tpi_cp_147_new_n10488,sa0,1
39,__tpi_not_test_en->__tpi_cp_43___aig_and_24170 /1 undetected,input_edge,__tpi_not_test_en,__tpi_cp_43___aig_and_24170,__tpi_cp_43___aig_and_24170,1,undetected,__tpi_cp_43___aig_and_24170,__tpi_cp_43___aig_and_24170,__tpi_cp_43___aig_and_24170,sa1,1
40,__tpi_not_test_en->__tpi_cp_240___aig_not_24168 /1 undetected,input_edge,__tpi_not_test_en,__tpi_cp_240___aig_not_24168,__tpi_cp_240___aig_not_24168,1,undetected,__tpi_cp_240___aig_not_24168,__tpi_cp_240___aig_not_24168,__tpi_cp_240___aig_not_24168,sa1,1
41,__tpi_not_test_en->__tpi_cp_31___aig_not_24171 /1 undetected,input_edge,__tpi_not_test_en,__tpi_cp_31___aig_not_24171,__tpi_cp_31___aig_not_24171,1,undetected,__tpi_cp_31___aig_not_24171,__tpi_cp_31___aig_not_24171,__tpi_cp_31___aig_not_24171,sa1,1
42,test_en->__tpi_cp_249_new_n10485 /0 undetected,input_edge,test_en,__tpi_cp_249_new_n10485,__tpi_cp_249_new_n10485,0,undetected,__tpi_cp_249_new_n10485,__tpi_cp_249_new_n10485,__tpi_cp_249_new_n10485,sa0,1
43,test_en->__tpi_cp_130___aig_and_24163 /0 undetected,input_edge,test_en,__tpi_cp_130___aig_and_24163,__tpi_cp_130___aig_and_24163,0,undetected,__tpi_cp_130___aig_and_24163,__tpi_cp_130___aig_and_24163,__tpi_cp_130___aig_and_24163,sa0,1
44,test_en->__tpi_cp_224___aig_and_24162 /0 undetected,input_edge,test_en,__tpi_cp_224___aig_and_24162,__tpi_cp_224___aig_and_24162,0,undetected,__tpi_cp_224___aig_and_24162,__tpi_cp_224___aig_and_24162,__tpi_cp_224___aig_and_24162,sa0,1
45,__tpi_not_test_en->__tpi_cp_37___aig_not_24177 /1 undetected,input_edge,__tpi_not_test_en,__tpi_cp_37___aig_not_24177,__tpi_cp_37___aig_not_24177,1,undetected,__tpi_cp_37___aig_not_24177,__tpi_cp_37___aig_not_24177,__tpi_cp_37___aig_not_24177,sa1,1
46,test_en->__tpi_cp_277___buf_split_14139 /0 undetected,input_edge,test_en,__tpi_cp_277___buf_split_14139,__tpi_cp_277___buf_split_14139,0,undetected,__tpi_cp_277___buf_split_14139,__tpi_cp_277___buf_split_14139,__tpi_cp_277___buf_split_14139,sa0,1
47,__tpi_not_test_en->__tpi_cp_232_new_n9989 /1 undetected,input_edge,__tpi_not_test_en,__tpi_cp_232_new_n9989,__tpi_cp_232_new_n9989,1,undetected,__tpi_cp_232_new_n9989,__tpi_cp_232_new_n9989,__tpi_cp_232_new_n9989,sa1,1
48,__tpi_not_test_en->__tpi_cp_236___aig_and_23003 /1 undetected,input_edge,__tpi_not_test_en,__tpi_cp_236___aig_and_23003,__tpi_cp_236___aig_and_23003,1,undetected,__tpi_cp_236___aig_and_23003,__tpi_cp_236___aig_and_23003,__tpi_cp_236___aig_and_23003,sa1,1
49,__tpi_not_test_en->__tpi_cp_250___aig_not_23002 /1 undetected,input_edge,__tpi_not_test_en,__tpi_cp_250___aig_not_23002,__tpi_cp_250___aig_not_23002,1,undetected,__tpi_cp_250___aig_not_23002,__tpi_cp_250___aig_not_23002,__tpi_cp_250___aig_not_23002,sa1,1
50,__tpi_not_test_en->__tpi_cp_208___aig_not_23001 /1 undetected,input_edge,__tpi_not_test_en,__tpi_cp_208___aig_not_23001,__tpi_cp_208___aig_not_23001,1,undetected,__tpi_cp_208___aig_not_23001,__tpi_cp_208___aig_not_23001,__tpi_cp_208___aig_not_23001,sa1,1
51,test_en->__tpi_cp_34___aig_and_22993 /0 undetected,input_edge,test_en,__tpi_cp_34___aig_and_22993,__tpi_cp_34___aig_and_22993,0,undetected,__tpi_cp_34___aig_and_22993,__tpi_cp_34___aig_and_22993,__tpi_cp_34___aig_and_22993,sa0,1
52,test_en->__tpi_cp_264___aig_and_22992 /0 undetected,input_edge,test_en,__tpi_cp_264___aig_and_22992,__tpi_cp_264___aig_and_22992,0,undetected,__tpi_cp_264___aig_and_22992,__tpi_cp_264___aig_and_22992,__tpi_cp_264___aig_and_22992,sa0,1
53,__tpi_not_test_en->__tpi_cp_116___aig_not_22991 /1 undetected,input_edge,__tpi_not_test_en,__tpi_cp_116___aig_not_22991,__tpi_cp_116___aig_not_22991,1,undetected,__tpi_cp_116___aig_not_22991,__tpi_cp_116___aig_not_22991,__tpi_cp_116___aig_not_22991,sa1,1
54,test_en->__tpi_cp_226_new_n9991 /0 undetected,input_edge,test_en,__tpi_cp_226_new_n9991,__tpi_cp_226_new_n9991,0,undetected,__tpi_cp_226_new_n9991,__tpi_cp_226_new_n9991,__tpi_cp_226_new_n9991,sa0,1
55,test_en->__tpi_cp_20___aig_and_23008 /0 undetected,input_edge,test_en,__tpi_cp_20___aig_and_23008,__tpi_cp_20___aig_and_23008,0,undetected,__tpi_cp_20___aig_and_23008,__tpi_cp_20___aig_and_23008,__tpi_cp_20___aig_and_23008,sa0,1
56,__tpi_not_test_en->__tpi_cp_110___aig_not_23007 /1 undetected,input_edge,__tpi_not_test_en,__tpi_cp_110___aig_not_23007,__tpi_cp_110___aig_not_23007,1,undetected,__tpi_cp_110___aig_not_23007,__tpi_cp_110___aig_not_23007,__tpi_cp_110___aig_not_23007,sa1,1
57,test_en->__tpi_cp_25_new_n9494 /0 undetected,input_edge,test_en,__tpi_cp_25_new_n9494,__tpi_cp_25_new_n9494,0,undetected,__tpi_cp_25_new_n9494,__tpi_cp_25_new_n9494,__tpi_cp_25_new_n9494,sa0,1
58,test_en->__tpi_cp_254___aig_and_21846 /0 undetected,input_edge,test_en,__tpi_cp_254___aig_and_21846,__tpi_cp_254___aig_and_21846,0,undetected,__tpi_cp_254___aig_and_21846,__tpi_cp_254___aig_and_21846,__tpi_cp_254___aig_and_21846,sa0,1
59,__tpi_not_test_en->__tpi_cp_237___aig_not_21845 /1 undetected,input_edge,__tpi_not_test_en,__tpi_cp_237___aig_not_21845,__tpi_cp_237___aig_not_21845,1,undetected,__tpi_cp_237___aig_not_21845,__tpi_cp_237___aig_not_21845,__tpi_cp_237___aig_not_21845,sa1,1
60,__tpi_not_test_en->__tpi_cp_248_new_n9493 /1 undetected,input_edge,__tpi_not_test_en,__tpi_cp_248_new_n9493,__tpi_cp_248_new_n9493,1,undetected,__tpi_cp_248_new_n9493,__tpi_cp_248_new_n9493,__tpi_cp_248_new_n9493,sa1,1
61,__tpi_not_test_en->__tpi_cp_50___aig_and_21844 /1 undetected,input_edge,__tpi_not_test_en,__tpi_cp_50___aig_and_21844,__tpi_cp_50___aig_and_21844,1,undetected,__tpi_cp_50___aig_and_21844,__tpi_cp_50___aig_and_21844,__tpi_cp_50___aig_and_21844,sa1,1
62,__tpi_not_test_en->__tpi_cp_241___aig_not_21843 /1 undetected,input_edge,__tpi_not_test_en,__tpi_cp_241___aig_not_21843,__tpi_cp_241___aig_not_21843,1,undetected,__tpi_cp_241___aig_not_21843,__tpi_cp_241___aig_not_21843,__tpi_cp_241___aig_not_21843,sa1,1
63,__tpi_not_test_en->__tpi_cp_229___aig_not_21842 /1 undetected,input_edge,__tpi_not_test_en,__tpi_cp_229___aig_not_21842,__tpi_cp_229___aig_not_21842,1,undetected,__tpi_cp_229___aig_not_21842,__tpi_cp_229___aig_not_21842,__tpi_cp_229___aig_not_21842,sa1,1
64,test_en->__tpi_cp_269_new_n10480 /0 undetected,input_edge,test_en,__tpi_cp_269_new_n10480,__tpi_cp_269_new_n10480,0,undetected,__tpi_cp_269_new_n10480,__tpi_cp_269_new_n10480,__tpi_cp_269_new_n10480,sa0,1
65,test_en->__tpi_cp_24___aig_and_24153 /0 undetected,input_edge,test_en,__tpi_cp_24___aig_and_24153,__tpi_cp_24___aig_and_24153,0,undetected,__tpi_cp_24___aig_and_24153,__tpi_cp_24___aig_and_24153,__tpi_cp_24___aig_and_24153,sa0,1
66,__tpi_not_test_en->__tpi_cp_271___buf_split_14124 /1 undetected,input_edge,__tpi_not_test_en,__tpi_cp_271___buf_split_14124,__tpi_cp_271___buf_split_14124,1,undetected,__tpi_cp_271___buf_split_14124,__tpi_cp_271___buf_split_14124,__tpi_cp_271___buf_split_14124,sa1,1
67,test_en->__tpi_cp_294_new_n9980 /0 undetected,input_edge,test_en,__tpi_cp_294_new_n9980,__tpi_cp_294_new_n9980,0,undetected,__tpi_cp_294_new_n9980,__tpi_cp_294_new_n9980,__tpi_cp_294_new_n9980,sa0,1
68,test_en->__tpi_cp_137___aig_and_22983 /0 undetected,input_edge,test_en,__tpi_cp_137___aig_and_22983,__tpi_cp_137___aig_and_22983,0,undetected,__tpi_cp_137___aig_and_22983,__tpi_cp_137___aig_and_22983,__tpi_cp_137___aig_and_22983,sa0,1
69,__tpi_not_test_en->__tpi_cp_59___aig_not_22981 /1 undetected,input_edge,__tpi_not_test_en,__tpi_cp_59___aig_not_22981,__tpi_cp_59___aig_not_22981,1,undetected,__tpi_cp_59___aig_not_22981,__tpi_cp_59___aig_not_22981,__tpi_cp_59___aig_not_22981,sa1,1
70,__tpi_not_test_en->__tpi_cp_44___aig_not_22999 /1 undetected,input_edge,__tpi_not_test_en,__tpi_cp_44___aig_not_22999,__tpi_cp_44___aig_not_22999,1,undetected,__tpi_cp_44___aig_not_22999,__tpi_cp_44___aig_not_22999,__tpi_cp_44___aig_not_22999,sa1,1
71,test_en->__tpi_cp_136___aig_and_22997 /0 undetected,input_edge,test_en,__tpi_cp_136___aig_and_22997,__tpi_cp_136___aig_and_22997,0,undetected,__tpi_cp_136___aig_and_22997,__tpi_cp_136___aig_and_22997,__tpi_cp_136___aig_and_22997,sa0,1
72,__tpi_not_test_en->__tpi_cp_39___aig_and_22996 /1 undetected,input_edge,__tpi_not_test_en,__tpi_cp_39___aig_and_22996,__tpi_cp_39___aig_and_22996,1,undetected,__tpi_cp_39___aig_and_22996,__tpi_cp_39___aig_and_22996,__tpi_cp_39___aig_and_22996,sa1,1
73,__tpi_not_test_en->__tpi_cp_276___buf_split_14823 /1 undetected,input_edge,__tpi_not_test_en,__tpi_cp_276___buf_split_14823,__tpi_cp_276___buf_split_14823,1,undetected,__tpi_cp_276___buf_split_14823,__tpi_cp_276___buf_split_14823,__tpi_cp_276___buf_split_14823,sa1,1
74,test_en->__tpi_cp_307_new_n9503 /0 undetected,input_edge,test_en,__tpi_cp_307_new_n9503,__tpi_cp_307_new_n9503,0,undetected,__tpi_cp_307_new_n9503,__tpi_cp_307_new_n9503,__tpi_cp_307_new_n9503,sa0,1
75,test_en->__tpi_cp_46___aig_and_21866 /0 undetected,input_edge,test_en,__tpi_cp_46___aig_and_21866,__tpi_cp_46___aig_and_21866,0,undetected,__tpi_cp_46___aig_and_21866,__tpi_cp_46___aig_and_21866,__tpi_cp_46___aig_and_21866,sa0,1
76,__tpi_not_test_en->__tpi_cp_124___aig_not_21865 /1 undetected,input_edge,__tpi_not_test_en,__tpi_cp_124___aig_not_21865,__tpi_cp_124___aig_not_21865,1,undetected,__tpi_cp_124___aig_not_21865,__tpi_cp_124___aig_not_21865,__tpi_cp_124___aig_not_21865,sa1,1
77,__tpi_not_test_en->__tpi_cp_196_new_n10477 /1 undetected,input_edge,__tpi_not_test_en,__tpi_cp_196_new_n10477,__tpi_cp_196_new_n10477,1,undetected,__tpi_cp_196_new_n10477,__tpi_cp_196_new_n10477,__tpi_cp_196_new_n10477,sa1,1
78,__tpi_not_test_en->__tpi_cp_197___aig_and_24145 /1 undetected,input_edge,__tpi_not_test_en,__tpi_cp_197___aig_and_24145,__tpi_cp_197___aig_and_24145,1,undetected,__tpi_cp_197___aig_and_24145,__tpi_cp_197___aig_and_24145,__tpi_cp_197___aig_and_24145,sa1,1
79,__tpi_not_test_en->__tpi_cp_88___aig_not_24144 /1 undetected,input_edge,__tpi_not_test_en,__tpi_cp_88___aig_not_24144,__tpi_cp_88___aig_not_24144,1,undetected,__tpi_cp_88___aig_not_24144,__tpi_cp_88___aig_not_24144,__tpi_cp_88___aig_not_24144,sa1,1
80,__tpi_not_test_en->__tpi_cp_207___aig_not_24143 /1 undetected,input_edge,__tpi_not_test_en,__tpi_cp_207___aig_not_24143,__tpi_cp_207___aig_not_24143,1,undetected,__tpi_cp_207___aig_not_24143,__tpi_cp_207___aig_not_24143,__tpi_cp_207___aig_not_24143,sa1,1
81,test_en->__tpi_cp_30___aig_and_24135 /0 undetected,input_edge,test_en,__tpi_cp_30___aig_and_24135,__tpi_cp_30___aig_and_24135,0,undetected,__tpi_cp_30___aig_and_24135,__tpi_cp_30___aig_and_24135,__tpi_cp_30___aig_and_24135,sa0,1
82,__tpi_not_test_en->__tpi_cp_57___aig_not_22989 /1 undetected,input_edge,__tpi_not_test_en,__tpi_cp_57___aig_not_22989,__tpi_cp_57___aig_not_22989,1,undetected,__tpi_cp_57___aig_not_22989,__tpi_cp_57___aig_not_22989,__tpi_cp_57___aig_not_22989,sa1,1
83,__tpi_not_test_en->__tpi_cp_48___aig_not_21863 /1 undetected,input_edge,__tpi_not_test_en,__tpi_cp_48___aig_not_21863,__tpi_cp_48___aig_not_21863,1,undetected,__tpi_cp_48___aig_not_21863,__tpi_cp_48___aig_not_21863,__tpi_cp_48___aig_not_21863,sa1,1
84,__tpi_not_test_en->__tpi_cp_49___aig_not_21840 /1 undetected,input_edge,__tpi_not_test_en,__tpi_cp_49___aig_not_21840,__tpi_cp_49___aig_not_21840,1,undetected,__tpi_cp_49___aig_not_21840,__tpi_cp_49___aig_not_21840,__tpi_cp_49___aig_not_21840,sa1,1
85,__tpi_not_test_en->__tpi_cp_114___aig_not_22971 /1 undetected,input_edge,__tpi_not_test_en,__tpi_cp_114___aig_not_22971,__tpi_cp_114___aig_not_22971,1,undetected,__tpi_cp_114___aig_not_22971,__tpi_cp_114___aig_not_22971,__tpi_cp_114___aig_not_22971,sa1,1
86,test_en->__tpi_cp_188_asqrt_34_ /0 undetected,input_edge,test_en,__tpi_cp_188_asqrt_34_,__tpi_cp_188_asqrt_34_,0,undetected,__tpi_cp_188_asqrt_34_,__tpi_cp_188_asqrt_34_,__tpi_cp_188_asqrt_34_,sa0,1
87,__tpi_not_test_en->__tpi_cp_145___aig_not_12755 /1 undetected,input_edge,__tpi_not_test_en,__tpi_cp_145___aig_not_12755,__tpi_cp_145___aig_not_12755,1,undetected,__tpi_cp_145___aig_not_12755,__tpi_cp_145___aig_not_12755,__tpi_cp_145___aig_not_12755,sa1,1
88,__tpi_not_test_en->__tpi_cp_158___aig_not_12748 /1 undetected,input_edge,__tpi_not_test_en,__tpi_cp_158___aig_not_12748,__tpi_cp_158___aig_not_12748,1,undetected,__tpi_cp_158___aig_not_12748,__tpi_cp_158___aig_not_12748,__tpi_cp_158___aig_not_12748,sa1,1
89,__tpi_not_test_en->__tpi_cp_267_new_n5609 /1 undetected,input_edge,__tpi_not_test_en,__tpi_cp_267_new_n5609,__tpi_cp_267_new_n5609,1,undetected,__tpi_cp_267_new_n5609,__tpi_cp_267_new_n5609,__tpi_cp_267_new_n5609,sa1,1
90,__tpi_not_test_en->__tpi_cp_263___aig_and_12744 /1 undetected,input_edge,__tpi_not_test_en,__tpi_cp_263___aig_and_12744,__tpi_cp_263___aig_and_12744,1,undetected,__tpi_cp_263___aig_and_12744,__tpi_cp_263___aig_and_12744,__tpi_cp_263___aig_and_12744,sa1,1
91,__aig_not_12743 /1 undetected,output,,__aig_not_12743,__aig_not_12743,1,undetected,__aig_not_12743,__aig_not_12743,__aig_not_12743,sa1,1
92,__tpi_not_test_en->__tpi_cp_71_new_n5608 /1 undetected,input_edge,__tpi_not_test_en,__tpi_cp_71_new_n5608,__tpi_cp_71_new_n5608,1,undetected,__tpi_cp_71_new_n5608,__tpi_cp_71_new_n5608,__tpi_cp_71_new_n5608,sa1,1
93,__tpi_not_test_en->__tpi_cp_270___aig_not_12742 /1 undetected,input_edge,__tpi_not_test_en,__tpi_cp_270___aig_not_12742,__tpi_cp_270___aig_not_12742,1,undetected,__tpi_cp_270___aig_not_12742,__tpi_cp_270___aig_not_12742,__tpi_cp_270___aig_not_12742,sa1,1
94,__tpi_not_test_en->__tpi_cp_14___aig_not_12745 /1 undetected,input_edge,__tpi_not_test_en,__tpi_cp_14___aig_not_12745,__tpi_cp_14___aig_not_12745,1,undetected,__tpi_cp_14___aig_not_12745,__tpi_cp_14___aig_not_12745,__tpi_cp_14___aig_not_12745,sa1,1
95,__tpi_not_test_en->__tpi_cp_305___buf_split_7510 /1 undetected,input_edge,__tpi_not_test_en,__tpi_cp_305___buf_split_7510,__tpi_cp_305___buf_split_7510,1,undetected,__tpi_cp_305___buf_split_7510,__tpi_cp_305___buf_split_7510,__tpi_cp_305___buf_split_7510,sa1,1
96,__tpi_not_test_en->__tpi_cp_286_new_n5599 /1 undetected,input_edge,__tpi_not_test_en,__tpi_cp_286_new_n5599,__tpi_cp_286_new_n5599,1,undetected,__tpi_cp_286_new_n5599,__tpi_cp_286_new_n5599,__tpi_cp_286_new_n5599,sa1,1
97,__tpi_not_test_en->__tpi_cp_47___aig_not_12717 /1 undetected,input_edge,__tpi_not_test_en,__tpi_cp_47___aig_not_12717,__tpi_cp_47___aig_not_12717,1,undetected,__tpi_cp_47___aig_not_12717,__tpi_cp_47___aig_not_12717,__tpi_cp_47___aig_not_12717,sa1,1
98,test_en->__tpi_cp_179___aig_and_12715 /0 undetected,input_edge,test_en,__tpi_cp_179___aig_and_12715,__tpi_cp_179___aig_and_12715,0,undetected,__tpi_cp_179___aig_and_12715,__tpi_cp_179___aig_and_12715,__tpi_cp_179___aig_and_12715,sa0,1
99,__tpi_not_test_en->__tpi_cp_77_new_n5584 /1 undetected,input_edge,__tpi_not_test_en,__tpi_cp_77_new_n5584,__tpi_cp_77_new_n5584,1,undetected,__tpi_cp_77_new_n5584,__tpi_cp_77_new_n5584,__tpi_cp_77_new_n5584,sa1,1
100,__tpi_not_test_en->__tpi_cp_315___aig_not_12716 /1 undetected,input_edge,__tpi_not_test_en,__tpi_cp_315___aig_not_12716,__tpi_cp_315___aig_not_12716,1,undetected,__tpi_cp_315___aig_not_12716,__tpi_cp_315___aig_not_12716,__tpi_cp_315___aig_not_12716,sa1,1
101,__tpi_not_test_en->__tpi_cp_302_new_n5598 /1 undetected,input_edge,__tpi_not_test_en,__tpi_cp_302_new_n5598,__tpi_cp_302_new_n5598,1,undetected,__tpi_cp_302_new_n5598,__tpi_cp_302_new_n5598,__tpi_cp_302_new_n5598,sa1,1
102,__tpi_not_test_en->__tpi_cp_313___aig_and_12720 /1 undetected,input_edge,__tpi_not_test_en,__tpi_cp_313___aig_and_12720,__tpi_cp_313___aig_and_12720,1,undetected,__tpi_cp_313___aig_and_12720,__tpi_cp_313___aig_and_12720,__tpi_cp_313___aig_and_12720,sa1,1
103,__tpi_not_test_en->__tpi_cp_291___aig_not_12719 /1 undetected,input_edge,__tpi_not_test_en,__tpi_cp_291___aig_not_12719,__tpi_cp_291___aig_not_12719,1,undetected,__tpi_cp_291___aig_not_12719,__tpi_cp_291___aig_not_12719,__tpi_cp_291___aig_not_12719,sa1,1
104,__tpi_not_test_en->__tpi_cp_159___aig_not_12721 /1 undetected,input_edge,__tpi_not_test_en,__tpi_cp_159___aig_not_12721,__tpi_cp_159___aig_not_12721,1,undetected,__tpi_cp_159___aig_not_12721,__tpi_cp_159___aig_not_12721,__tpi_cp_159___aig_not_12721,sa1,1
105,test_en->__tpi_cp_186___aig_and_12689 /0 undetected,input_edge,test_en,__tpi_cp_186___aig_and_12689,__tpi_cp_186___aig_and_12689,0,undetected,__tpi_cp_186___aig_and_12689,__tpi_cp_186___aig_and_12689,__tpi_cp_186___aig_and_12689,sa0,1
106,__tpi_not_test_en->__tpi_cp_310_new_n5583 /1 undetected,input_edge,__tpi_not_test_en,__tpi_cp_310_new_n5583,__tpi_cp_310_new_n5583,1,undetected,__tpi_cp_310_new_n5583,__tpi_cp_310_new_n5583,__tpi_cp_310_new_n5583,sa1,1
107,__tpi_not_test_en->__tpi_cp_288___aig_not_12685 /1 undetected,input_edge,__tpi_not_test_en,__tpi_cp_288___aig_not_12685,__tpi_cp_288___aig_not_12685,1,undetected,__tpi_cp_288___aig_not_12685,__tpi_cp_288___aig_not_12685,__tpi_cp_288___aig_not_12685,sa1,1
108,__tpi_not_test_en->__tpi_cp_252___buf_split_7473 /1 undetected,input_edge,__tpi_not_test_en,__tpi_cp_252___buf_split_7473,__tpi_cp_252___buf_split_7473,1,undetected,__tpi_cp_252___buf_split_7473,__tpi_cp_252___buf_split_7473,__tpi_cp_252___buf_split_7473,sa1,1
109,test_en->__tpi_cp_119_new_n5582 /0 undetected,input_edge,test_en,__tpi_cp_119_new_n5582,__tpi_cp_119_new_n5582,0,undetected,__tpi_cp_119_new_n5582,__tpi_cp_119_new_n5582,__tpi_cp_119_new_n5582,sa0,1
110,__tpi_not_test_en->__tpi_cp_16___aig_not_12684 /1 undetected,input_edge,__tpi_not_test_en,__tpi_cp_16___aig_not_12684,__tpi_cp_16___aig_not_12684,1,undetected,__tpi_cp_16___aig_not_12684,__tpi_cp_16___aig_not_12684,__tpi_cp_16___aig_not_12684,sa1,1
111,test_en->__tpi_cp_165_new_n5575 /0 undetected,input_edge,test_en,__tpi_cp_165_new_n5575,__tpi_cp_165_new_n5575,0,undetected,__tpi_cp_165_new_n5575,__tpi_cp_165_new_n5575,__tpi_cp_165_new_n5575,sa0,1
112,__tpi_not_test_en->__tpi_cp_13___aig_not_12662 /1 undetected,input_edge,__tpi_not_test_en,__tpi_cp_13___aig_not_12662,__tpi_cp_13___aig_not_12662,1,undetected,__tpi_cp_13___aig_not_12662,__tpi_cp_13___aig_not_12662,__tpi_cp_13___aig_not_12662,sa1,1
113,__tpi_not_test_en->__tpi_cp_285_new_n5572 /1 undetected,input_edge,__tpi_not_test_en,__tpi_cp_285_new_n5572,__tpi_cp_285_new_n5572,1,undetected,__tpi_cp_285_new_n5572,__tpi_cp_285_new_n5572,__tpi_cp_285_new_n5572,sa1,1
114,test_en->__tpi_cp_118___aig_and_12661 /0 undetected,input_edge,test_en,__tpi_cp_118___aig_and_12661,__tpi_cp_118___aig_and_12661,0,undetected,__tpi_cp_118___aig_and_12661,__tpi_cp_118___aig_and_12661,__tpi_cp_118___aig_and_12661,sa0,1
115,__tpi_not_test_en->__tpi_cp_287___aig_not_12660 /1 undetected,input_edge,__tpi_not_test_en,__tpi_cp_287___aig_not_12660,__tpi_cp_287___aig_not_12660,1,undetected,__tpi_cp_287___aig_not_12660,__tpi_cp_287___aig_not_12660,__tpi_cp_287___aig_not_12660,sa1,1
116,__tpi_not_test_en->__tpi_cp_227___aig_not_12659 /1 undetected,input_edge,__tpi_not_test_en,__tpi_cp_227___aig_not_12659,__tpi_cp_227___aig_not_12659,1,undetected,__tpi_cp_227___aig_not_12659,__tpi_cp_227___aig_not_12659,__tpi_cp_227___aig_not_12659,sa1,1
117,__tpi_not_test_en->__tpi_cp_160___buf_split_7460 /1 undetected,input_edge,__tpi_not_test_en,__tpi_cp_160___buf_split_7460,__tpi_cp_160___buf_split_7460,1,undetected,__tpi_cp_160___buf_split_7460,__tpi_cp_160___buf_split_7460,__tpi_cp_160___buf_split_7460,sa1,1
118,test_en->__tpi_cp_222_new_n5574 /0 undetected,input_edge,test_en,__tpi_cp_222_new_n5574,__tpi_cp_222_new_n5574,0,undetected,__tpi_cp_222_new_n5574,__tpi_cp_222_new_n5574,__tpi_cp_222_new_n5574,sa0,1
119,__tpi_not_test_en->__tpi_cp_112___aig_not_12667 /1 undetected,input_edge,__tpi_not_test_en,__tpi_cp_112___aig_not_12667,__tpi_cp_112___aig_not_12667,1,undetected,__tpi_cp_112___aig_not_12667,__tpi_cp_112___aig_not_12667,__tpi_cp_112___aig_not_12667,sa1,1
120,__tpi_not_test_en->__tpi_cp_21___aig_not_12657 /1 undetected,input_edge,__tpi_not_test_en,__tpi_cp_21___aig_not_12657,__tpi_cp_21___aig_not_12657,1,undetected,__tpi_cp_21___aig_not_12657,__tpi_cp_21___aig_not_12657,__tpi_cp_21___aig_not_12657,sa1,1
121,test_en->__tpi_cp_246_new_n5591 /0 undetected,input_edge,test_en,__tpi_cp_246_new_n5591,__tpi_cp_246_new_n5591,0,undetected,__tpi_cp_246_new_n5591,__tpi_cp_246_new_n5591,__tpi_cp_246_new_n5591,sa0,1
122,test_en->__tpi_cp_162_new_n5590 /0 undetected,input_edge,test_en,__tpi_cp_162_new_n5590,__tpi_cp_162_new_n5590,0,undetected,__tpi_cp_162_new_n5590,__tpi_cp_162_new_n5590,__tpi_cp_162_new_n5590,sa0,1
123,__tpi_not_test_en->__tpi_cp_93___aig_not_12702 /1 undetected,input_edge,__tpi_not_test_en,__tpi_cp_93___aig_not_12702,__tpi_cp_93___aig_not_12702,1,undetected,__tpi_cp_93___aig_not_12702,__tpi_cp_93___aig_not_12702,__tpi_cp_93___aig_not_12702,sa1,1
124,test_en->__tpi_cp_101_new_n5587 /0 undetected,input_edge,test_en,__tpi_cp_101_new_n5587,__tpi_cp_101_new_n5587,0,undetected,__tpi_cp_101_new_n5587,__tpi_cp_101_new_n5587,__tpi_cp_101_new_n5587,sa0,1
125,__tpi_not_test_en->__tpi_cp_5___aig_and_12683 /1 undetected,input_edge,__tpi_not_test_en,__tpi_cp_5___aig_and_12683,__tpi_cp_5___aig_and_12683,1,undetected,__tpi_cp_5___aig_and_12683,__tpi_cp_5___aig_and_12683,__tpi_cp_5___aig_and_12683,sa1,1
126,__tpi_not_test_en->__tpi_cp_187___aig_not_12682 /1 undetected,input_edge,__tpi_not_test_en,__tpi_cp_187___aig_not_12682,__tpi_cp_187___aig_not_12682,1,undetected,__tpi_cp_187___aig_not_12682,__tpi_cp_187___aig_not_12682,__tpi_cp_187___aig_not_12682,sa1,1
127,__tpi_not_test_en->__tpi_cp_168___aig_not_12681 /1 undetected,input_edge,__tpi_not_test_en,__tpi_cp_168___aig_not_12681,__tpi_cp_168___aig_not_12681,1,undetected,__tpi_cp_168___aig_not_12681,__tpi_cp_168___aig_not_12681,__tpi_cp_168___aig_not_12681,sa1,1
128,test_en->__tpi_cp_89___aig_and_12728 /0 undetected,input_edge,test_en,__tpi_cp_89___aig_and_12728,__tpi_cp_89___aig_and_12728,0,undetected,__tpi_cp_89___aig_and_12728,__tpi_cp_89___aig_and_12728,__tpi_cp_89___aig_and_12728,sa0,1
129,__tpi_not_test_en->__tpi_cp_238___aig_and_12650 /1 undetected,input_edge,__tpi_not_test_en,__tpi_cp_238___aig_and_12650,__tpi_cp_238___aig_and_12650,1,undetected,__tpi_cp_238___aig_and_12650,__tpi_cp_238___aig_and_12650,__tpi_cp_238___aig_and_12650,sa1,1
130,__tpi_not_test_en->__tpi_cp_257___aig_not_12649 /1 undetected,input_edge,__tpi_not_test_en,__tpi_cp_257___aig_not_12649,__tpi_cp_257___aig_not_12649,1,undetected,__tpi_cp_257___aig_not_12649,__tpi_cp_257___aig_not_12649,__tpi_cp_257___aig_not_12649,sa1,1
131,__tpi_not_test_en->__tpi_cp_11___aig_not_12648 /1 undetected,input_edge,__tpi_not_test_en,__tpi_cp_11___aig_not_12648,__tpi_cp_11___aig_not_12648,1,undetected,__tpi_cp_11___aig_not_12648,__tpi_cp_11___aig_not_12648,__tpi_cp_11___aig_not_12648,sa1,1
132,test_en->__tpi_cp_221_new_n5564 /0 undetected,input_edge,test_en,__tpi_cp_221_new_n5564,__tpi_cp_221_new_n5564,0,undetected,__tpi_cp_221_new_n5564,__tpi_cp_221_new_n5564,__tpi_cp_221_new_n5564,sa0,1
133,test_en->__tpi_cp_120___aig_and_12640 /0 undetected,input_edge,test_en,__tpi_cp_120___aig_and_12640,__tpi_cp_120___aig_and_12640,0,undetected,__tpi_cp_120___aig_and_12640,__tpi_cp_120___aig_and_12640,__tpi_cp_120___aig_and_12640,sa0,1
134,__tpi_not_test_en->__tpi_cp_169___buf_split_7448 /1 undetected,input_edge,__tpi_not_test_en,__tpi_cp_169___buf_split_7448,__tpi_cp_169___buf_split_7448,1,undetected,__tpi_cp_169___buf_split_7448,__tpi_cp_169___buf_split_7448,__tpi_cp_169___buf_split_7448,sa1,1
135,__tpi_not_test_en->__tpi_cp_100___aig_not_12700 /1 undetected,input_edge,__tpi_not_test_en,__tpi_cp_100___aig_not_12700,__tpi_cp_100___aig_not_12700,1,undetected,__tpi_cp_100___aig_not_12700,__tpi_cp_100___aig_not_12700,__tpi_cp_100___aig_not_12700,sa1,1
136,__tpi_not_test_en->__tpi_cp_18___aig_not_12679 /1 undetected,input_edge,__tpi_not_test_en,__tpi_cp_18___aig_not_12679,__tpi_cp_18___aig_not_12679,1,undetected,__tpi_cp_18___aig_not_12679,__tpi_cp_18___aig_not_12679,__tpi_cp_18___aig_not_12679,sa1,1
137,__tpi_not_test_en->__tpi_cp_301___buf_split_7488 /1 undetected,input_edge,__tpi_not_test_en,__tpi_cp_301___buf_split_7488,__tpi_cp_301___buf_split_7488,1,undetected,__tpi_cp_301___buf_split_7488,__tpi_cp_301___buf_split_7488,__tpi_cp_301___buf_split_7488,sa1,1
138,__tpi_not_test_en->__tpi_cp_314___buf_split_7490 /1 undetected,input_edge,__tpi_not_test_en,__tpi_cp_314___buf_split_7490,__tpi_cp_314___buf_split_7490,1,undetected,__tpi_cp_314___buf_split_7490,__tpi_cp_314___buf_split_7490,__tpi_cp_314___buf_split_7490,sa1,1
139,__tpi_not_test_en->__tpi_cp_300___buf_split_7498 /1 undetected,input_edge,__tpi_not_test_en,__tpi_cp_300___buf_split_7498,__tpi_cp_300___buf_split_7498,1,undetected,__tpi_cp_300___buf_split_7498,__tpi_cp_300___buf_split_7498,__tpi_cp_300___buf_split_7498,sa1,1
140,test_en->__tpi_cp_220___aig_and_12693 /0 undetected,input_edge,test_en,__tpi_cp_220___aig_and_12693,__tpi_cp_220___aig_and_12693,0,undetected,__tpi_cp_220___aig_and_12693,__tpi_cp_220___aig_and_12693,__tpi_cp_220___aig_and_12693,sa0,1
141,__tpi_not_test_en->__tpi_cp_15___aig_not_12692 /1 undetected,input_edge,__tpi_not_test_en,__tpi_cp_15___aig_not_12692,__tpi_cp_15___aig_not_12692,1,undetected,__tpi_cp_15___aig_not_12692,__tpi_cp_15___aig_not_12692,__tpi_cp_15___aig_not_12692,sa1,1
142,__tpi_not_test_en->__tpi_cp_290___aig_and_11923 /1 undetected,input_edge,__tpi_not_test_en,__tpi_cp_290___aig_and_11923,__tpi_cp_290___aig_and_11923,1,undetected,__tpi_cp_290___aig_and_11923,__tpi_cp_290___aig_and_11923,__tpi_cp_290___aig_and_11923,sa1,1
143,__tpi_not_test_en->__tpi_cp_293___aig_and_11922 /1 undetected,input_edge,__tpi_not_test_en,__tpi_cp_293___aig_and_11922,__tpi_cp_293___aig_and_11922,1,undetected,__tpi_cp_293___aig_and_11922,__tpi_cp_293___aig_and_11922,__tpi_cp_293___aig_and_11922,sa1,1
144,__tpi_not_test_en->__tpi_cp_289___aig_not_11921 /1 undetected,input_edge,__tpi_not_test_en,__tpi_cp_289___aig_not_11921,__tpi_cp_289___aig_not_11921,1,undetected,__tpi_cp_289___aig_not_11921,__tpi_cp_289___aig_not_11921,__tpi_cp_289___aig_not_11921,sa1,1
145,__buf_split_7031 /1 undetected,output,,__buf_split_7031,__buf_split_7031,1,undetected,__buf_split_7031,__buf_split_7031,__buf_split_7031,sa1,1
146,test_en->__tpi_cp_141___buf_split_7030 /0 undetected,input_edge,test_en,__tpi_cp_141___buf_split_7030,__tpi_cp_141___buf_split_7030,0,undetected,__tpi_cp_141___buf_split_7030,__tpi_cp_141___buf_split_7030,__tpi_cp_141___buf_split_7030,sa0,1
147,__tpi_not_test_en->__tpi_cp_258___aig_not_11920 /1 undetected,input_edge,__tpi_not_test_en,__tpi_cp_258___aig_not_11920,__tpi_cp_258___aig_not_11920,1,undetected,__tpi_cp_258___aig_not_11920,__tpi_cp_258___aig_not_11920,__tpi_cp_258___aig_not_11920,sa1,1
148,__aig_not_11916 /1 undetected,output,,__aig_not_11916,__aig_not_11916,1,undetected,__aig_not_11916,__aig_not_11916,__aig_not_11916,sa1,1
149,__buf_split_7029 /1 undetected,output,,__buf_split_7029,__buf_split_7029,1,undetected,__buf_split_7029,__buf_split_7029,__buf_split_7029,sa1,1
150,test_en->__tpi_cp_214___aig_not_11919 /0 undetected,input_edge,test_en,__tpi_cp_214___aig_not_11919,__tpi_cp_214___aig_not_11919,0,undetected,__tpi_cp_214___aig_not_11919,__tpi_cp_214___aig_not_11919,__tpi_cp_214___aig_not_11919,sa0,1
151,__tpi_not_test_en->__tpi_cp_316___aig_and_11915 /1 undetected,input_edge,__tpi_not_test_en,__tpi_cp_316___aig_and_11915,__tpi_cp_316___aig_and_11915,1,undetected,__tpi_cp_316___aig_and_11915,__tpi_cp_316___aig_and_11915,__tpi_cp_316___aig_and_11915,sa1,1
152,__tpi_not_test_en->__tpi_cp_230___aig_not_11913 /1 undetected,input_edge,__tpi_not_test_en,__tpi_cp_230___aig_not_11913,__tpi_cp_230___aig_not_11913,1,undetected,__tpi_cp_230___aig_not_11913,__tpi_cp_230___aig_not_11913,__tpi_cp_230___aig_not_11913,sa1,1
153,__tpi_cp_230___aig_not_11913 /1 undetected,output,,__tpi_cp_230___aig_not_11913,__tpi_cp_230___aig_not_11913,1,undetected,__tpi_cp_230___aig_not_11913,__tpi_cp_230___aig_not_11913,__tpi_cp_230___aig_not_11913,sa1,1
154,__aig_not_11913 /1 undetected,output,,__aig_not_11913,__aig_not_11913,1,undetected,__aig_not_11913,__aig_not_11913,__aig_not_11913,sa1,1
155,__tpi_not_test_en->__tpi_cp_192___aig_and_12735 /1 undetected,input_edge,__tpi_not_test_en,__tpi_cp_192___aig_and_12735,__tpi_cp_192___aig_and_12735,1,undetected,__tpi_cp_192___aig_and_12735,__tpi_cp_192___aig_and_12735,__tpi_cp_192___aig_and_12735,sa1,1
156,__tpi_not_test_en->__tpi_cp_7_new_n5604 /1 undetected,input_edge,__tpi_not_test_en,__tpi_cp_7_new_n5604,__tpi_cp_7_new_n5604,1,undetected,__tpi_cp_7_new_n5604,__tpi_cp_7_new_n5604,__tpi_cp_7_new_n5604,sa1,1
157,__tpi_not_test_en->__tpi_cp_87___aig_not_12736 /1 undetected,input_edge,__tpi_not_test_en,__tpi_cp_87___aig_not_12736,__tpi_cp_87___aig_not_12736,1,undetected,__tpi_cp_87___aig_not_12736,__tpi_cp_87___aig_not_12736,__tpi_cp_87___aig_not_12736,sa1,1
158,__tpi_not_test_en->__tpi_cp_311___buf_split_7505 /1 undetected,input_edge,__tpi_not_test_en,__tpi_cp_311___buf_split_7505,__tpi_cp_311___buf_split_7505,1,undetected,__tpi_cp_311___buf_split_7505,__tpi_cp_311___buf_split_7505,__tpi_cp_311___buf_split_7505,sa1,1
159,__tpi_not_test_en->__tpi_cp_82___aig_not_11883 /1 undetected,input_edge,__tpi_not_test_en,__tpi_cp_82___aig_not_11883,__tpi_cp_82___aig_not_11883,1,undetected,__tpi_cp_82___aig_not_11883,__tpi_cp_82___aig_not_11883,__tpi_cp_82___aig_not_11883,sa1,1
160,test_en->__tpi_cp_218___aig_and_11881 /0 undetected,input_edge,test_en,__tpi_cp_218___aig_and_11881,__tpi_cp_218___aig_and_11881,0,undetected,__tpi_cp_218___aig_and_11881,__tpi_cp_218___aig_and_11881,__tpi_cp_218___aig_and_11881,sa0,1
161,__tpi_not_test_en->__tpi_cp_9_new_n5238 /1 undetected,input_edge,__tpi_not_test_en,__tpi_cp_9_new_n5238,__tpi_cp_9_new_n5238,1,undetected,__tpi_cp_9_new_n5238,__tpi_cp_9_new_n5238,__tpi_cp_9_new_n5238,sa1,1
162,__tpi_not_test_en->__tpi_cp_306___aig_not_11878 /1 undetected,input_edge,__tpi_not_test_en,__tpi_cp_306___aig_not_11878,__tpi_cp_306___aig_not_11878,1,undetected,__tpi_cp_306___aig_not_11878,__tpi_cp_306___aig_not_11878,__tpi_cp_306___aig_not_11878,sa1,1
163,test_en->__tpi_cp_219___aig_and_11912 /0 undetected,input_edge,test_en,__tpi_cp_219___aig_and_11912,__tpi_cp_219___aig_and_11912,0,undetected,__tpi_cp_219___aig_and_11912,__tpi_cp_219___aig_and_11912,__tpi_cp_219___aig_and_11912,sa0,1
164,__tpi_not_test_en->__tpi_cp_228___aig_not_11908 /1 undetected,input_edge,__tpi_not_test_en,__tpi_cp_228___aig_not_11908,__tpi_cp_228___aig_not_11908,1,undetected,__tpi_cp_228___aig_not_11908,__tpi_cp_228___aig_not_11908,__tpi_cp_228___aig_not_11908,sa1,1
165,__tpi_not_test_en->__tpi_cp_76_new_n5592 /1 undetected,input_edge,__tpi_not_test_en,__tpi_cp_76_new_n5592,__tpi_cp_76_new_n5592,1,undetected,__tpi_cp_76_new_n5592,__tpi_cp_76_new_n5592,__tpi_cp_76_new_n5592,sa1,1
166,__tpi_not_test_en->__tpi_cp_152_new_n5243 /1 undetected,input_edge,__tpi_not_test_en,__tpi_cp_152_new_n5243,__tpi_cp_152_new_n5243,1,undetected,__tpi_cp_152_new_n5243,__tpi_cp_152_new_n5243,__tpi_cp_152_new_n5243,sa1,1
167,__tpi_not_test_en->__tpi_cp_309_new_n5242 /1 undetected,input_edge,__tpi_not_test_en,__tpi_cp_309_new_n5242,__tpi_cp_309_new_n5242,1,undetected,__tpi_cp_309_new_n5242,__tpi_cp_309_new_n5242,__tpi_cp_309_new_n5242,sa1,1
168,__tpi_not_test_en->__tpi_cp_95___aig_not_11885 /1 undetected,input_edge,__tpi_not_test_en,__tpi_cp_95___aig_not_11885,__tpi_cp_95___aig_not_11885,1,undetected,__tpi_cp_95___aig_not_11885,__tpi_cp_95___aig_not_11885,__tpi_cp_95___aig_not_11885,sa1,1
169,__tpi_not_test_en->__tpi_cp_96___aig_and_11855 /1 undetected,input_edge,__tpi_not_test_en,__tpi_cp_96___aig_and_11855,__tpi_cp_96___aig_and_11855,1,undetected,__tpi_cp_96___aig_and_11855,__tpi_cp_96___aig_and_11855,__tpi_cp_96___aig_and_11855,sa1,1
170,__tpi_not_test_en->__tpi_cp_17___aig_not_12696 /1 undetected,input_edge,__tpi_not_test_en,__tpi_cp_17___aig_not_12696,__tpi_cp_17___aig_not_12696,1,undetected,__tpi_cp_17___aig_not_12696,__tpi_cp_17___aig_not_12696,__tpi_cp_17___aig_not_12696,sa1,1
171,__tpi_not_test_en->__tpi_cp_4___aig_not_11851 /1 undetected,input_edge,__tpi_not_test_en,__tpi_cp_4___aig_not_11851,__tpi_cp_4___aig_not_11851,1,undetected,__tpi_cp_4___aig_not_11851,__tpi_cp_4___aig_not_11851,__tpi_cp_4___aig_not_11851,sa1,1
172,test_en->__tpi_cp_317___buf_split_6987 /0 undetected,input_edge,test_en,__tpi_cp_317___buf_split_6987,__tpi_cp_317___buf_split_6987,0,undetected,__tpi_cp_317___buf_split_6987,__tpi_cp_317___buf_split_6987,__tpi_cp_317___buf_split_6987,sa0,1
173,__tpi_not_test_en->__tpi_cp_107___aig_not_12690 /1 undetected,input_edge,__tpi_not_test_en,__tpi_cp_107___aig_not_12690,__tpi_cp_107___aig_not_12690,1,undetected,__tpi_cp_107___aig_not_12690,__tpi_cp_107___aig_not_12690,__tpi_cp_107___aig_not_12690,sa1,1
174,test_en->__tpi_cp_164_new_n5226 /0 undetected,input_edge,test_en,__tpi_cp_164_new_n5226,__tpi_cp_164_new_n5226,0,undetected,__tpi_cp_164_new_n5226,__tpi_cp_164_new_n5226,__tpi_cp_164_new_n5226,sa0,1
175,test_en->__tpi_cp_52___aig_and_11849 /0 undetected,input_edge,test_en,__tpi_cp_52___aig_and_11849,__tpi_cp_52___aig_and_11849,0,undetected,__tpi_cp_52___aig_and_11849,__tpi_cp_52___aig_and_11849,__tpi_cp_52___aig_and_11849,sa0,1
176,test_en->__tpi_cp_104___aig_and_11829 /0 undetected,input_edge,test_en,__tpi_cp_104___aig_and_11829,__tpi_cp_104___aig_and_11829,0,undetected,__tpi_cp_104___aig_and_11829,__tpi_cp_104___aig_and_11829,__tpi_cp_104___aig_and_11829,sa0,1
177,__tpi_not_test_en->__tpi_cp_106___aig_not_11828 /1 undetected,input_edge,__tpi_not_test_en,__tpi_cp_106___aig_not_11828,__tpi_cp_106___aig_not_11828,1,undetected,__tpi_cp_106___aig_not_11828,__tpi_cp_106___aig_not_11828,__tpi_cp_106___aig_not_11828,sa1,1
178,__tpi_not_test_en->__tpi_cp_180___aig_and_28 /1 undetected,input_edge,__tpi_not_test_en,__tpi_cp_180___aig_and_28,__tpi_cp_180___aig_and_28,1,undetected,__tpi_cp_180___aig_and_28,__tpi_cp_180___aig_and_28,__tpi_cp_180___aig_and_28,sa1,1
179,test_en->__tpi_cp_128___aig_and_27 /0 undetected,input_edge,test_en,__tpi_cp_128___aig_and_27,__tpi_cp_128___aig_and_27,0,undetected,__tpi_cp_128___aig_and_27,__tpi_cp_128___aig_and_27,__tpi_cp_128___aig_and_27,sa0,1
180,__tpi_not_test_en->__tpi_cp_198___aig_not_26 /1 undetected,input_edge,__tpi_not_test_en,__tpi_cp_198___aig_not_26,__tpi_cp_198___aig_not_26,1,undetected,__tpi_cp_198___aig_not_26,__tpi_cp_198___aig_not_26,__tpi_cp_198___aig_not_26,sa1,1
181,__tpi_cp_198___aig_not_26 /1 undetected,output,,__tpi_cp_198___aig_not_26,__tpi_cp_198___aig_not_26,1,undetected,__tpi_cp_198___aig_not_26,__tpi_cp_198___aig_not_26,__tpi_cp_198___aig_not_26,sa1,1
182,__aig_not_26 /1 undetected,output,,__aig_not_26,__aig_not_26,1,undetected,__aig_not_26,__aig_not_26,__aig_not_26,sa1,1
183,test_en->__tpi_cp_239___aig_and_23 /0 undetected,input_edge,test_en,__tpi_cp_239___aig_and_23,__tpi_cp_239___aig_and_23,0,undetected,__tpi_cp_239___aig_and_23,__tpi_cp_239___aig_and_23,__tpi_cp_239___aig_and_23,sa0,1
184,__buf_split_18->__aig_and_23 /1 undetected,input_edge,__buf_split_18,__aig_and_23,__aig_and_23,1,undetected,__aig_and_23,__aig_and_23,__aig_and_23,sa1,1
185,__buf_split_19->__aig_and_23 /1 undetected,input_edge,__buf_split_19,__aig_and_23,__aig_and_23,1,undetected,__aig_and_23,__aig_and_23,__aig_and_23,sa1,1
186,__aig_and_23 /0 undetected,output,,__aig_and_23,__aig_and_23,0,undetected,__aig_and_23,__aig_and_23,__aig_and_23,sa0,1
187,__tpi_not_test_en->__tpi_cp_200___aig_not_25 /1 undetected,input_edge,__tpi_not_test_en,__tpi_cp_200___aig_not_25,__tpi_cp_200___aig_not_25,1,undetected,__tpi_cp_200___aig_not_25,__tpi_cp_200___aig_not_25,__tpi_cp_200___aig_not_25,sa1,1
188,__aig_not_21->__aig_and_22 /1 undetected,input_edge,__aig_not_21,__aig_and_22,__aig_and_22,1,undetected,__aig_and_22,__aig_and_22,__aig_and_22,sa1,1
189,__tpi_not_test_en->__tpi_cp_36___aig_not_24 /1 undetected,input_edge,__tpi_not_test_en,__tpi_cp_36___aig_not_24,__tpi_cp_36___aig_not_24,1,undetected,__tpi_cp_36___aig_not_24,__tpi_cp_36___aig_not_24,__tpi_cp_36___aig_not_24,sa1,1
190,__aig_not_19->__aig_and_20 /1 undetected,input_edge,__aig_not_19,__aig_and_20,__aig_and_20,1,undetected,__aig_and_20,__aig_and_20,__aig_and_20,sa1,1
191,__tpi_not_test_en->__tpi_cp_174_new_n5246 /1 undetected,input_edge,__tpi_not_test_en,__tpi_cp_174_new_n5246,__tpi_cp_174_new_n5246,1,undetected,__tpi_cp_174_new_n5246,__tpi_cp_174_new_n5246,__tpi_cp_174_new_n5246,sa1,1
192,__tpi_not_test_en->__tpi_cp_191___aig_and_11894 /1 undetected,input_edge,__tpi_not_test_en,__tpi_cp_191___aig_and_11894,__tpi_cp_191___aig_and_11894,1,undetected,__tpi_cp_191___aig_and_11894,__tpi_cp_191___aig_and_11894,__tpi_cp_191___aig_and_11894,sa1,1
193,__tpi_not_test_en->__tpi_cp_19___aig_not_11893 /1 undetected,input_edge,__tpi_not_test_en,__tpi_cp_19___aig_not_11893,__tpi_cp_19___aig_not_11893,1,undetected,__tpi_cp_19___aig_not_11893,__tpi_cp_19___aig_not_11893,__tpi_cp_19___aig_not_11893,sa1,1
194,__tpi_not_test_en->__tpi_cp_304___buf_split_7016 /1 undetected,input_edge,__tpi_not_test_en,__tpi_cp_304___buf_split_7016,__tpi_cp_304___buf_split_7016,1,undetected,__tpi_cp_304___buf_split_7016,__tpi_cp_304___buf_split_7016,__tpi_cp_304___buf_split_7016,sa1,1
195,__tpi_not_test_en->__tpi_cp_102___aig_not_11895 /1 undetected,input_edge,__tpi_not_test_en,__tpi_cp_102___aig_not_11895,__tpi_cp_102___aig_not_11895,1,undetected,__tpi_cp_102___aig_not_11895,__tpi_cp_102___aig_not_11895,__tpi_cp_102___aig_not_11895,sa1,1
196,test_en->__tpi_cp_223___aig_and_11892 /0 undetected,input_edge,test_en,__tpi_cp_223___aig_and_11892,__tpi_cp_223___aig_and_11892,0,undetected,__tpi_cp_223___aig_and_11892,__tpi_cp_223___aig_and_11892,__tpi_cp_223___aig_and_11892,sa0,1
197,__tpi_not_test_en->__tpi_cp_29___aig_not_11904 /1 undetected,input_edge,__tpi_not_test_en,__tpi_cp_29___aig_not_11904,__tpi_cp_29___aig_not_11904,1,undetected,__tpi_cp_29___aig_not_11904,__tpi_cp_29___aig_not_11904,__tpi_cp_29___aig_not_11904,sa1,1
198,__tpi_not_test_en->__tpi_cp_105___aig_not_11906 /1 undetected,input_edge,__tpi_not_test_en,__tpi_cp_105___aig_not_11906,__tpi_cp_105___aig_not_11906,1,undetected,__tpi_cp_105___aig_not_11906,__tpi_cp_105___aig_not_11906,__tpi_cp_105___aig_not_11906,sa1,1
199,test_en->__tpi_cp_280_new_n4897 /0 undetected,input_edge,test_en,__tpi_cp_280_new_n4897,__tpi_cp_280_new_n4897,0,undetected,__tpi_cp_280_new_n4897,__tpi_cp_280_new_n4897,__tpi_cp_280_new_n4897,sa0,1
200,__tpi_not_test_en->__tpi_cp_303_new_n5235 /1 undetected,input_edge,__tpi_not_test_en,__tpi_cp_303_new_n5235,__tpi_cp_303_new_n5235,1,undetected,__tpi_cp_303_new_n5235,__tpi_cp_303_new_n5235,__tpi_cp_303_new_n5235,sa1,1
201,__tpi_not_test_en->__tpi_cp_99___aig_and_11870 /1 undetected,input_edge,__tpi_not_test_en,__tpi_cp_99___aig_and_11870,__tpi_cp_99___aig_and_11870,1,undetected,__tpi_cp_99___aig_and_11870,__tpi_cp_99___aig_and_11870,__tpi_cp_99___aig_and_11870,sa1,1
202,test_en->__tpi_cp_279_new_n5570 /0 undetected,input_edge,test_en,__tpi_cp_279_new_n5570,__tpi_cp_279_new_n5570,0,undetected,__tpi_cp_279_new_n5570,__tpi_cp_279_new_n5570,__tpi_cp_279_new_n5570,sa0,1
203,__tpi_not_test_en->__tpi_cp_253___aig_not_17 /1 undetected,input_edge,__tpi_not_test_en,__tpi_cp_253___aig_not_17,__tpi_cp_253___aig_not_17,1,undetected,__tpi_cp_253___aig_not_17,__tpi_cp_253___aig_not_17,__tpi_cp_253___aig_not_17,sa1,1
204,__tpi_not_test_en->__tpi_cp_117___aig_not_16 /1 undetected,input_edge,__tpi_not_test_en,__tpi_cp_117___aig_not_16,__tpi_cp_117___aig_not_16,1,undetected,__tpi_cp_117___aig_not_16,__tpi_cp_117___aig_not_16,__tpi_cp_117___aig_not_16,sa1,1
205,test_en->__tpi_cp_298___aig_and_12 /0 undetected,input_edge,test_en,__tpi_cp_298___aig_and_12,__tpi_cp_298___aig_and_12,0,undetected,__tpi_cp_298___aig_and_12,__tpi_cp_298___aig_and_12,__tpi_cp_298___aig_and_12,sa0,1
206,__tpi_not_test_en->__tpi_cp_299___buf_split_10 /1 undetected,input_edge,__tpi_not_test_en,__tpi_cp_299___buf_split_10,__tpi_cp_299___buf_split_10,1,undetected,__tpi_cp_299___buf_split_10,__tpi_cp_299___buf_split_10,__tpi_cp_299___buf_split_10,sa1,1
207,__tpi_cp_299___buf_split_10 /1 undetected,output,,__tpi_cp_299___buf_split_10,__tpi_cp_299___buf_split_10,1,undetected,__tpi_cp_299___buf_split_10,__tpi_cp_299___buf_split_10,__tpi_cp_299___buf_split_10,sa1,1
208,__buf_split_10 /1 undetected,output,,__buf_split_10,__buf_split_10,1,undetected,__buf_split_10,__buf_split_10,__buf_split_10,sa1,1
209,__tpi_not_test_en->__tpi_cp_235_new_n5214 /1 undetected,input_edge,__tpi_not_test_en,__tpi_cp_235_new_n5214,__tpi_cp_235_new_n5214,1,undetected,__tpi_cp_235_new_n5214,__tpi_cp_235_new_n5214,__tpi_cp_235_new_n5214,sa1,1
210,test_en->__tpi_cp_251_new_n5569 /0 undetected,input_edge,test_en,__tpi_cp_251_new_n5569,__tpi_cp_251_new_n5569,0,undetected,__tpi_cp_251_new_n5569,__tpi_cp_251_new_n5569,__tpi_cp_251_new_n5569,sa0,1
211,test_en->__tpi_cp_225___aig_and_12653 /0 undetected,input_edge,test_en,__tpi_cp_225___aig_and_12653,__tpi_cp_225___aig_and_12653,0,undetected,__tpi_cp_225___aig_and_12653,__tpi_cp_225___aig_and_12653,__tpi_cp_225___aig_and_12653,sa0,1
212,__tpi_not_test_en->__tpi_cp_265___buf_split_7453 /1 undetected,input_edge,__tpi_not_test_en,__tpi_cp_265___buf_split_7453,__tpi_cp_265___buf_split_7453,1,undetected,__tpi_cp_265___buf_split_7453,__tpi_cp_265___buf_split_7453,__tpi_cp_265___buf_split_7453,sa1,1
213,__tpi_not_test_en->__tpi_cp_233___aig_and_11821 /1 undetected,input_edge,__tpi_not_test_en,__tpi_cp_233___aig_and_11821,__tpi_cp_233___aig_and_11821,1,undetected,__tpi_cp_233___aig_and_11821,__tpi_cp_233___aig_and_11821,__tpi_cp_233___aig_and_11821,sa1,1
214,__tpi_not_test_en->__tpi_cp_245___aig_not_11820 /1 undetected,input_edge,__tpi_not_test_en,__tpi_cp_245___aig_not_11820,__tpi_cp_245___aig_not_11820,1,undetected,__tpi_cp_245___aig_not_11820,__tpi_cp_245___aig_not_11820,__tpi_cp_245___aig_not_11820,sa1,1
215,test_en->__tpi_cp_61___aig_and_11818 /0 undetected,input_edge,test_en,__tpi_cp_61___aig_and_11818,__tpi_cp_61___aig_and_11818,0,undetected,__tpi_cp_61___aig_and_11818,__tpi_cp_61___aig_and_11818,__tpi_cp_61___aig_and_11818,sa0,1
216,__tpi_not_test_en->__tpi_cp_69___aig_not_11819 /1 undetected,input_edge,__tpi_not_test_en,__tpi_cp_69___aig_not_11819,__tpi_cp_69___aig_not_11819,1,undetected,__tpi_cp_69___aig_not_11819,__tpi_cp_69___aig_not_11819,__tpi_cp_69___aig_not_11819,sa1,1
217,test_en->__tpi_cp_178_new_n5210 /0 undetected,input_edge,test_en,__tpi_cp_178_new_n5210,__tpi_cp_178_new_n5210,0,undetected,__tpi_cp_178_new_n5210,__tpi_cp_178_new_n5210,__tpi_cp_178_new_n5210,sa0,1
218,test_en->__tpi_cp_296___aig_and_11811 /0 undetected,input_edge,test_en,__tpi_cp_296___aig_and_11811,__tpi_cp_296___aig_and_11811,0,undetected,__tpi_cp_296___aig_and_11811,__tpi_cp_296___aig_and_11811,__tpi_cp_296___aig_and_11811,sa0,1
219,__tpi_not_test_en->__tpi_cp_234___buf_split_6966 /1 undetected,input_edge,__tpi_not_test_en,__tpi_cp_234___buf_split_6966,__tpi_cp_234___buf_split_6966,1,undetected,__tpi_cp_234___buf_split_6966,__tpi_cp_234___buf_split_6966,__tpi_cp_234___buf_split_6966,sa1,1
220,__tpi_not_test_en->__tpi_cp_121___buf_split_6539 /1 undetected,input_edge,__tpi_not_test_en,__tpi_cp_121___buf_split_6539,__tpi_cp_121___buf_split_6539,1,undetected,__tpi_cp_121___buf_split_6539,__tpi_cp_121___buf_split_6539,__tpi_cp_121___buf_split_6539,sa1,1
221,__tpi_not_test_en->__tpi_cp_103___aig_and_11867 /1 undetected,input_edge,__tpi_not_test_en,__tpi_cp_103___aig_and_11867,__tpi_cp_103___aig_and_11867,1,undetected,__tpi_cp_103___aig_and_11867,__tpi_cp_103___aig_and_11867,__tpi_cp_103___aig_and_11867,sa1,1
222,__tpi_not_test_en->__tpi_cp_126___aig_not_12634 /1 undetected,input_edge,__tpi_not_test_en,__tpi_cp_126___aig_not_12634,__tpi_cp_126___aig_not_12634,1,undetected,__tpi_cp_126___aig_not_12634,__tpi_cp_126___aig_not_12634,__tpi_cp_126___aig_not_12634,sa1,1
223,__tpi_not_test_en->__tpi_cp_217___buf_split_7444 /1 undetected,input_edge,__tpi_not_test_en,__tpi_cp_217___buf_split_7444,__tpi_cp_217___buf_split_7444,1,undetected,__tpi_cp_217___buf_split_7444,__tpi_cp_217___buf_split_7444,__tpi_cp_217___buf_split_7444,sa1,1
224,test_en->__tpi_cp_297_new_n4899 /0 undetected,input_edge,test_en,__tpi_cp_297_new_n4899,__tpi_cp_297_new_n4899,0,undetected,__tpi_cp_297_new_n4899,__tpi_cp_297_new_n4899,__tpi_cp_297_new_n4899,sa0,1
225,__tpi_not_test_en->__tpi_cp_292_asqrt_63_ /1 undetected,input_edge,__tpi_not_test_en,__tpi_cp_292_asqrt_63_,__tpi_cp_292_asqrt_63_,1,undetected,__tpi_cp_292_asqrt_63_,__tpi_cp_292_asqrt_63_,__tpi_cp_292_asqrt_63_,sa1,1
226,test_en->__tpi_cp_60___aig_and_11080 /0 undetected,input_edge,test_en,__tpi_cp_60___aig_and_11080,__tpi_cp_60___aig_and_11080,0,undetected,__tpi_cp_60___aig_and_11080,__tpi_cp_60___aig_and_11080,__tpi_cp_60___aig_and_11080,sa0,1
227,__tpi_not_test_en->__tpi_cp_70___aig_not_11081 /1 undetected,input_edge,__tpi_not_test_en,__tpi_cp_70___aig_not_11081,__tpi_cp_70___aig_not_11081,1,undetected,__tpi_cp_70___aig_not_11081,__tpi_cp_70___aig_not_11081,__tpi_cp_70___aig_not_11081,sa1,1
228,__tpi_not_test_en->__tpi_cp_260___aig_not_11048 /1 undetected,input_edge,__tpi_not_test_en,__tpi_cp_260___aig_not_11048,__tpi_cp_260___aig_not_11048,1,undetected,__tpi_cp_260___aig_not_11048,__tpi_cp_260___aig_not_11048,__tpi_cp_260___aig_not_11048,sa1,1
229,__tpi_not_test_en->__tpi_cp_73___aig_not_11047 /1 undetected,input_edge,__tpi_not_test_en,__tpi_cp_73___aig_not_11047,__tpi_cp_73___aig_not_11047,1,undetected,__tpi_cp_73___aig_not_11047,__tpi_cp_73___aig_not_11047,__tpi_cp_73___aig_not_11047,sa1,1
230,__tpi_not_test_en->__tpi_cp_8___aig_not_8 /1 undetected,input_edge,__tpi_not_test_en,__tpi_cp_8___aig_not_8,__tpi_cp_8___aig_not_8,1,undetected,__tpi_cp_8___aig_not_8,__tpi_cp_8___aig_not_8,__tpi_cp_8___aig_not_8,sa1,1
231,__tpi_not_test_en->__tpi_cp_171___aig_and_5 /1 undetected,input_edge,__tpi_not_test_en,__tpi_cp_171___aig_and_5,__tpi_cp_171___aig_and_5,1,undetected,__tpi_cp_171___aig_and_5,__tpi_cp_171___aig_and_5,__tpi_cp_171___aig_and_5,sa1,1
232,__buf_split_5->__aig_and_5 /1 undetected,input_edge,__buf_split_5,__aig_and_5,__aig_and_5,1,undetected,__aig_and_5,__aig_and_5,__aig_and_5,sa1,1
233,__buf_split_6->__aig_and_5 /1 undetected,input_edge,__buf_split_6,__aig_and_5,__aig_and_5,1,undetected,__aig_and_5,__aig_and_5,__aig_and_5,sa1,1
234,__tpi_not_test_en->__tpi_cp_148___aig_not_7 /1 undetected,input_edge,__tpi_not_test_en,__tpi_cp_148___aig_not_7,__tpi_cp_148___aig_not_7,1,undetected,__tpi_cp_148___aig_not_7,__tpi_cp_148___aig_not_7,__tpi_cp_148___aig_not_7,sa1,1
235,test_en->__tpi_cp_122___aig_and_4 /0 undetected,input_edge,test_en,__tpi_cp_122___aig_and_4,__tpi_cp_122___aig_and_4,0,undetected,__tpi_cp_122___aig_and_4,__tpi_cp_122___aig_and_4,__tpi_cp_122___aig_and_4,sa0,1
236,__tpi_not_test_en->__tpi_cp_56___aig_not_3 /1 undetected,input_edge,__tpi_not_test_en,__tpi_cp_56___aig_not_3,__tpi_cp_56___aig_not_3,1,undetected,__tpi_cp_56___aig_not_3,__tpi_cp_56___aig_not_3,__tpi_cp_56___aig_not_3,sa1,1
237,__tpi_cp_56___aig_not_3 /1 undetected,output,,__tpi_cp_56___aig_not_3,__tpi_cp_56___aig_not_3,1,undetected,__tpi_cp_56___aig_not_3,__tpi_cp_56___aig_not_3,__tpi_cp_56___aig_not_3,sa1,1
238,__aig_not_3 /1 undetected,output,,__aig_not_3,__aig_not_3,1,undetected,__aig_not_3,__aig_not_3,__aig_not_3,sa1,1
239,__tpi_not_test_en->__tpi_cp_10___aig_and_2 /1 undetected,input_edge,__tpi_not_test_en,__tpi_cp_10___aig_and_2,__tpi_cp_10___aig_and_2,1,undetected,__tpi_cp_10___aig_and_2,__tpi_cp_10___aig_and_2,__tpi_cp_10___aig_and_2,sa1,1
240,__tpi_not_test_en->__tpi_cp_177___aig_not_1 /1 undetected,input_edge,__tpi_not_test_en,__tpi_cp_177___aig_not_1,__tpi_cp_177___aig_not_1,1,undetected,__tpi_cp_177___aig_not_1,__tpi_cp_177___aig_not_1,__tpi_cp_177___aig_not_1,sa1,1
241,__tpi_cp_177___aig_not_1 /1 undetected,output,,__tpi_cp_177___aig_not_1,__tpi_cp_177___aig_not_1,1,undetected,__tpi_cp_177___aig_not_1,__tpi_cp_177___aig_not_1,__tpi_cp_177___aig_not_1,sa1,1
242,__aig_not_1 /1 undetected,output,,__aig_not_1,__aig_not_1,1,undetected,__aig_not_1,__aig_not_1,__aig_not_1,sa1,1
243,test_en->__tpi_cp_135___buf_split_2 /0 undetected,input_edge,test_en,__tpi_cp_135___buf_split_2,__tpi_cp_135___buf_split_2,0,undetected,__tpi_cp_135___buf_split_2,__tpi_cp_135___buf_split_2,__tpi_cp_135___buf_split_2,sa0,1
244,__tpi_not_test_en->__tpi_cp_203_asqrt_61_ /1 undetected,input_edge,__tpi_not_test_en,__tpi_cp_203_asqrt_61_,__tpi_cp_203_asqrt_61_,1,undetected,__tpi_cp_203_asqrt_61_,__tpi_cp_203_asqrt_61_,__tpi_cp_203_asqrt_61_,sa1,1
245,__tpi_not_test_en->__tpi_cp_172_asqrt_36_ /1 undetected,input_edge,__tpi_not_test_en,__tpi_cp_172_asqrt_36_,__tpi_cp_172_asqrt_36_,1,undetected,__tpi_cp_172_asqrt_36_,__tpi_cp_172_asqrt_36_,__tpi_cp_172_asqrt_36_,sa1,1
246,__tpi_not_test_en->__tpi_cp_67___aig_not_11037 /1 undetected,input_edge,__tpi_not_test_en,__tpi_cp_67___aig_not_11037,__tpi_cp_67___aig_not_11037,1,undetected,__tpi_cp_67___aig_not_11037,__tpi_cp_67___aig_not_11037,__tpi_cp_67___aig_not_11037,sa1,1
247,__tpi_not_test_en->__tpi_cp_255___aig_not_11036 /1 undetected,input_edge,__tpi_not_test_en,__tpi_cp_255___aig_not_11036,__tpi_cp_255___aig_not_11036,1,undetected,__tpi_cp_255___aig_not_11036,__tpi_cp_255___aig_not_11036,__tpi_cp_255___aig_not_11036,sa1,1
248,test_en->__tpi_cp_259___aig_and_73 /0 undetected,input_edge,test_en,__tpi_cp_259___aig_and_73,__tpi_cp_259___aig_and_73,0,undetected,__tpi_cp_259___aig_and_73,__tpi_cp_259___aig_and_73,__tpi_cp_259___aig_and_73,sa0,1
249,__tpi_not_test_en->__tpi_cp_64___aig_not_70 /1 undetected,input_edge,__tpi_not_test_en,__tpi_cp_64___aig_not_70,__tpi_cp_64___aig_not_70,1,undetected,__tpi_cp_64___aig_not_70,__tpi_cp_64___aig_not_70,__tpi_cp_64___aig_not_70,sa1,1
250,__tpi_not_test_en->__tpi_cp_261___aig_and_11116 /1 undetected,input_edge,__tpi_not_test_en,__tpi_cp_261___aig_and_11116,__tpi_cp_261___aig_and_11116,1,undetected,__tpi_cp_261___aig_and_11116,__tpi_cp_261___aig_and_11116,__tpi_cp_261___aig_and_11116,sa1,1
251,__tpi_not_test_en->__tpi_cp_133___aig_not_11113 /1 undetected,input_edge,__tpi_not_test_en,__tpi_cp_133___aig_not_11113,__tpi_cp_133___aig_not_11113,1,undetected,__tpi_cp_133___aig_not_11113,__tpi_cp_133___aig_not_11113,__tpi_cp_133___aig_not_11113,sa1,1
